1.0000e+01 2.3652e+03
1.2000e+01 2.1937e+03
1.4000e+01 2.0421e+03
1.5000e+01 1.9726e+03
1.7000e+01 1.8435e+03
1.8000e+01 1.7831e+03
2.0000e+01 1.6660e+03
2.2000e+01 1.5508e+03
2.4000e+01 1.4475e+03
2.7000e+01 1.3158e+03
3.0000e+01 1.2101e+03
3.2000e+01 1.1523e+03
3.5000e+01 1.0811e+03
3.7000e+01 1.0416e+03
4.0000e+01 9.9044e+02
4.2000e+01 9.6003e+02
4.5000e+01 9.1781e+02
5.0000e+01 8.5333e+02
5.5000e+01 7.8974e+02
6.0000e+01 7.3687e+02
6.5000e+01 6.9224e+02
7.0000e+01 6.5449e+02
7.5000e+01 6.2233e+02
8.0000e+01 5.9439e+02
8.5000e+01 5.6986e+02
9.0000e+01 5.4821e+02
9.5000e+01 5.2906e+02
1.0000e+02 5.1194e+02
1.0900e+02 4.8476e+02
1.1900e+02 4.5784e+02
1.3000e+02 4.3090e+02
1.4100e+02 4.0685e+02
1.4700e+02 3.9506e+02
1.5400e+02 3.8239e+02
1.6100e+02 3.7078e+02
1.6800e+02 3.6009e+02
1.8300e+02 3.3977e+02
1.9100e+02 3.3013e+02
2.0000e+02 3.2010e+02
2.1000e+02 3.0977e+02
2.2100e+02 2.9919e+02
2.3300e+02 2.8842e+02
2.4500e+02 2.7840e+02
2.5800e+02 2.6836e+02
2.7100e+02 2.5915e+02
2.8500e+02 2.5003e+02
3.0000e+02 2.4109e+02
3.2200e+02 2.2934e+02
3.4600e+02 2.1799e+02
3.7200e+02 2.0700e+02
4.0000e+02 1.9642e+02
4.2300e+02 1.8859e+02
4.4700e+02 1.8117e+02
4.7300e+02 1.7385e+02
5.0000e+02 1.6691e+02
5.2300e+02 1.6144e+02
5.4800e+02 1.5590e+02
5.7300e+02 1.5073e+02
6.0000e+02 1.4556e+02
6.4800e+02 1.3732e+02
7.0000e+02 1.2948e+02
7.4800e+02 1.2307e+02
8.0000e+02 1.1686e+02
8.4900e+02 1.1162e+02
9.0000e+02 1.0668e+02
9.4900e+02 1.0236e+02
1.0000e+03 9.8247e+01
1.0440e+03 9.4974e+01
1.0900e+03 9.1798e+01
1.1380e+03 8.8718e+01
1.1890e+03 8.5683e+01
1.2420e+03 8.2758e+01
1.2970e+03 7.9942e+01
1.3540e+03 7.7235e+01
1.4140e+03 7.4592e+01
1.4770e+03 7.2016e+01
1.5420e+03 6.9551e+01
1.6100e+03 6.7157e+01
1.6820e+03 6.4807e+01
1.7560e+03 6.2566e+01
1.8340e+03 6.0374e+01
1.9150e+03 5.8263e+01
2.0000e+03 5.6209e+01
2.1040e+03 5.3893e+01
2.2130e+03 5.1671e+01
2.3280e+03 4.9526e+01
2.4490e+03 4.7460e+01
2.5770e+03 4.5462e+01
2.7110e+03 4.3549e+01
2.8520e+03 4.1708e+01
3.0000e+03 3.9942e+01
3.2240e+03 3.7544e+01
3.4640e+03 3.5285e+01
3.7220e+03 3.3148e+01
4.0000e+03 3.1126e+01
4.2290e+03 2.9641e+01
4.4720e+03 2.8217e+01
4.7290e+03 2.6856e+01
5.0000e+03 2.5560e+01
5.2330e+03 2.4544e+01
5.4770e+03 2.3565e+01
5.7330e+03 2.2621e+01
6.0000e+03 2.1715e+01
6.4810e+03 2.0259e+01
7.0000e+03 1.8896e+01
7.4830e+03 1.7787e+01
8.0000e+03 1.6739e+01
8.4850e+03 1.5866e+01
9.0000e+03 1.5035e+01
9.4870e+03 1.4328e+01
1.0000e+04 1.3654e+01
1.0443e+04 1.2937e+01
1.0905e+04 1.2438e+01
1.1388e+04 1.1959e+01
1.1892e+04 1.1497e+01
1.2418e+04 1.1053e+01
1.2968e+04 1.0626e+01
1.3542e+04 1.0215e+01
1.4142e+04 9.8193e+00
1.4768e+04 9.4394e+00
1.5422e+04 9.0740e+00
1.6105e+04 8.7228e+00
1.6818e+04 8.3854e+00
1.7563e+04 8.0609e+00
1.8340e+04 7.7496e+00
1.9152e+04 7.4503e+00
2.0000e+04 7.1628e+00
2.1040e+04 6.8409e+00
2.2134e+04 6.5338e+00
2.3285e+04 6.2409e+00
2.4495e+04 5.9618e+00
2.5768e+04 5.6958e+00
2.7108e+04 5.4420e+00
2.8517e+04 5.2002e+00
3.0000e+04 4.9697e+00
3.2237e+04 4.6613e+00
3.4641e+04 4.3734e+00
3.7224e+04 4.1047e+00
4.0000e+04 3.8539e+00
4.2295e+04 3.6710e+00
4.4721e+04 3.4977e+00
4.7287e+04 3.3336e+00
5.0000e+04 3.1781e+00
5.2332e+04 3.0571e+00
5.4772e+04 2.9415e+00
5.7326e+04 2.8309e+00
6.0000e+04 2.7251e+00
6.2357e+04 2.6392e+00
6.4807e+04 2.5566e+00
6.7353e+04 2.4770e+00
7.0000e+04 2.4004e+00
7.4833e+04 2.2744e+00
8.0000e+04 2.1564e+00
8.4853e+04 2.0585e+00
9.0000e+04 1.9663e+00
9.4868e+04 1.8882e+00
1.0000e+05 1.8141e+00
1.0466e+05 1.7530e+00
1.0954e+05 1.6947e+00
1.1465e+05 1.6389e+00
1.2000e+05 1.5857e+00
1.2472e+05 1.5425e+00
1.2962e+05 1.5009e+00
1.3471e+05 1.4610e+00
1.4000e+05 1.4226e+00
1.4967e+05 1.3595e+00
1.6000e+05 1.3006e+00
1.6971e+05 1.2519e+00
1.8000e+05 1.2062e+00
1.8974e+05 1.1675e+00
2.0000e+05 1.1310e+00
2.0976e+05 1.0997e+00
2.2000e+05 1.0698e+00
2.2978e+05 1.0439e+00
2.4000e+05 1.0191e+00
2.4980e+05 9.9727e-01
2.6000e+05 9.7634e-01
2.6982e+05 9.5772e-01
2.8000e+05 9.3981e-01
2.8983e+05 9.2375e-01
3.0000e+05 9.0825e-01
3.0984e+05 8.9425e-01
3.2000e+05 8.8073e-01
3.2985e+05 8.6844e-01
3.4000e+05 8.5655e-01
3.6000e+05 8.3518e-01
3.8000e+05 8.1618e-01
4.0000e+05 7.9919e-01
4.2000e+05 7.8389e-01
4.4000e+05 7.7006e-01
4.6000e+05 7.5748e-01
4.8000e+05 7.4601e-01
5.0000e+05 7.3552e-01
