0.964635696448 20000 260
260
0.964635696448  0
1.00237446725  1.67867502899e-32
1.04158966572  1.11983697286e-31
1.08233905309  2.20692596377e-31
1.12468265038  3.33654438046e-31
1.16868282675  4.51035607208e-31
1.21440439138  5.73008998134e-31
1.26191468896  6.9975426912e-31
1.31128369884  8.31458107106e-31
1.36258413812  9.68314502659e-31
1.41589156877  1.1105250357e-30
1.47128450892  1.25829917242e-30
1.52884454851  1.41185457382e-30
1.58865646945  1.57141741629e-30
1.65080837054  1.73722272476e-30
1.71539179718  1.90951471889e-30
1.78250187627  2.08854717276e-30
1.85223745626  2.27458378869e-30
1.9247012528  2.46789858563e-30
2  5.67753711934e-29
2.07824460767  4.30700935654e-28
2.15955032466  8.71121085044e-28
2.2440369086  1.32877148533e-27
2.33182880236  1.80432622363e-27
2.42305531726  2.29848575889e-27
2.51785082359  2.81197795364e-27
2.61635494852  3.34555914604e-27
2.71871278176  3.90001526397e-27
2.82507508925  4.47616298262e-27
2.93559853524  5.07485092736e-27
3.05044591308  2.4143314069e-26
3.16978638492  6.72012660876e-26
3.29379573097  1.12020545179e-25
3.42265660832  1.58593257725e-25
3.55655882008  2.06988002081e-25
3.69569959484  2.5727606033e-25
3.84028387728  3.09531503273e-25
3.99052462994  4.28482346517e-25
4.14664314697  1.04234442836e-24
4.30886938006  1.78197757633e-24
4.47744227714  2.55054687704e-24
4.65261013431  3.34918437946e-24
4.83463096161  4.17906642089e-24
5.02377286302  5.5421569854e-24
5.22031443137  8.81416218306e-24
5.42454515866  1.23887264827e-23
5.63676586253  1.61031359729e-23
5.85728912925  1.99628617198e-23
6.08643977422  2.47030939265e-23
6.32455532034  3.0777445985e-23
6.5719864952  3.71036182077e-23
6.82909774767  4.36772848622e-23
7.09626778467  5.02710727259e-23
7.37389012904  5.67269207454e-23
7.66237369911  6.34291433896e-23
7.96214341107  7.02872189718e-23
8.27364080478  7.63409190251e-23
8.59732469416  8.23526360691e-23
8.93367184302  8.85317493155e-23
9.28317766723  9.39625865837e-23
9.64635696448  9.92784268982e-23
10.0237446725  1.04628791582e-22
10.4158966572  1.09385112918e-22
10.8233905309  1.1422262859e-22
11.2468265038  1.18635127823e-22
11.6868282675  1.22772746799e-22
12.1440439138  1.2684481692e-22
12.6191468896  1.30632589012e-22
13.1128369884  1.34385940297e-22
13.6258413812  1.37839670856e-22
14.1589156877  1.4119863235e-22
14.7128450892  1.44262309034e-22
15.2884454851  1.4721613831e-22
15.8865646945  1.500511464e-22
16.5080837054  1.52729436839e-22
17.1539179718  1.55302095237e-22
17.8250187627  1.57649658906e-22
18.5223745626  1.59994674187e-22
19.247012528  1.62416273325e-22
20  1.64932611001e-22
20.7824460767  1.67547393605e-22
21.5955032466  1.70264472527e-22
22.440369086  1.73087849837e-22
23.3182880236  1.76021684172e-22
24.2305531726  1.78590460899e-22
25.1785082359  1.79689122553e-22
26.1635494852  1.80681909878e-22
27.1871278176  1.81572558065e-22
28.2507508925  1.82364655443e-22
29.3559853524  1.8306164928e-22
30.5044591308  1.83666851423e-22
31.6978638492  1.84183443782e-22
32.9379573097  1.84614483669e-22
34.2265660832  1.84962908999e-22
35.5655882008  1.85231543356e-22
36.9569959484  1.85423100942e-22
38.4028387728  1.85540191405e-22
39.9052462994  1.8558532457e-22
41.4664314697  1.85560915064e-22
43.0886938006  1.85469286856e-22
44.7744227714  1.85312677718e-22
46.5261013431  1.85093243618e-22
48.3463096161  1.84813063045e-22
50.2377286302  1.84474141287e-22
52.2031443137  1.84078414671e-22
54.2454515866  1.83627754764e-22
56.3676586253  1.83123972555e-22
58.5728912925  1.82568822626e-22
60.8643977422  1.8196400732e-22
63.2455532034  1.81311180921e-22
65.719864952  1.80611953843e-22
68.2909774767  1.79867896861e-22
70.9626778467  1.79080545371e-22
73.7389012904  1.78251403701e-22
76.6237369911  1.77381949479e-22
79.6214341107  1.76473638063e-22
82.7364080478  1.7552790705e-22
85.9732469416  1.74546180856e-22
89.3367184302  1.73529875383e-22
92.8317766723  1.72480402773e-22
96.4635696448  1.71399176241e-22
100.237446725  1.70287614999e-22
104.158966572  1.69147149251e-22
108.233905309  1.67979225261e-22
112.468265038  1.66785310467e-22
116.868282675  1.65566898627e-22
121.440439138  1.64325514975e-22
126.191468896  1.6306272134e-22
131.128369884  1.61780121194e-22
136.258413812  1.60479364576e-22
141.589156877  1.59162152823e-22
147.128450892  1.57830243048e-22
152.884454851  1.56485452258e-22
158.865646945  1.55129661036e-22
165.080837054  1.53764816661e-22
171.539179718  1.52392935545e-22
178.250187627  1.51016104856e-22
185.223745626  1.49636483177e-22
192.47012528  1.4825630004e-22
200  1.46877854188e-22
207.824460767  1.45503510381e-22
215.955032466  1.44135694612e-22
224.40369086  1.42776887559e-22
233.182880236  1.41429616155e-22
242.305531726  1.40096443163e-22
251.785082359  1.38779954685e-22
261.635494852  1.37482745577e-22
271.871278176  1.36207402801e-22
282.507508925  1.34956486791e-22
293.559853524  1.3373251102e-22
305.044591308  1.32622733006e-22
316.978638492  1.31457846198e-22
329.379573097  1.30327034482e-22
342.265660832  1.29232382451e-22
355.655882008  1.28175809733e-22
369.569959484  1.27159047533e-22
384.028387728  1.26183616579e-22
399.052462994  1.25250807085e-22
414.664314697  1.2436166138e-22
430.886938006  1.23516959748e-22
447.744227714  1.22717210009e-22
465.261013431  1.21962641258e-22
483.463096161  1.21253202062e-22
502.377286302  1.20588563342e-22
522.031443137  1.19968125997e-22
542.454515866  1.19391033274e-22
563.676586253  1.18856187758e-22
585.728912925  1.18362272845e-22
608.643977422  1.17907778556e-22
632.455532034  1.17491031644e-22
657.19864952  1.17110230241e-22
682.909774767  1.16763483837e-22
709.626778467  1.16448860808e-22
737.389012904  1.16164449807e-22
766.237369911  1.15911448827e-22
796.214341107  1.1570635548e-22
827.364080478  1.15551350622e-22
859.732469416  1.154455533e-22
893.367184302  1.14929123725e-22
928.317766723  1.14958423065e-22
964.635696448  1.15029605702e-22
1002.37446725  1.15143123266e-22
1041.58966572  1.15299294352e-22
1082.33905309  1.15498301914e-22
1124.68265038  1.15740192058e-22
1168.68282675  1.16024874251e-22
1214.40439138  1.16352122933e-22
1261.91468896  1.16721580523e-22
1311.28369884  1.17132761719e-22
1362.58413812  1.17585059021e-22
1415.89156877  1.19435292569e-22
1471.28450892  1.20598551594e-22
1528.84454851  1.21662267748e-22
1588.65646945  1.22637678184e-22
1650.80837054  1.23534638642e-22
1715.39179718  1.24361861408e-22
1782.50187627  1.2512710241e-22
1852.23745626  1.25837309785e-22
1924.7012528  1.26498742947e-22
2000  1.2711706879e-22
2078.24460767  1.27697439982e-22
2159.55032466  1.28244559113e-22
2244.0369086  1.28618199999e-22
2331.82880236  1.29045276013e-22
2423.05531726  1.29428142981e-22
2517.85082359  1.29770226432e-22
2616.35494852  1.30074647878e-22
2718.71278176  1.3034426146e-22
2825.07508925  1.30581685137e-22
2935.59853524  1.30789327349e-22
3050.44591308  1.30969409893e-22
3169.78638492  1.31123987625e-22
3293.79573097  1.3125496549e-22
3422.65660832  1.31364113274e-22
3556.55882008  1.31453078421e-22
3695.69959484  1.31523397193e-22
3840.28387728  1.31576504417e-22
3990.52462994  1.31613742007e-22
4146.64314697  1.31636366439e-22
4308.86938006  1.31645555315e-22
4477.44227714  1.31642413154e-22
4652.61013431  1.31627976504e-22
4834.63096161  1.31603218477e-22
5023.77286302  1.31569052783e-22
5220.31443137  1.31526337335e-22
5424.54515866  1.31475877483e-22
5636.76586253  1.31418428942e-22
5857.28912925  1.31354700439e-22
6086.43977422  1.31285356137e-22
6324.55532034  1.31211017868e-22
6571.9864952  1.31132267196e-22
6829.09774767  1.31049647344e-22
7096.26778467  1.30963665e-22
7373.89012904  1.30874792031e-22
7662.37369911  1.30783467107e-22
7962.14341107  1.30690097259e-22
8273.64080478  1.30595059374e-22
8597.32469416  1.30498701638e-22
8933.67184302  1.30401344935e-22
9283.17766723  1.30303284205e-22
9646.35696448  1.30204789768e-22
10023.7446725  1.30106108608e-22
10415.8966572  1.3000746563e-22
10823.3905309  1.29909064883e-22
11246.8265038  1.29811090754e-22
11686.8282675  1.29713709127e-22
12144.0439138  1.29617068513e-22
12619.1468896  1.29521301146e-22
13112.8369884  1.29426524046e-22
13625.8413812  1.29332840048e-22
14158.9156877  1.29240338792e-22
14712.8450892  1.29149097677e-22
15288.4454851  1.29059182781e-22
15886.5646945  1.28970649742e-22
16508.0837054  1.28883544592e-22
17153.9179718  1.2879790456e-22
17825.0187627  1.28713758837e-22
18522.3745626  1.28631129289e-22
19247.012528  1.28550031145e-22
20000  1.28470473634e-22

