0.964635696448 20 80
80
0.964635696448  0
1.00237446725  1.20371004109e-34
1.04158966572  8.02989849343e-34
1.08233905309  1.58249744391e-33
1.12468265038  2.39250117144e-33
1.16868282675  3.2341941109e-33
1.21440439138  4.10881601727e-33
1.26191468896  5.01765514761e-33
1.31128369884  5.96205015854e-33
1.36258413812  6.94339207803e-33
1.41589156877  7.96312635426e-33
1.47128450892  9.02275498467e-33
1.52884454851  1.01238387283e-32
1.58865646945  1.12679994047e-32
1.65080837054  1.24569222828e-32
1.71539179718  1.36923585629e-32
1.78250187627  1.49761279565e-32
1.85223745626  1.63101213664e-32
1.9247012528  1.76963036718e-32
2  1.82524124675e-30
2.07824460767  1.43015880243e-29
2.15955032466  2.89973424456e-29
2.2440369086  4.42680286364e-29
2.33182880236  6.01361392522e-29
2.42305531726  7.66250469127e-29
2.51785082359  9.37590386287e-29
2.61635494852  1.11563351574e-28
2.71871278176  1.30064210261e-28
2.82507508925  1.49288865162e-28
2.93559853524  1.69265632853e-28
3.05044591308  1.77878625247e-27
3.16978638492  5.45320870938e-27
3.29379573097  9.27799779828e-27
3.42265660832  1.3252421448e-26
3.55655882008  1.73823337074e-26
3.69569959484  2.16738176489e-26
3.84028387728  2.61331943291e-26
3.99052462994  4.21963518312e-26
4.14664314697  1.4555800985e-25
4.30886938006  2.70952212093e-25
4.47744227714  4.01252124414e-25
4.65261013431  5.36649669495e-25
4.83463096161  6.77344278473e-25
5.02377286302  1.02438287061e-24
5.22031443137  2.12924568336e-24
5.42454515866  3.34734285671e-24
5.63676586253  4.61309479777e-24
5.85728912925  5.92836587085e-24
6.08643977422  8.3493960569e-24
6.32455532034  1.25252364231e-23
6.5719864952  1.68849350588e-23
6.82909774767  2.14151951491e-23
7.09626778467  2.67746695183e-23
7.37389012904  3.34326829895e-23
7.66237369911  4.03682061033e-23
7.96214341107  4.75337200922e-23
8.27364080478  5.45625829978e-23
8.59732469416  6.17580464353e-23
8.93367184302  6.91707084996e-23
9.28317766723  7.59343403735e-23
9.64635696448  8.26519818855e-23
10.0237446725  8.94073767059e-23
10.4158966572  9.53846344312e-23
10.8233905309  1.01460449065e-22
11.2468265038  1.07108982743e-22
11.6868282675  1.12494049824e-22
12.1440439138  1.17769149953e-22
12.6191468896  1.22625181286e-22
13.1128369884  1.27419906406e-22
13.6258413812  1.31788860566e-22
14.1589156877  1.36087503604e-22
14.7128450892  1.40122199866e-22
15.2884454851  1.439950897e-22
15.8865646945  1.47685482217e-22
16.5080837054  1.51106682678e-22
17.1539179718  1.54407163532e-22
17.8250187627  1.57518366935e-22
18.5223745626  1.60796409852e-22
19.247012528  1.64246944667e-22
20  1.67832472354e-22

