0.964635696448 20 80
80
0.964635696448  0
1.00237446725  3.06854500735e-40
1.04158966572  2.04701332467e-39
1.08233905309  4.03416476136e-39
1.12468265038  6.09905814031e-39
1.16868282675  8.24473490542e-39
1.21440439138  1.04743554889e-38
1.26191468896  1.27912039662e-38
1.31128369884  1.51986928937e-38
1.36258413812  1.77003683344e-38
1.41589156877  2.02999150818e-38
1.47128450892  2.30011620869e-38
1.52884454851  2.58080880981e-38
1.58865646945  2.87248275215e-38
1.65080837054  3.17556765108e-38
1.71539179718  3.49050992952e-38
1.78250187627  3.81777347547e-38
1.85223745626  4.15784032529e-38
1.9247012528  4.51121137374e-38
2  2.01120147098e-34
2.07824460767  1.58993344393e-33
2.15955032466  3.22582425377e-33
2.2440369086  4.92571488091e-33
2.33182880236  6.69210914566e-33
2.42305531726  8.52760882352e-33
2.51785082359  1.04349174775e-32
2.61635494852  1.24168444401e-32
2.71871278176  1.44763089515e-32
2.82507508925  1.66163444593e-32
2.93559853524  1.88401030864e-32
3.05044591308  1.71771778925e-30
3.16978638492  5.62083330266e-30
3.29379573097  9.68371128832e-30
3.42265660832  1.3905538421e-29
3.55655882008  1.82925331575e-29
3.69569959484  2.28511572349e-29
3.84028387728  2.75881251887e-29
3.99052462994  9.40822970032e-29
4.14664314697  6.30085764032e-28
4.30886938006  1.28396794059e-27
4.47744227714  1.96343149433e-27
4.65261013431  2.66947722767e-27
4.83463096161  3.40314509671e-27
5.02377286302  8.48352935332e-27
5.22031443137  2.9763839399e-26
5.42454515866  5.33818763951e-26
5.63676586253  7.79239054104e-26
5.85728912925  1.03426075142e-25
6.08643977422  2.37604789098e-25
6.32455532034  5.46582852617e-25
6.5719864952  8.69741526947e-25
6.82909774767  1.20554291312e-24
7.09626778467  2.13254577183e-24
7.37389012904  4.06123314333e-24
7.66237369911  6.08047698998e-24
7.96214341107  8.41123033287e-24
8.27364080478  1.31782807294e-23
8.59732469416  1.8741385903e-23
8.93367184302  2.46106222662e-23
9.28317766723  3.20016811337e-23
9.64635696448  4.010931231e-23
10.0237446725  4.84856113834e-23
10.4158966572  5.6964867849e-23
10.8233905309  6.57436107202e-23
11.2468265038  7.42197243645e-23
11.6868282675  8.25567669008e-23
12.1440439138  9.08172115011e-23
12.6191468896  9.86152003639e-23
13.1128369884  1.06373701669e-22
13.6258413812  1.13589800661e-22
14.1589156877  1.2070318579e-22
14.7128450892  1.27390815284e-22
15.2884454851  1.33802520659e-22
15.8865646945  1.39905583786e-22
16.5080837054  1.45592707934e-22
17.1539179718  1.51093818605e-22
17.8250187627  1.56290223261e-22
18.5223745626  1.61811442142e-22
19.247012528  1.67636908058e-22
20  1.73690279621e-22

