0.964635696448 20 80
80
0.964635696448  0
1.00237446725  1.35318313176e-34
1.04158966572  9.02702712461e-34
1.08233905309  1.77900721442e-33
1.12468265038  2.68959476734e-33
1.16868282675  3.63580660319e-33
1.21440439138  4.61903642597e-33
1.26191468896  5.64073246461e-33
1.31128369884  6.70239960611e-33
1.36258413812  7.80560161208e-33
1.41589156877  8.95196342213e-33
1.47128450892  1.01431735472e-32
1.52884454851  1.13809865567e-32
1.58865646945  1.26672256629e-32
1.65080837054  1.40037854062e-32
1.71539179718  1.53926344459e-32
1.78250187627  1.68358184597e-32
1.85223745626  1.83354631569e-32
1.9247012528  1.98937774097e-32
2  2.00853271365e-30
2.07824460767  1.57346547541e-29
2.15955032466  3.19025010031e-29
2.2440369086  4.87028706454e-29
2.33182880236  6.61605094534e-29
2.42305531726  8.43011313111e-29
2.51785082359  1.03151456089e-28
2.61635494852  1.22739249e-28
2.71871278176  1.43093361497e-28
2.82507508925  1.64243773767e-28
2.93559853524  1.86221638892e-28
3.05044591308  1.92276576732e-27
3.16978638492  5.88661810815e-27
3.29379573097  1.00126804456e-26
3.42265660832  1.43001638475e-26
3.55655882008  1.87553834778e-26
3.69569959484  2.3384901564e-26
3.84028387728  2.81955370635e-26
3.99052462994  4.54760065447e-26
4.14664314697  1.56565790641e-25
4.30886938006  2.91331927803e-25
4.47744227714  4.31370426729e-25
4.65261013431  5.76887554359e-25
4.83463096161  7.28097647269e-25
5.02377286302  1.10282068431e-24
5.22031443137  2.29854918894e-24
5.42454515866  3.61690835725e-24
5.63676586253  4.98684477352e-24
5.85728912925  6.41037625849e-24
6.08643977422  8.99617257783e-24
6.32455532034  1.34255294111e-23
6.5719864952  1.80496785063e-23
6.82909774767  2.28547349673e-23
7.09626778467  2.84450940895e-23
7.37389012904  3.52517342287e-23
7.66237369911  4.23402705896e-23
7.96214341107  4.96537651027e-23
8.27364080478  5.6725260878e-23
8.59732469416  6.39361376379e-23
8.93367184302  7.13636959523e-23
9.28317766723  7.81264505023e-23
9.64635696448  8.48377702463e-23
10.0237446725  9.15867029902e-23
10.4158966572  9.75577414982e-23
10.8233905309  1.03627357326e-22
11.2468265038  1.09302371249e-22
11.6868282675  1.14738938481e-22
12.1440439138  1.2005613554e-22
12.6191468896  1.24933638864e-22
13.1128369884  1.2976136103e-22
13.6258413812  1.34194012854e-22
14.1589156877  1.38558457053e-22
14.7128450892  1.4265755097e-22
15.2884454851  1.46564855912e-22
15.8865646945  1.50259255709e-22
16.5080837054  1.53690457786e-22
17.1539179718  1.57006312144e-22
17.8250187627  1.60140206274e-22
18.5223745626  1.63196522732e-22
19.247012528  1.66329545345e-22
20  1.6958513902e-22

