0.964635696448 20 80
80
0.964635696448  0
1.00237446725  3.80898350527e-27
1.04158966572  2.4976983065e-26
1.08233905309  4.90754990576e-26
1.12468265038  7.41168045149e-26
1.16868282675  1.00137783533e-25
1.21440439138  1.27176763198e-25
1.26191468896  1.55273570041e-25
1.31128369884  1.84469588697e-25
1.36258413812  2.14807822867e-25
1.41589156877  2.46332958652e-25
1.47128450892  2.79091430377e-25
1.52884454851  3.13131488986e-25
1.58865646945  3.48503273111e-25
1.65080837054  3.85258882921e-25
1.71539179718  4.23452456867e-25
1.78250187627  4.63140251416e-25
1.85223745626  5.04380723922e-25
1.9247012528  5.47234618725e-25
2  7.09304657266e-25
2.07824460767  1.56742884843e-24
2.15955032466  2.57179650068e-24
2.2440369086  3.61545732939e-24
2.33182880236  4.69994857415e-24
2.42305531726  5.82686761488e-24
2.51785082359  6.99787432473e-24
2.61635494852  8.21469351487e-24
2.71871278176  9.47911747508e-24
2.82507508925  1.07930086136e-23
2.93559853524  1.21583022005e-23
3.05044591308  1.44810089967e-23
3.16978638492  1.80336781663e-23
3.29379573097  2.17290997123e-23
3.42265660832  2.55690946627e-23
3.55655882008  2.95593190624e-23
3.69569959484  3.37056502333e-23
3.84028387728  3.80141954322e-23
3.99052462994  4.24435577799e-23
4.14664314697  4.66841648837e-23
4.30886938006  5.10155306955e-23
4.47744227714  5.55163495166e-23
4.65261013431  6.01932507392e-23
4.83463096161  6.50531231124e-23
5.02377286302  6.97699721324e-23
5.22031443137  7.34367982023e-23
5.42454515866  7.71309471011e-23
5.63676586253  8.09696196155e-23
5.85728912925  8.49584698424e-23
6.08643977422  8.86502052415e-23
6.32455532034  9.17728165255e-23
6.5719864952  9.50087844974e-23
6.82909774767  9.83713509914e-23
7.09626778467  1.0146455012e-22
7.37389012904  1.04009192775e-22
7.66237369911  1.06642913811e-22
7.96214341107  1.09316037966e-22
8.27364080478  1.11451928214e-22
8.59732469416  1.13504555321e-22
8.93367184302  1.15614326184e-22
9.28317766723  1.17468437163e-22
9.64635696448  1.19283220574e-22
10.0237446725  1.21104983064e-22
10.4158966572  1.22701489659e-22
10.8233905309  1.2432155957e-22
11.2468265038  1.25748485139e-22
11.6868282675  1.27044352189e-22
12.1440439138  1.28274077296e-22
12.6191468896  1.29324006803e-22
13.1128369884  1.30355176125e-22
13.6258413812  1.31286016683e-22
14.1589156877  1.3219655924e-22
14.7128450892  1.33040751274e-22
15.2884454851  1.33830367769e-22
15.8865646945  1.34558080823e-22
16.5080837054  1.35190327786e-22
17.1539179718  1.35767430227e-22
17.8250187627  1.36263166474e-22
18.5223745626  1.40313907921e-22
19.247012528  1.45757152781e-22
20  1.5141334992e-22

