0.000141589156877 20000 490
490
0.000141589156877  0
0.000147128450892  3.20394256255e-69
0.000152884454851  1.81700781995e-66
0.000158865646945  5.23211335068e-66
0.000165080837054  8.78082567762e-66
0.000171539179718  1.24683718064e-65
0.000178250187627  1.63001832353e-65
0.000185223745626  2.02819039551e-65
0.00019247012528  2.44193987628e-65
0.0002  2.87187618994e-65
0.000207824460767  3.31863260269e-65
0.000215955032466  3.78286715556e-65
0.00022440369086  4.26526363366e-65
0.000233182880236  4.76653257335e-65
0.000242305531726  5.2874123088e-65
0.000251785082359  5.82867005952e-65
0.000261635494852  6.39110306041e-65
0.000271871278176  6.97553973606e-65
0.000282507508925  7.5828409209e-65
0.000293559853524  8.21390112721e-65
0.000305044591308  1.75780405729e-58
0.000316978638492  5.47510853683e-58
0.000329379573097  9.33849886989e-58
0.000342265660832  1.33530339334e-57
0.000355655882008  1.75246268574e-57
0.000369569959484  2.18594221073e-57
0.000384028387728  2.6363804534e-57
0.000399052462994  3.10444087786e-57
0.000414664314697  3.59081290446e-57
0.000430886938006  4.09621292526e-57
0.000447744227714  1.85972900879e-54
0.000465261013431  1.96885586689e-53
0.000483463096161  4.18673410333e-53
0.000502377286302  6.49138084602e-53
0.000522031443137  8.8861906788e-53
0.000542454515866  1.13746909895e-52
0.000563676586253  1.39605471654e-52
0.000585728912925  1.66475679923e-52
0.000608643977422  1.61772496674e-50
0.000632455532034  5.4495644373e-50
0.00065719864952  9.44362921039e-50
0.000682909774767  1.35939509991e-49
0.000709626778467  1.79066429378e-49
0.000737389012904  2.75604177905e-49
0.000766237369911  5.89220172737e-48
0.000796214341107  1.54474019467e-47
0.000827364080478  2.53764236122e-47
0.000859732469416  3.56938914801e-47
0.000893367184302  8.76561163984e-47
0.000928317766723  6.19732609878e-46
0.000964635696448  1.30950989713e-45
0.00100237446725  2.026272861e-45
0.00104158966572  3.89981637839e-45
0.00108233905309  2.01629466324e-44
0.00112468265038  4.14082600007e-44
0.00116868282675  6.34847389738e-44
0.00121440439138  2.0551350668e-43
0.00126191468896  5.54282702413e-43
0.00131128369884  9.19981680846e-43
0.00136258413812  2.34210458056e-42
0.00141589156877  6.05206941445e-42
0.00147128450892  1.09393201667e-40
0.00152884454851  5.6391676594e-38
0.00158865646945  1.62358859707e-37
0.00165080837054  2.72471723154e-37
0.00171539179718  3.86892455501e-37
0.00178250187627  5.05789590504e-37
0.00185223745626  6.29338255348e-37
0.0019247012528  7.57720428596e-37
0.002  8.91125208233e-37
0.00207824460767  1.02974909019e-36
0.00215955032466  1.17379625778e-36
0.0022440369086  1.32347888242e-36
0.00233182880236  1.47901743619e-36
0.00242305531726  1.64064101651e-36
0.00251785082359  1.80858768365e-36
0.00261635494852  1.98310481133e-36
0.00271871278176  2.16444945111e-36
0.00282507508925  2.35288871097e-36
0.00293559853524  2.54870014882e-36
0.00305044591308  2.39505904729e-35
0.00316978638492  6.89912591788e-35
0.00329379573097  1.15801937793e-34
0.00342265660832  1.64443957999e-34
0.00355655882008  2.14988966098e-34
0.00369569959484  2.67511411362e-34
0.00384028387728  3.22088655687e-34
0.00399052462994  3.78801087547e-34
0.00414664314697  4.37732240398e-34
0.00430886938006  4.98968915716e-34
0.00447744227714  6.86799132692e-34
0.00465261013431  1.94650888461e-33
0.00483463096161  3.50002954905e-33
0.00502377286302  5.11432752095e-33
0.00522031443137  6.79178054858e-33
0.00542454515866  8.53485940324e-33
0.00563676586253  1.03461315184e-32
0.00585728912925  1.22282647717e-32
0.00608643977422  1.98969441505e-32
0.00632455532034  3.56153858046e-32
0.0065719864952  5.19927875541e-32
0.00682909774767  6.90109109909e-32
0.00709626778467  8.66948226234e-32
0.00737389012904  1.05422129343e-31
0.00766237369911  1.62375668013e-31
0.00796214341107  2.4683410516e-31
0.00827364080478  3.34596750947e-31
0.00859732469416  4.25792873627e-31
0.00893367184302  5.32653213728e-31
0.00928317766723  7.8392004106e-31
0.00964635696448  1.0851666138e-30
0.0100237446725  1.39819864649e-30
0.0104158966572  1.74887916355e-30
0.0108233905309  2.43546309172e-30
0.0112468265038  3.2467117163e-30
0.0116868282675  4.08969825605e-30
0.0121440439138  5.28030344979e-30
0.0126191468896  7.0490276131e-30
0.0131128369884  8.89562784197e-30
0.0136258413812  1.12616618984e-29
0.0141589156877  1.46781388887e-29
0.0147128450892  1.82625579095e-29
0.0152884454851  2.31747690864e-29
0.0158865646945  2.92829683848e-29
0.0165080837054  3.61179884656e-29
0.0171539179718  4.55425512537e-29
0.0178250187627  5.59226147707e-29
0.0185223745626  7.14065256522e-29
0.019247012528  8.91606741304e-29
0.02  1.076094058e-28
0.0207824460767  1.2728456609e-28
0.0215955032466  1.56999790123e-28
0.022440369086  1.91355619859e-28
0.0233182880236  2.27055528805e-28
0.0242305531726  2.70105032252e-28
0.0251785082359  3.27274885181e-28
0.0261635494852  3.87073165612e-28
0.0271871278176  4.55720343298e-28
0.0282507508925  5.44250426081e-28
0.0293559853524  6.37164271222e-28
0.0305044591308  7.48436970588e-28
0.0316978638492  8.799002133e-28
0.0329379573097  1.02103814488e-27
0.0342265660832  1.19504490265e-27
0.0355655882008  1.38158906673e-27
0.0369569959484  1.60409547017e-27
0.0384028387728  1.84834167661e-27
0.0399052462994  2.13206123522e-27
0.0414664314697  2.44564166119e-27
0.0430886938006  2.80716792507e-27
0.0447744227714  3.20831719825e-27
0.0465261013431  3.70204091183e-27
0.0483463096161  4.23274008493e-27
0.0502377286302  4.78420143232e-27
0.0522031443137  5.37127616658e-27
0.0542454515866  6.11143681569e-27
0.0563676586253  6.91231954472e-27
0.0585728912925  7.74453465121e-27
0.0608643977422  8.69351042915e-27
0.0632455532034  9.7938356652e-27
0.065719864952  1.09378569464e-26
0.0682909774767  1.2202751815e-26
0.0709626778467  1.36490476083e-26
0.0737389012904  1.51554280614e-26
0.0766237369911  1.68423351544e-26
0.0796214341107  1.86772117019e-26
0.0827364080478  2.06174447758e-26
0.0859732469416  2.27612629295e-26
0.0893367184302  2.5008434121e-26
0.0928317766723  2.7424940497e-26
0.0964635696448  2.99599116252e-26
0.100237446725  3.26058659652e-26
0.104158966572  3.53537683279e-26
0.108233905309  3.81317175795e-26
0.112468265038  4.09589403344e-26
0.116868282675  4.37124691992e-26
0.121440439138  4.64047858803e-26
0.126191468896  4.89415117114e-26
0.131128369884  5.12182634077e-26
0.136258413812  5.32677492121e-26
0.141589156877  5.49572847255e-26
0.147128450892  5.6235324212e-26
0.152884454851  5.71666465821e-26
0.158865646945  5.75909846603e-26
0.165080837054  5.75715155762e-26
0.171539179718  5.7096735578e-26
0.178250187627  5.62460684682e-26
0.185223745626  5.50685746101e-26
0.19247012528  5.35797073958e-26
0.2  5.18442964824e-26
0.207824460767  4.99183701729e-26
0.215955032466  4.78548703591e-26
0.22440369086  4.57051133697e-26
0.233182880236  4.35190246951e-26
0.242305531726  4.13061273864e-26
0.251785082359  3.91158606481e-26
0.261635494852  3.69804089737e-26
0.271871278176  3.48832270259e-26
0.282507508925  3.28708682243e-26
0.293559853524  3.09486227414e-26
0.305044591308  2.91530175561e-26
0.316978638492  2.74482411919e-26
0.329379573097  2.57232532502e-26
0.342265660832  2.42113018139e-26
0.355655882008  2.26957325378e-26
0.369569959484  2.13325886856e-26
0.384028387728  2.00114005193e-26
0.399052462994  1.88008836435e-26
0.414664314697  1.76430994993e-26
0.430886938006  1.65834888818e-26
0.447744227714  1.55643685901e-26
0.465261013431  1.46387084384e-26
0.483463096161  1.37482299169e-26
0.502377286302  1.29294981616e-26
0.522031443137  1.21646272128e-26
0.542454515866  1.14395376492e-26
0.563676586253  1.07677009287e-26
0.585728912925  1.01406067328e-26
0.608643977422  9.54939575731e-27
0.632455532034  8.99670763571e-27
0.65719864952  8.48044640266e-27
0.682909774767  7.99704182445e-27
0.709626778467  7.54412673134e-27
0.737389012904  7.11978565596e-27
0.766237369911  6.73841391649e-27
0.796214341107  6.37083987719e-27
0.827364080478  6.00539408408e-27
0.859732469416  5.68843566035e-27
0.893367184302  5.36943106548e-27
0.928317766723  5.08695601278e-27
0.964635696448  4.80941980125e-27
1.00237446725  4.55873405413e-27
1.04158966572  4.3152639316e-27
1.08233905309  4.09434516584e-27
1.12468265038  3.87988020715e-27
1.16868282675  3.68454385504e-27
1.21440439138  3.49688629475e-27
1.26191468896  3.32220184572e-27
1.31128369884  3.15948562481e-27
1.36258413812  3.00433515039e-27
1.41589156877  2.85965419993e-27
1.47128450892  2.72436496424e-27
1.52884454851  2.60080791154e-27
1.58865646945  2.48359701633e-27
1.65080837054  2.36604445577e-27
1.71539179718  2.26409352664e-27
1.78250187627  2.16170597216e-27
1.85223745626  2.07057514377e-27
1.9247012528  1.9816629439e-27
2  1.90092029327e-27
2.07824460767  1.82309018089e-27
2.15955032466  1.75230454684e-27
2.2440369086  1.68392315562e-27
2.33182880236  1.62196847638e-27
2.42305531726  1.56246452796e-27
2.51785082359  1.5075620102e-27
2.61635494852  1.45666246263e-27
2.71871278176  1.40848694756e-27
2.82507508925  1.3640196433e-27
2.93559853524  1.32281166635e-27
3.05044591308  2.81913840441e-24
3.16978638492  1.19243178942e-23
3.29379573097  1.51708851495e-23
3.42265660832  1.7168505078e-23
3.55655882008  1.88078676645e-23
3.69569959484  2.04211468816e-23
3.84028387728  2.2169057133e-23
3.99052462994  2.41038224906e-23
4.14664314697  2.6179074287e-23
4.30886938006  2.82769334193e-23
4.47744227714  3.02475715291e-23
4.65261013431  3.19923789499e-23
4.83463096161  3.35060608251e-23
5.02377286302  3.48286055558e-23
5.22031443137  3.60625912088e-23
5.42454515866  3.73234023416e-23
5.63676586253  3.87067637559e-23
5.85728912925  4.02760473668e-23
6.08643977422  4.20610178199e-23
6.32455532034  4.40084106475e-23
6.5719864952  4.60740507736e-23
6.82909774767  4.8154115941e-23
7.09626778467  5.01321981568e-23
7.37389012904  5.18944111739e-23
7.66237369911  5.33441044039e-23
7.96214341107  5.44135969828e-23
8.27364080478  5.50708083494e-23
8.59732469416  5.53168289535e-23
8.93367184302  5.51789928179e-23
9.28317766723  5.4700409192e-23
9.64635696448  5.39311694538e-23
10.0237446725  5.2923406309e-23
10.4158966572  5.17237728341e-23
10.8233905309  5.0380622322e-23
11.2468265038  4.8934055814e-23
11.6868282675  4.74188473001e-23
12.1440439138  4.58972664174e-23
12.6191468896  4.4386653626e-23
13.1128369884  4.28178815208e-23
13.6258413812  4.12840312025e-23
14.1589156877  3.98875611939e-23
14.7128450892  3.84425862172e-23
15.2884454851  3.70144200865e-23
15.8865646945  3.55900180397e-23
16.5080837054  3.44253858841e-23
17.1539179718  3.39363763834e-23
17.8250187627  3.35724652393e-23
18.5223745626  3.32600811074e-23
19.247012528  3.29581972826e-23
20  3.26445030671e-23
20.7824460767  3.23185364112e-23
21.5955032466  3.19798171888e-23
22.440369086  3.162784649e-23
23.3182880236  3.12621058865e-23
24.2305531726  3.09051483093e-23
25.1785082359  3.06109687351e-23
26.1635494852  3.03146688493e-23
27.1871278176  3.00162573951e-23
28.2507508925  2.97157439653e-23
29.3559853524  2.94131391272e-23
30.5044591308  2.91084545555e-23
31.6978638492  2.88017031706e-23
32.9379573097  2.84928992846e-23
34.2265660832  2.81820587558e-23
35.5655882008  2.78691991502e-23
36.9569959484  2.75543399125e-23
38.4028387728  2.7237502546e-23
39.9052462994  2.69187108023e-23
41.4664314697  2.65979908813e-23
43.0886938006  2.6275371641e-23
44.7744227714  2.59508848196e-23
46.5261013431  2.56245652678e-23
48.3463096161  2.52964511936e-23
50.2377286302  2.49665844194e-23
52.2031443137  2.46350106503e-23
54.2454515866  2.43017797564e-23
56.3676586253  2.39669460668e-23
58.5728912925  2.36305686761e-23
60.8643977422  2.32927117642e-23
63.2455532034  2.29534449266e-23
65.719864952  2.2612843518e-23
68.2909774767  2.22709890049e-23
70.9626778467  2.19279693296e-23
73.7389012904  2.15838792812e-23
76.6237369911  2.12388208745e-23
79.6214341107  2.08929037333e-23
82.7364080478  2.05462454761e-23
85.9732469416  2.01989721017e-23
89.3367184302  1.98512183706e-23
92.8317766723  1.95031281791e-23
96.4635696448  1.91548549211e-23
100.237446725  1.88065618321e-23
104.158966572  1.84584223109e-23
108.233905309  1.81106202105e-23
112.468265038  1.77633500927e-23
116.868282675  1.74168174378e-23
121.440439138  1.70712387999e-23
126.191468896  1.67268418996e-23
131.128369884  1.63838656434e-23
136.258413812  1.60425600595e-23
141.589156877  1.57031861384e-23
147.128450892  1.53660155679e-23
152.884454851  1.50313303505e-23
158.865646945  1.4699422292e-23
165.080837054  1.43705923512e-23
171.539179718  1.40451498403e-23
178.250187627  1.37234114672e-23
185.223745626  1.34057002129e-23
192.47012528  1.30923440391e-23
200  1.27836744233e-23
207.824460767  1.24800247211e-23
215.955032466  1.21817283617e-23
224.40369086  1.1889116882e-23
233.182880236  1.16025178128e-23
242.305531726  1.1322252434e-23
251.785082359  1.10486334176e-23
261.635494852  1.07819623879e-23
271.871278176  1.05225274253e-23
282.507508925  1.02706005511e-23
293.559853524  1.00264352293e-23
305.044591308  9.79811146618e-24
316.978638492  9.56987375735e-24
329.379573097  9.35003842747e-24
342.265660832  9.13876029191e-24
355.655882008  8.9361648939e-24
369.569959484  8.74234699801e-24
384.028387728  8.55736938537e-24
399.052462994  8.38126197968e-24
414.664314697  8.21402132694e-24
430.886938006  8.05561044501e-24
447.744227714  7.90595905171e-24
465.261013431  7.76496417325e-24
483.463096161  7.63249112745e-24
502.377286302  7.50837487015e-24
522.031443137  7.39242168826e-24
542.454515866  7.28441121897e-24
563.676586253  7.18409877375e-24
585.728912925  7.09121794702e-24
608.643977422  7.00548349542e-24
632.455532034  6.92659448609e-24
657.19864952  6.85423773681e-24
682.909774767  6.78809162089e-24
709.626778467  6.72783042462e-24
737.389012904  6.67312978972e-24
766.237369911  6.62396464103e-24
796.214341107  6.58145134924e-24
827.364080478  6.5455303133e-24
859.732469416  6.51595360543e-24
893.367184302  6.41473061308e-24
928.317766723  6.403789243e-24
964.635696448  6.39775670633e-24
1002.37446725  6.39670329309e-24
1041.58966572  6.40069422653e-24
1082.33905309  6.40978938849e-24
1124.68265038  6.42404306024e-24
1168.68282675  6.44350368081e-24
1214.40439138  6.4682136246e-24
1261.91468896  6.49820900019e-24
1311.28369884  6.5335194719e-24
1362.58413812  6.57416810553e-24
1415.89156877  6.73650784597e-24
1471.28450892  6.84212220782e-24
1528.84454851  6.94262800052e-24
1588.65646945  7.03856666237e-24
1650.80837054  7.13045459265e-24
1715.39179718  7.21878425908e-24
1782.50187627  7.3040251614e-24
1852.23745626  7.38662467347e-24
1924.7012528  7.46700878265e-24
2000  7.54558274244e-24
2078.24460767  7.62273165234e-24
2159.55032466  7.69882097686e-24
2244.0369086  7.74360711039e-24
2331.82880236  7.80440951555e-24
2423.05531726  7.86022046625e-24
2517.85082359  7.91131559881e-24
2616.35494852  7.95795476043e-24
2718.71278176  8.00038339461e-24
2825.07508925  8.03883377891e-24
2935.59853524  8.07352612832e-24
3050.44591308  8.10466957617e-24
3169.78638492  8.13246304374e-24
3293.79573097  8.15709600878e-24
3422.65660832  8.17874918253e-24
3556.55882008  8.1975951044e-24
3695.69959484  8.21379866267e-24
3840.28387728  8.22751754929e-24
3990.52462994  8.23890265634e-24
4146.64314697  8.24809842108e-24
4308.86938006  8.25524312638e-24
4477.44227714  8.26046916245e-24
4652.61013431  8.26390325564e-24
4834.63096161  8.26566666948e-24
5023.77286302  8.26587538253e-24
5220.31443137  8.26464024751e-24
5424.54515866  8.26206713529e-24
5636.76586253  8.25825706718e-24
5857.28912925  8.25330633839e-24
6086.43977422  8.24730663526e-24
6324.55532034  8.24034514826e-24
6571.9864952  8.23250468265e-24
6829.09774767  8.22386376816e-24
7096.26778467  8.21449676887e-24
7373.89012904  8.20447399418e-24
7662.37369911  8.19386181142e-24
7962.14341107  8.18272276055e-24
8273.64080478  8.17111567118e-24
8597.32469416  8.15909578192e-24
8933.67184302  8.14671486198e-24
9283.17766723  8.13402133491e-24
9646.35696448  8.12106040405e-24
10023.7446725  8.1078741794e-24
10415.8966572  8.09450180557e-24
10823.3905309  8.08097959023e-24
11246.8265038  8.06734113267e-24
11686.8282675  8.05361745199e-24
12144.0439138  8.03983711444e-24
12619.1468896  8.02602635945e-24
13112.8369884  8.01220922386e-24
13625.8413812  7.99840766407e-24
14158.9156877  7.98464167554e-24
14712.8450892  7.97092940946e-24
15288.4454851  7.95728728623e-24
15886.5646945  7.94373010535e-24
16508.0837054  7.93027115174e-24
17153.9179718  7.91692229804e-24
17825.0187627  7.90369410293e-24
18522.3745626  7.89059590524e-24
19247.012528  7.87763591379e-24
20000  7.86482129302e-24

