0.964635696448 20 80
80
0.964635696448  0
1.00237446725  2.21939969108e-26
1.04158966572  1.36949105546e-25
1.08233905309  2.66198510987e-25
1.12468265038  4.00504450936e-25
1.16868282675  5.40064748676e-25
1.21440439138  6.85084966787e-25
1.26191468896  8.35778709933e-25
1.31128369884  9.92367939485e-25
1.36258413812  1.15508330045e-24
1.41589156877  1.32416446121e-24
1.47128450892  1.49986046651e-24
1.52884454851  1.68243010432e-24
1.58865646945  1.87214228696e-24
1.65080837054  2.06927644726e-24
1.71539179718  2.27412295007e-24
1.78250187627  2.48698352e-24
1.85223745626  2.70817168583e-24
1.9247012528  2.93801324228e-24
2  3.4036515894e-24
2.07824460767  5.2183807601e-24
2.15955032466  7.32151799063e-24
2.2440369086  9.5069347949e-24
2.33182880236  1.17778501394e-23
2.42305531726  1.4137608924e-23
2.51785082359  1.65896869087e-23
2.61635494852  1.91376958334e-23
2.71871278176  2.17853887374e-23
2.82507508925  2.45366654877e-23
2.93559853524  2.73955785229e-23
3.05044591308  3.06901179089e-23
3.16978638492  3.45215279014e-23
3.29379573097  3.85041795234e-23
3.42265660832  4.26426416522e-23
3.55655882008  4.69430099538e-23
3.69569959484  5.14116185707e-23
3.84028387728  5.60550494517e-23
3.99052462994  6.07410018554e-23
4.14664314697  6.45551606806e-23
4.30886938006  6.82995431057e-23
4.47744227714  7.21904143977e-23
4.65261013431  7.62335055386e-23
4.83463096161  8.04347717195e-23
5.02377286302  8.44694311646e-23
5.22031443137  8.74354676194e-23
5.42454515866  9.0402171292e-23
5.63676586253  9.3484939247e-23
5.85728912925  9.66883121867e-23
6.08643977422  9.95991951507e-23
6.32455532034  1.0196607413e-22
6.5719864952  1.04417430903e-22
6.82909774767  1.069646904e-22
7.09626778467  1.0934656708e-22
7.37389012904  1.1137899234e-22
7.66237369911  1.13484006721e-22
7.96214341107  1.15617672126e-22
8.27364080478  1.17293174039e-22
8.59732469416  1.18893439564e-22
8.93367184302  1.20531066351e-22
9.28317766723  1.21864113917e-22
9.64635696448  1.23127377564e-22
10.0237446725  1.24398390566e-22
10.4158966572  1.25526108695e-22
10.8233905309  1.26672792688e-22
11.2468265038  1.27724414758e-22
11.6868282675  1.28715242452e-22
12.1440439138  1.29646920128e-22
12.6191468896  1.30424058287e-22
13.1128369884  1.311614612e-22
13.6258413812  1.31757632834e-22
14.1589156877  1.32320101767e-22
14.7128450892  1.32805134159e-22
15.2884454851  1.33264300354e-22
15.8865646945  1.33696241531e-22
16.5080837054  1.34093890326e-22
17.1539179718  1.34464162933e-22
17.8250187627  1.34778687415e-22
18.5223745626  1.37098402485e-22
19.247012528  1.40202127093e-22
20  1.43427276559e-22

