0.964635696448 20 80
80
0.964635696448  0
1.00237446725  3.64369949147e-30
1.04158966572  2.43059336798e-29
1.08233905309  4.79007203385e-29
1.12468265038  7.24185894098e-29
1.16868282675  9.78956540043e-29
1.21440439138  1.24369440061e-28
1.26191468896  1.51878941619e-28
1.31128369884  1.80464678255e-28
1.36258413812  2.10168754766e-28
1.41589156877  2.41034923183e-28
1.47128450892  2.73108647218e-28
1.52884454851  3.06437169231e-28
1.58865646945  3.41069579809e-28
1.65080837054  3.77056890075e-28
1.71539179718  4.14452106828e-28
1.78250187627  4.53310310613e-28
1.85223745626  4.93688736852e-28
1.9247012528  5.35646860152e-28
2  2.58448533897e-27
2.07824460767  1.64800709714e-26
2.15955032466  3.28414752653e-26
2.2440369086  4.98429753892e-26
2.33182880236  6.75096133665e-26
2.42305531726  8.58674109225e-26
2.51785082359  1.04943407812e-25
2.61635494852  1.24765701648e-25
2.71871278176  1.45363489287e-25
2.82507508925  1.66767109831e-25
2.93559853524  1.89008089322e-25
3.05044591308  4.24526279458e-25
3.16978638492  9.36903875753e-25
3.29379573097  1.47021121407e-24
3.42265660832  2.02438276411e-24
3.55655882008  2.60023478191e-24
3.69569959484  3.19861545731e-24
3.84028387728  3.82040616331e-24
3.99052462994  4.68861265437e-24
4.14664314697  7.27492304549e-24
4.30886938006  1.03119668765e-23
4.47744227714  1.34678268591e-23
4.65261013431  1.67471513548e-23
4.83463096161  2.01547705797e-23
5.02377286302  2.40219179304e-23
5.22031443137  2.92492019267e-23
5.42454515866  3.47947025017e-23
5.63676586253  4.05571558351e-23
5.85728912925  4.65450496186e-23
6.08643977422  5.24727574389e-23
6.32455532034  5.8168739016e-23
6.5719864952  6.4081838121e-23
6.82909774767  7.02262712859e-23
7.09626778467  7.60354472451e-23
7.37389012904  8.11105194177e-23
7.66237369911  8.63691016128e-23
7.96214341107  9.17413214261e-23
8.27364080478  9.63948942264e-23
8.59732469416  1.00989100472e-22
8.93367184302  1.05705263911e-22
9.28317766723  1.0976219853e-22
9.64635696448  1.13698770754e-22
10.0237446725  1.17637642961e-22
10.4158966572  1.21027927445e-22
10.8233905309  1.24460184436e-22
11.2468265038  1.27665499978e-22
11.6868282675  1.3073306026e-22
12.1440439138  1.33707911188e-22
12.6191468896  1.36384217187e-22
13.1128369884  1.39004135653e-22
13.6258413812  1.41334303947e-22
14.1589156877  1.43617153325e-22
14.7128450892  1.457455904e-22
15.2884454851  1.47789412174e-22
15.8865646945  1.49736533665e-22
16.5080837054  1.51518245837e-22
17.1539179718  1.53212113486e-22
17.8250187627  1.54764511153e-22
18.5223745626  1.56077954204e-22
19.247012528  1.57352727426e-22
20  1.58677372714e-22

