0.964635696448 20 80
80
0.964635696448  0
1.00237446725  2.5241784265e-35
1.04158966572  1.68386869364e-34
1.08233905309  3.31849512886e-34
1.12468265038  5.01707191613e-34
1.16868282675  6.78210094056e-34
1.21440439138  8.61618196676e-34
1.26191468896  1.05220164681e-33
1.31128369884  1.25024116059e-33
1.36258413812  1.4560284364e-33
1.41589156877  1.66986658454e-33
1.47128450892  1.89207057368e-33
1.52884454851  2.1229676948e-33
1.58865646945  2.36289804324e-33
1.65080837054  2.61221501968e-33
1.71539179718  2.87128585062e-33
1.78250187627  3.14049212932e-33
1.85223745626  3.42023037785e-33
1.9247012528  3.71091263113e-33
2  5.84947618847e-31
2.07824460767  4.59780479959e-30
2.15955032466  9.32452928164e-30
2.2440369086  1.4236174115e-29
2.33182880236  1.93399738099e-29
2.42305531726  2.46434459072e-29
2.51785082359  3.01544020512e-29
2.61635494852  3.58809594959e-29
2.71871278176  4.1831553061e-29
2.82507508925  4.80149475554e-29
2.93559853524  5.4440250688e-29
3.05044591308  7.26505998263e-28
3.16978638492  2.26329375547e-27
3.29379573097  3.86297451601e-27
3.42265660832  5.5252384733e-27
3.55655882008  7.25253402618e-27
3.69569959484  9.0474053605e-27
3.84028387728  1.09124961965e-26
3.99052462994  1.87232914843e-26
4.14664314697  7.13734257731e-26
4.30886938006  1.35326555143e-25
4.47744227714  2.01781678271e-25
4.65261013431  2.70836678917e-25
4.83463096161  3.4259327028e-25
5.02377286302  5.45010485548e-25
5.22031443137  1.22913008245e-24
5.42454515866  1.98458169449e-24
5.63676586253  2.76958831402e-24
5.85728912925  3.58530620104e-24
6.08643977422  5.33861032024e-24
6.32455532034  8.58657164883e-24
6.5719864952  1.1979201957e-23
6.82909774767  1.55045597789e-23
7.09626778467  2.0048739784e-23
7.37389012904  2.62418825867e-23
7.66237369911  3.27003287506e-23
7.96214341107  3.9413170343e-23
8.27364080478  4.64060435372e-23
8.59732469416  5.36770193018e-23
8.93367184302  6.11751787186e-23
9.28317766723  6.81303228626e-23
9.64635696448  7.50809287932e-23
10.0237446725  8.20864395024e-23
10.4158966572  8.83608259782e-23
10.8233905309  9.47498719773e-23
11.2468265038  1.00689880675e-22
11.6868282675  1.06353048572e-22
12.1440439138  1.11911373525e-22
12.6191468896  1.17050482628e-22
13.1128369884  1.22129836968e-22
13.6258413812  1.26770461006e-22
14.1589156877  1.31334213867e-22
14.7128450892  1.35611485532e-22
15.2884454851  1.39723954042e-22
15.8865646945  1.43649966456e-22
16.5080837054  1.47289062221e-22
17.1539179718  1.5079670424e-22
17.8250187627  1.54095874534e-22
18.5223745626  1.57992087169e-22
19.247012528  1.62234265528e-22
20  1.66642407677e-22

