0.964635696448 20 80
80
0.964635696448  0
1.00237446725  1.37439091075e-31
1.04158966572  9.16847118333e-31
1.08233905309  1.80688128455e-30
1.12468265038  2.73173563784e-30
1.16868282675  3.69277242414e-30
1.21440439138  4.6914071836e-30
1.26191468896  5.72911083553e-30
1.31128369884  6.80741184503e-30
1.36258413812  7.92789847424e-30
1.41589156877  9.09222112181e-30
1.47128450892  1.03020947538e-29
1.52884454851  1.15593014295e-29
1.58865646945  1.28656929269e-29
1.65080837054  1.42231934693e-29
1.71539179718  1.56338025604e-29
1.78250187627  1.70995979289e-29
1.85223745626  1.86227385892e-29
1.9247012528  2.02054680213e-29
2  2.57230805578e-28
2.07824460767  1.88472542115e-27
2.15955032466  3.80152370773e-27
2.2440369086  5.79331155928e-27
2.33182880236  7.86302274033e-27
2.42305531726  1.00137057911e-26
2.51785082359  1.22485285175e-26
2.61635494852  1.45707826578e-26
2.71871278176  1.698388873e-26
2.82507508925  1.94914010712e-26
2.93559853524  2.20970130721e-26
3.05044591308  7.87769548397e-26
3.16978638492  2.05682725685e-25
3.29379573097  3.37778054954e-25
3.42265660832  4.75041257831e-25
3.55655882008  6.17674513436e-25
3.69569959484  7.65887910603e-25
3.84028387728  9.19899757328e-25
3.99052462994  1.20287865303e-24
4.14664314697  2.42921220956e-24
4.30886938006  3.89702284366e-24
4.47744227714  5.42225761137e-24
4.65261013431  7.00716307708e-24
4.83463096161  8.65407369597e-24
5.02377286302  1.08890912333e-23
5.22031443137  1.51521225386e-23
5.42454515866  1.97644787289e-23
5.63676586253  2.45572809194e-23
5.85728912925  2.95375885735e-23
6.08643977422  3.50047230704e-23
6.32455532034  4.11455021277e-23
6.5719864952  4.7532197186e-23
6.82909774767  5.41687544689e-23
7.09626778467  6.06597919052e-23
7.37389012904  6.67281253881e-23
7.66237369911  7.3023281425e-23
7.96214341107  7.94601893313e-23
8.27364080478  8.50946446709e-23
8.59732469416  9.06754978319e-23
8.93367184302  9.64098050754e-23
9.28317766723  1.0142099121e-22
9.64635696448  1.06314838975e-22
10.0237446725  1.11238567101e-22
10.4158966572  1.15606519042e-22
10.8233905309  1.20047620172e-22
11.2468265038  1.24085905914e-22
11.6868282675  1.27862143489e-22
12.1440439138  1.31543678649e-22
12.6191468896  1.34896348121e-22
13.1128369884  1.38222057486e-22
13.6258413812  1.41297321859e-22
14.1589156877  1.44291486627e-22
14.7128450892  1.47027804359e-22
15.2884454851  1.49623621233e-22
15.8865646945  1.52069393687e-22
16.5080837054  1.54372408497e-22
17.1539179718  1.56602244621e-22
17.8250187627  1.58690906001e-22
18.5223745626  1.60727068703e-22
19.247012528  1.62812125527e-22
20  1.64978754578e-22

