0.964635696448 20000 260
260
0.964635696448  0
1.00237446725  5.82904122856e-30
1.04158966572  3.8882581606e-29
1.08233905309  7.66271657486e-29
1.12468265038  1.1584840498e-28
1.16868282675  1.5660406945e-28
1.21440439138  1.98954189408e-28
1.26191468896  2.42961143626e-28
1.31128369884  2.88689751278e-28
1.36258413812  3.36207367413e-28
1.41589156877  3.85583982163e-28
1.47128450892  4.36892323838e-28
1.52884454851  4.90207966046e-28
1.58865646945  5.45609439007e-28
1.65080837054  6.03178345226e-28
1.71539179718  6.62999479686e-28
1.78250187627  7.25160954744e-28
1.85223745626  7.89754329916e-28
1.9247012528  8.56874746737e-28
2  3.57591459569e-27
2.07824460767  2.1947186127e-26
2.15955032466  4.35767564319e-26
2.2440369086  6.60525253581e-26
2.33182880236  8.94075981451e-26
2.42305531726  1.13676375186e-25
2.51785082359  1.38894602696e-25
2.61635494852  1.65099425364e-25
2.71871278176  1.92329441067e-25
2.82507508925  2.20624757718e-25
2.93559853524  2.50027052344e-25
3.05044591308  5.32626604114e-25
3.16978638492  1.14387606587e-24
3.29379573097  1.78008840415e-24
3.42265660832  2.44119083484e-24
3.55655882008  3.12815711568e-24
3.69569959484  3.84199910009e-24
3.84028387728  4.5837682275e-24
3.99052462994  5.58161830188e-24
4.14664314697  8.34034249501e-24
4.30886938006  1.15643698123e-23
4.47744227714  1.49145285059e-23
4.65261013431  1.83957531258e-23
4.83463096161  2.2013171273e-23
5.02377286302  2.60269293169e-23
5.22031443137  3.1141988973e-23
5.42454515866  3.65459871849e-23
5.63676586253  4.21614022568e-23
5.85728912925  4.79965053033e-23
6.08643977422  5.37050981391e-23
6.32455532034  5.90783711359e-23
6.5719864952  6.46549637531e-23
6.82909774767  7.0449725521e-23
7.09626778467  7.59442852354e-23
7.37389012904  8.07738245631e-23
7.66237369911  8.57785412953e-23
7.96214341107  9.08838099315e-23
8.27364080478  9.52281774998e-23
8.59732469416  9.94928133519e-23
8.93367184302  1.03876439898e-22
9.28317766723  1.07732791584e-22
9.64635696448  1.11508882601e-22
10.0237446725  1.15285845048e-22
10.4158966572  1.18530349147e-22
10.8233905309  1.21813757082e-22
11.2468265038  1.24832817432e-22
11.6868282675  1.27683827149e-22
12.1440439138  1.30476427401e-22
12.6191468896  1.33046782922e-22
13.1128369884  1.35570776407e-22
13.6258413812  1.37832574174e-22
14.1589156877  1.4002079302e-22
14.7128450892  1.4199879577e-22
15.2884454851  1.43886502045e-22
15.8865646945  1.45677375293e-22
16.5080837054  1.4735533711e-22
17.1539179718  1.48968352823e-22
17.8250187627  1.50455727482e-22
18.5223745626  1.5167218464e-22
19.247012528  1.52832318183e-22
20  1.54037838824e-22
20.7824460767  1.55290522209e-22
21.5955032466  1.56592213454e-22
22.440369086  1.5794482986e-22
23.3182880236  1.59350363735e-22
24.2305531726  1.60594317243e-22
25.1785082359  1.61157507172e-22
26.1635494852  1.61644079899e-22
27.1871278176  1.62056671789e-22
28.2507508925  1.62397815062e-22
29.3559853524  1.62669941981e-22
30.5044591308  1.62875388919e-22
31.6978638492  1.63016400324e-22
32.9379573097  1.63095132589e-22
34.2265660832  1.63113657817e-22
35.5655882008  1.63073967511e-22
36.9569959484  1.62977976176e-22
38.4028387728  1.62827524844e-22
39.9052462994  1.62624384537e-22
41.4664314697  1.62370259666e-22
43.0886938006  1.62066791375e-22
44.7744227714  1.61715560839e-22
46.5261013431  1.61318092517e-22
48.3463096161  1.60875857386e-22
50.2377286302  1.60390276131e-22
52.2031443137  1.59862722334e-22
54.2454515866  1.59294525646e-22
56.3676586253  1.58686974956e-22
58.5728912925  1.58041321577e-22
60.8643977422  1.57358782432e-22
63.2455532034  1.56640543278e-22
65.719864952  1.55887761951e-22
68.2909774767  1.55101571656e-22
70.9626778467  1.54283084306e-22
73.7389012904  1.53433393907e-22
76.6237369911  1.52553580016e-22
79.6214341107  1.51644711264e-22
82.7364080478  1.5070784895e-22
85.9732469416  1.49744050717e-22
89.3367184302  1.48754374316e-22
92.8317766723  1.47739881441e-22
96.4635696448  1.46701641663e-22
100.237446725  1.45640736433e-22
104.158966572  1.44558263167e-22
108.233905309  1.43455339397e-22
112.468265038  1.42333106967e-22
116.868282675  1.41192736273e-22
121.440439138  1.40035430504e-22
126.191468896  1.3886242987e-22
131.128369884  1.37675015765e-22
136.258413812  1.36474514829e-22
141.589156877  1.35262302853e-22
147.128450892  1.34039808459e-22
152.884454851  1.32808516482e-22
158.865646945  1.31569970973e-22
165.080837054  1.30325777715e-22
171.539179718  1.29077606165e-22
178.250187627  1.27827190683e-22
185.223745626  1.26576330932e-22
192.47012528  1.25326891319e-22
200  1.24080799326e-22
207.824460767  1.22840042603e-22
215.955032466  1.21606664677e-22
224.40369086  1.20382759156e-22
233.182880236  1.191704623e-22
242.305531726  1.17971943886e-22
251.785082359  1.16789396291e-22
261.635494852  1.15625021772e-22
271.871278176  1.14481017966e-22
282.507508925  1.13359561698e-22
293.559853524  1.12262791219e-22
305.044591308  1.11265522699e-22
316.978638492  1.10222530454e-22
329.379573097  1.09210300244e-22
342.265660832  1.08230606794e-22
355.655882008  1.07285083821e-22
369.569959484  1.06375203648e-22
384.028387728  1.05502258011e-22
399.052462994  1.04667340608e-22
414.664314697  1.03871331914e-22
430.886938006  1.03114886776e-22
447.744227714  1.02398425202e-22
465.261013431  1.01722126739e-22
483.463096161  1.01085928695e-22
502.377286302  1.00489528392e-22
522.031443137  9.99323895198e-23
542.454515866  9.94137525981e-23
563.676586253  9.8932649433e-23
585.728912925  9.84879214654e-23
608.643977422  9.8078241882e-23
632.455532034  9.77021414593e-23
657.19864952  9.73580383336e-23
682.909774767  9.70442723895e-23
709.626778467  9.67591461462e-23
737.389012904  9.65009775401e-23
766.237369911  9.62707441397e-23
796.214341107  9.60825167474e-23
827.364080478  9.59381111447e-23
859.732469416  9.58367226662e-23
893.367184302  9.53722588537e-23
928.317766723  9.53892148446e-23
964.635696448  9.54426678364e-23
1002.37446725  9.55330107953e-23
1041.58966572  9.56605238714e-23
1082.33905309  9.58253720164e-23
1124.68265038  9.6027603767e-23
1168.68282675  9.62671512192e-23
1214.40439138  9.65438311945e-23
1261.91468896  9.68573475716e-23
1311.28369884  9.7207294731e-23
1362.58413812  9.75931620392e-23
1415.89156877  9.91790046545e-23
1471.28450892  1.00176878752e-22
1528.84454851  1.01090306368e-22
1588.65646945  1.01928770054e-22
1650.80837054  1.02700607889e-22
1715.39179718  1.03413207524e-22
1782.50187627  1.04073159233e-22
1852.23745626  1.04686377827e-22
1924.7012528  1.05258200602e-22
2000  1.05793466675e-22
2078.24460767  1.0629658169e-22
2159.55032466  1.06771570935e-22
2244.0369086  1.07093705954e-22
2331.82880236  1.07464469869e-22
2423.05531726  1.07797000784e-22
2517.85082359  1.08094244009e-22
2616.35494852  1.0835888502e-22
2718.71278176  1.08593380608e-22
2825.07508925  1.08799985416e-22
2935.59853524  1.08980774652e-22
3050.44591308  1.09137663589e-22
3169.78638492  1.09272424383e-22
3293.79573097  1.09386700613e-22
3422.65660832  1.09482019885e-22
3556.55882008  1.09559804791e-22
3695.69959484  1.09621382456e-22
3840.28387728  1.09667992876e-22
3990.52462994  1.09700796213e-22
4146.64314697  1.09720879191e-22
4308.86938006  1.09729260719e-22
4477.44227714  1.09726896848e-22
4652.61013431  1.09714685146e-22
4834.63096161  1.09693468584e-22
5023.77286302  1.09664038987e-22
5220.31443137  1.09627140122e-22
5424.54515866  1.09583470468e-22
5636.76586253  1.09533685716e-22
5857.28912925  1.09478401044e-22
6086.43977422  1.09418193189e-22
6324.55532034  1.09353602357e-22
6571.9864952  1.0928513399e-22
6829.09774767  1.0921326042e-22
7096.26778467  1.09138422416e-22
7373.89012904  1.09061030651e-22
7662.37369911  1.08981467098e-22
7962.14341107  1.08900086364e-22
8273.64080478  1.08817216973e-22
8597.32469416  1.08733162612e-22
8933.67184302  1.08648203324e-22
9283.17766723  1.08562596683e-22
9646.35696448  1.0847657893e-22
10023.7446725  1.08390366076e-22
10415.8966572  1.08304154988e-22
10823.3905309  1.08218124442e-22
11246.8265038  1.08132436151e-22
11686.8282675  1.08047235762e-22
12144.0439138  1.07962653838e-22
12619.1468896  1.07878806794e-22
13112.8369884  1.07795797824e-22
13625.8413812  1.07713717781e-22
14158.9156877  1.07632646037e-22
14712.8450892  1.07552651311e-22
15288.4454851  1.07473792455e-22
15886.5646945  1.07396119222e-22
16508.0837054  1.07319672986e-22
17153.9179718  1.0724448744e-22
17825.0187627  1.0717058925e-22
18522.3745626  1.07097998682e-22
19247.012528  1.0702673019e-22
20000  1.06956792976e-22

