0.632455532034 20000 271
271
0.632455532034  0
0.65719864952  2.99055508696e-25
0.682909774767  1.25399015519e-24
0.709626778467  2.27788473516e-24
0.737389012904  3.34294006731e-24
0.766237369911  4.44966281776e-24
0.796214341107  5.59968311192e-24
0.827364080478  6.79469484945e-24
0.859732469416  8.03645819926e-24
0.893367184302  9.32680219213e-24
0.928317766723  1.06676274147e-23
0.964635696448  1.20609088091e-23
1.00237446725  1.35086985677e-23
1.04158966572  1.50131291332e-23
1.08233905309  1.65764164803e-23
1.12468265038  1.820086323e-23
1.16868282675  1.9888862079e-23
1.21440439138  2.16428993318e-23
1.26191468896  2.3465558563e-23
1.31128369884  2.53595244225e-23
1.36258413812  2.73275865897e-23
1.41589156877  2.9372643883e-23
1.47128450892  3.14977085291e-23
1.52884454851  3.37059105999e-23
1.58865646945  3.60005026231e-23
1.65080837054  3.83848643726e-23
1.71539179718  4.08625078469e-23
1.78250187627  4.3437082442e-23
1.85223745626  4.61123803267e-23
1.9247012528  4.8892342028e-23
2  5.16084820836e-23
2.07824460767  5.341819635e-23
2.15955032466  5.51332781102e-23
2.2440369086  5.691545782e-23
2.33182880236  5.8767360506e-23
2.42305531726  6.06917138915e-23
2.51785082359  6.26913524148e-23
2.61635494852  6.47692214041e-23
2.71871278176  6.69283814152e-23
2.82507508925  6.91720127403e-23
2.93559853524  7.15034200919e-23
3.05044591308  7.33461340341e-23
3.16978638492  7.45302268557e-23
3.29379573097  7.57582297073e-23
3.42265660832  7.70342748597e-23
3.55655882008  7.83602418381e-23
3.69569959484  7.97380836996e-23
3.84028387728  8.1169829909e-23
3.99052462994  8.25889595124e-23
4.14664314697  8.35431795835e-23
4.30886938006  8.44267133232e-23
4.47744227714  8.53448129383e-23
4.65261013431  8.62988307255e-23
4.83463096161  8.72901718864e-23
5.02377286302  8.83345304967e-23
5.22031443137  8.94724930737e-23
5.42454515866  9.06599370837e-23
5.63676586253  9.1893836639e-23
5.85728912925  9.31760091877e-23
6.08643977422  9.43396221326e-23
6.32455532034  9.52830917532e-23
6.5719864952  9.62601930792e-23
6.82909774767  9.72755208602e-23
7.09626778467  9.81278388144e-23
7.37389012904  9.86749214737e-23
7.66237369911  9.92381109495e-23
7.96214341107  9.97935380683e-23
8.27364080478  1.00070176554e-22
8.59732469416  1.00279525141e-22
8.93367184302  1.00487134993e-22
9.28317766723  1.00557875996e-22
9.64635696448  1.00583426475e-22
10.0237446725  1.00595971244e-22
10.4158966572  1.00544136531e-22
10.8233905309  1.00482014347e-22
11.2468265038  1.00402141266e-22
11.6868282675  1.00307982087e-22
12.1440439138  1.00211858801e-22
12.6191468896  1.00115329217e-22
13.1128369884  1.00013711161e-22
13.6258413812  9.99044641588e-23
14.1589156877  9.97808047375e-23
14.7128450892  9.9631758092e-23
15.2884454851  9.94495701673e-23
15.8865646945  9.92313887335e-23
16.5080837054  9.89716989874e-23
17.1539179718  9.86841584973e-23
17.8250187627  9.83673392678e-23
18.5223745626  9.84574053603e-23
19.247012528  9.86923116453e-23
20  9.89364080054e-23
20.7824460767  9.91900539775e-23
21.5955032466  9.94536231644e-23
22.440369086  9.9727503785e-23
23.3182880236  1.00012099247e-22
24.2305531726  1.00120552538e-22
25.1785082359  9.96579155829e-23
26.1635494852  9.91781465241e-23
27.1871278176  9.86816700582e-23
28.2507508925  9.8168893823e-23
29.3559853524  9.76402092968e-23
30.5044591308  9.70959926902e-23
31.6978638492  9.65366058335e-23
32.9379573097  9.59623970594e-23
34.2265660832  9.53737020863e-23
35.5655882008  9.4770844902e-23
36.9569959484  9.41541386522e-23
38.4028387728  9.35238865355e-23
39.9052462994  9.28803827078e-23
41.4664314697  9.22239131985e-23
43.0886938006  9.15547568425e-23
44.7744227714  9.087318623e-23
46.5261013431  9.01794686774e-23
48.3463096161  8.94738672231e-23
50.2377286302  8.87566416505e-23
52.2031443137  8.80280495427e-23
54.2454515866  8.72883473714e-23
56.3676586253  8.65377916236e-23
58.5728912925  8.57766399706e-23
60.8643977422  8.50051524807e-23
63.2455532034  8.42235928812e-23
65.719864952  8.34322298711e-23
68.2909774767  8.26313384885e-23
70.9626778467  8.18212015356e-23
73.7389012904  8.10021110627e-23
76.6237369911  8.01743699142e-23
79.6214341107  7.93382933368e-23
82.7364080478  7.84942106515e-23
85.9732469416  7.76424669884e-23
89.3367184302  7.67834250822e-23
92.8317766723  7.59174671262e-23
96.4635696448  7.50449966805e-23
100.237446725  7.41664406262e-23
104.158966572  7.32822511587e-23
108.233905309  7.23929078069e-23
112.468265038  7.14989194658e-23
116.868282675  7.0600826423e-23
121.440439138  6.96992023581e-23
126.191468896  6.87946562898e-23
131.128369884  6.78878344399e-23
136.258413812  6.69794219785e-23
141.589156877  6.60701446111e-23
147.128450892  6.51607699603e-23
152.884454851  6.42521086916e-23
158.865646945  6.33450153261e-23
165.080837054  6.24403886775e-23
171.539179718  6.15391718482e-23
178.250187627  6.06423517114e-23
185.223745626  5.97509578095e-23
192.47012528  5.88660605919e-23
200  5.79887689214e-23
207.824460767  5.71202267802e-23
215.955032466  5.62616091117e-23
224.40369086  5.54141167485e-23
233.182880236  5.45789703868e-23
242.305531726  5.37574035885e-23
251.785082359  5.29506548125e-23
261.635494852  5.21599585045e-23
271.871278176  5.13865353027e-23
282.507508925  5.06315814517e-23
293.559853524  4.98962575487e-23
305.044591308  4.92259225345e-23
316.978638492  4.85319379979e-23
329.379573097  4.78607944218e-23
342.265660832  4.72133845097e-23
355.655882008  4.65905059311e-23
369.569959484  4.59928505323e-23
384.028387728  4.5420994558e-23
399.052462994  4.48753901585e-23
414.664314697  4.43563584385e-23
430.886938006  4.38640842719e-23
447.744227714  4.33986130676e-23
465.261013431  4.29598496248e-23
483.463096161  4.25475591644e-23
502.377286302  4.21613705733e-23
522.031443137  4.18007818461e-23
542.454515866  4.14651676708e-23
563.676586253  4.11537890744e-23
585.728912925  4.08658050341e-23
608.643977422  4.0600285981e-23
632.455532034  4.03562291818e-23
657.19864952  4.01325761282e-23
682.909774767  3.99282323559e-23
709.626778467  3.97420908079e-23
737.389012904  3.95730618816e-23
766.237369911  3.94216004932e-23
796.214341107  3.92957214014e-23
827.364080478  3.9196351176e-23
859.732469416  3.91229151737e-23
893.367184302  3.88291030605e-23
928.317766723  3.88269539366e-23
964.635696448  3.8846595188e-23
1002.37446725  3.88882558262e-23
1041.58966572  3.89521101123e-23
1082.33905309  3.90382760976e-23
1124.68265038  3.9146814647e-23
1168.68282675  3.92777289593e-23
1214.40439138  3.94309645957e-23
1261.91468896  3.96064100132e-23
1311.28369884  3.9803897592e-23
1362.58413812  4.00232051383e-23
1415.89156877  4.09431196747e-23
1471.28450892  4.15241402677e-23
1528.84454851  4.20582759785e-23
1588.65646945  4.25505404122e-23
1650.80837054  4.30054066506e-23
1715.39179718  4.34268902993e-23
1782.50187627  4.3818616278e-23
1852.23745626  4.41838729716e-23
1924.7012528  4.45256564502e-23
2000  4.48467068178e-23
2078.24460767  4.51495382696e-23
2159.55032466  4.54364640817e-23
2244.0369086  4.56284011835e-23
2331.82880236  4.58524779806e-23
2423.05531726  4.6053647693e-23
2517.85082359  4.62336198114e-23
2616.35494852  4.6393961012e-23
2718.71278176  4.6536111344e-23
2825.07508925  4.66613981469e-23
2935.59853524  4.67710480592e-23
3050.44591308  4.68661974131e-23
3169.78638492  4.69479012592e-23
3293.79573097  4.70171412204e-23
3422.65660832  4.70748323426e-23
3556.55882008  4.71218290818e-23
3695.69959484  4.71589305478e-23
3840.28387728  4.71868851029e-23
3990.52462994  4.72063944044e-23
4146.64314697  4.72181169637e-23
4308.86938006  4.72226712872e-23
4477.44227714  4.72206386547e-23
4652.61013431  4.72125655833e-23
4834.63096161  4.71989660214e-23
5023.77286302  4.71803233074e-23
5220.31443137  4.71570919281e-23
5424.54515866  4.7129699104e-23
5636.76586253  4.70985462267e-23
5857.28912925  4.70640101705e-23
6086.43977422  4.70264444976e-23
6324.55532034  4.69861805715e-23
6571.9864952  4.69435285946e-23
6829.09774767  4.68987785818e-23
7096.26778467  4.6852201279e-23
7373.89012904  4.6804049037e-23
7662.37369911  4.67545566465e-23
7962.14341107  4.67039421408e-23
8273.64080478  4.6652407571e-23
8597.32469416  4.66001397574e-23
8933.67184302  4.65473110195e-23
9283.17766723  4.64940798873e-23
9646.35696448  4.64405917955e-23
10023.7446725  4.63869797615e-23
10415.8966572  4.63333650469e-23
10823.3905309  4.62798578039e-23
11246.8265038  4.62265577063e-23
11686.8282675  4.61735545639e-23
12144.0439138  4.61209289205e-23
12619.1468896  4.60687526354e-23
13112.8369884  4.60170894467e-23
13625.8413812  4.59659955165e-23
14158.9156877  4.59155199574e-23
14712.8450892  4.5865705339e-23
15288.4454851  4.58165881753e-23
15886.5646945  4.57681993905e-23
16508.0837054  4.57205647655e-23
17153.9179718  4.56737053618e-23
17825.0187627  4.56276379259e-23
18522.3745626  4.55823752713e-23
19247.012528  4.55379266402e-23
20000  4.54942980442e-23

