1.9247012528 20000 242
242
1.9247012528  0
2  4.75716406425e-40
2.07824460767  3.76151228343e-39
2.15955032466  7.63187054571e-39
2.2440369086  1.16536461399e-38
2.33182880236  1.58327628608e-38
2.42305531726  2.01753762558e-38
2.51785082359  2.46878826915e-38
2.61635494852  2.93769287751e-38
2.71871278176  3.42494211442e-38
2.82507508925  3.93125366403e-38
2.93559853524  4.45737328791e-38
3.05044591308  6.85233303855e-35
3.16978638492  2.25961494007e-34
3.29379573097  3.89844087614e-34
3.42265660832  5.60138145842e-34
3.55655882008  7.37094499958e-34
3.69569959484  9.20973794324e-34
3.84028387728  1.11204687031e-33
3.99052462994  1.86917164802e-32
4.14664314697  1.68762530063e-31
4.30886938006  3.52060897986e-31
4.47744227714  5.4253032035e-31
4.65261013431  7.40451345329e-31
4.83463096161  9.46115496782e-31
5.02377286302  6.51490486493e-30
5.22031443137  3.21457588917e-29
5.42454515866  6.06460480478e-29
5.63676586253  9.02613341757e-29
5.85728912925  1.21035238526e-28
6.08643977422  6.08994845591e-28
6.32455532034  1.83402863182e-27
6.5719864952  3.11585030859e-27
6.82909774767  4.44781980247e-27
7.09626778467  1.39985319313e-26
7.37389012904  3.75618859482e-26
7.66237369911  6.22604439097e-26
7.96214341107  1.03700709653e-25
8.27364080478  3.05873086089e-25
8.59732469416  5.5731203488e-25
8.93367184302  8.75256709825e-25
9.28317766723  2.03316860803e-24
9.64635696448  3.51009882324e-24
10.0237446725  5.50293451181e-24
10.4158966572  9.69569197581e-24
10.8233905309  1.43299670833e-23
11.2468265038  2.08420478903e-23
11.6868282675  2.88448280357e-23
12.1440439138  3.75646760688e-23
12.6191468896  4.74136646898e-23
13.1128369884  5.75839631411e-23
13.6258413812  6.79313830235e-23
14.1589156877  7.83204936128e-23
14.7128450892  8.83897486801e-23
15.2884454851  9.81710129258e-23
15.8865646945  1.07606747631e-22
16.5080837054  1.16393721111e-22
17.1539179718  1.24856075161e-22
17.8250187627  1.3275122859e-22
18.5223745626  1.41662229639e-22
19.247012528  1.51227846707e-22
20  1.61167692753e-22
20.7824460767  1.71496408475e-22
21.5955032466  1.82229207352e-22
22.440369086  1.93381898048e-22
23.3182880236  2.04970907698e-22
24.2305531726  2.15270851371e-22
25.1785082359  2.2030274151e-22
26.1635494852  2.25038501425e-22
27.1871278176  2.2948913989e-22
28.2507508925  2.33665237401e-22
29.3559853524  2.37576962517e-22
30.5044591308  2.41234087711e-22
31.6978638492  2.44646004735e-22
32.9379573097  2.47821739523e-22
34.2265660832  2.50769966645e-22
35.5655882008  2.53499023343e-22
36.9569959484  2.5601692315e-22
38.4028387728  2.58331369124e-22
39.9052462994  2.60449766715e-22
41.4664314697  2.62379236283e-22
43.0886938006  2.64126625278e-22
44.7744227714  2.65698520116e-22
46.5261013431  2.67101257769e-22
48.3463096161  2.68340937073e-22
50.2377286302  2.69423429797e-22
52.2031443137  2.70354391478e-22
54.2454515866  2.71139272047e-22
56.3676586253  2.71783326273e-22
58.5728912925  2.72291624031e-22
60.8643977422  2.72669060431e-22
63.2455532034  2.72920365824e-22
65.719864952  2.7305011569e-22
68.2909774767  2.73062740461e-22
70.9626778467  2.72962535264e-22
73.7389012904  2.72753669626e-22
76.6237369911  2.72440197153e-22
79.6214341107  2.72026065195e-22
82.7364080478  2.71515124524e-22
85.9732469416  2.70911139028e-22
89.3367184302  2.70217795437e-22
92.8317766723  2.69438713088e-22
96.4635696448  2.68577453742e-22
100.237446725  2.67637531436e-22
104.158966572  2.66622422382e-22
108.233905309  2.65535574891e-22
112.468265038  2.6438041931e-22
116.868282675  2.63160377936e-22
121.440439138  2.61878874875e-22
126.191468896  2.605393458e-22
131.128369884  2.59145247531e-22
136.258413812  2.57700067373e-22
141.589156877  2.5620733212e-22
147.128450892  2.54670616593e-22
152.884454851  2.53093551614e-22
158.865646945  2.5147983123e-22
165.080837054  2.49833219047e-22
171.539179718  2.48157553467e-22
178.250187627  2.46456751614e-22
185.223745626  2.44734811738e-22
192.47012528  2.4299581384e-22
200  2.41243918271e-22
207.824460767  2.3948336205e-22
215.955032466  2.37718452658e-22
224.40369086  2.35953559054e-22
233.182880236  2.34193099723e-22
242.305531726  2.32441527578e-22
251.785082359  2.30703311594e-22
261.635494852  2.28982915148e-22
271.871278176  2.27284771081e-22
282.507508925  2.25613253652e-22
293.559853524  2.23972647611e-22
305.044591308  2.22499509933e-22
316.978638492  2.20929977287e-22
329.379573097  2.19403479919e-22
342.265660832  2.17923578268e-22
355.655882008  2.16493563515e-22
369.569959484  2.15116421836e-22
384.028387728  2.13794800841e-22
399.052462994  2.12530979194e-22
414.664314697  2.11326840366e-22
430.886938006  2.10183851446e-22
447.744227714  2.09103047772e-22
465.261013431  2.08085024056e-22
483.463096161  2.07129932461e-22
502.377286302  2.06237487952e-22
522.031443137  2.05406981014e-22
542.454515866  2.04637297714e-22
563.676586253  2.03926946901e-22
585.728912925  2.03274094329e-22
608.643977422  2.02676603439e-22
632.455532034  2.02132082783e-22
657.19864952  2.01637940422e-22
682.909774767  2.01191446613e-22
709.626778467  2.00789808276e-22
737.389012904  2.00430265207e-22
766.237369911  2.00114957007e-22
796.214341107  1.99870137884e-22
827.364080478  1.99699511051e-22
859.732469416  1.99601950075e-22
893.367184302  1.98897971764e-22
928.317766723  1.99001200988e-22
964.635696448  1.99167081753e-22
1002.37446725  1.99396361256e-22
1041.58966572  1.99689570162e-22
1082.33905309  2.00047019139e-22
1124.68265038  2.00468797689e-22
1168.68282675  2.00954775304e-22
1214.40439138  2.01504604913e-22
1261.91468896  2.02117728562e-22
1311.28369884  2.02793385179e-22
1362.58413812  2.03530620274e-22
1415.89156877  2.064602391e-22
1471.28450892  2.0830543216e-22
1528.84454851  2.09990352937e-22
1588.65646945  2.11533236836e-22
1650.80837054  2.12949997959e-22
1715.39179718  2.14254641658e-22
1782.50187627  2.15459586655e-22
1852.23745626  2.16575919296e-22
1924.7012528  2.17613596174e-22
2000  2.18581607038e-22
2078.24460767  2.19488106778e-22
2159.55032466  2.20340523128e-22
2244.0369086  2.20934352241e-22
2331.82880236  2.21601780321e-22
2423.05531726  2.22200445326e-22
2517.85082359  2.22735711028e-22
2616.35494852  2.23212460954e-22
2718.71278176  2.2363515687e-22
2825.07508925  2.24007888436e-22
2935.59853524  2.2433441555e-22
3050.44591308  2.24618204623e-22
3169.78638492  2.24862459771e-22
3293.79573097  2.25070149717e-22
3422.65660832  2.25244031088e-22
3556.55882008  2.25386668618e-22
3695.69959484  2.25500452741e-22
3840.28387728  2.25587614926e-22
3990.52462994  2.25650241092e-22
4146.64314697  2.25690283366e-22
4308.86938006  2.2570957041e-22
4477.44227714  2.25709816525e-22
4652.61013431  2.2569262969e-22
4834.63096161  2.25659518699e-22
5023.77286302  2.25611899503e-22
5220.31443137  2.25551100884e-22
5424.54515866  2.25478369551e-22
5636.76586253  2.25394874737e-22
5857.28912925  2.2530171238e-22
6086.43977422  2.25199908933e-22
6324.55532034  2.25090424883e-22
6571.9864952  2.24974157997e-22
6829.09774767  2.24851946356e-22
7096.26778467  2.24724571203e-22
7373.89012904  2.24592759635e-22
7662.37369911  2.24457187157e-22
7962.14341107  2.2431848013e-22
8273.64080478  2.24177218121e-22
8597.32469416  2.24033936168e-22
8933.67184302  2.23889126974e-22
9283.17766723  2.23743243035e-22
9646.35696448  2.2359669871e-22
10023.7446725  2.23449872238e-22
10415.8966572  2.23303107698e-22
10823.3905309  2.23156716923e-22
11246.8265038  2.23010981362e-22
11686.8282675  2.22866153892e-22
12144.0439138  2.22722460579e-22
12619.1468896  2.22580102387e-22
13112.8369884  2.22439256835e-22
13625.8413812  2.2230007959e-22
14158.9156877  2.22162706022e-22
14712.8450892  2.22027252679e-22
15288.4454851  2.21893818717e-22
15886.5646945  2.21762487268e-22
16508.0837054  2.21633326737e-22
17153.9179718  2.2150639205e-22
17825.0187627  2.21381725831e-22
18522.3745626  2.21259359518e-22
19247.012528  2.21139314417e-22
20000  2.21021602701e-22

