0.964635696448 20 80
80
0.964635696448  0
1.00237446725  3.66323325115e-36
1.04158966572  2.44372732306e-35
1.08233905309  4.81599144189e-35
1.12468265038  7.28106399834e-35
1.16868282675  9.84257587233e-35
1.21440439138  1.25042999921e-34
1.26191468896  1.52701568917e-34
1.31128369884  1.81442204852e-34
1.36258413812  2.11307240679e-34
1.41589156877  2.42340665511e-34
1.47128450892  2.74588189419e-34
1.52884454851  3.08097310755e-34
1.58865646945  3.42917386117e-34
1.65080837054  3.79099703047e-34
1.71539179718  4.16697555574e-34
1.78250187627  4.5576632271e-34
1.85223745626  4.96363550025e-34
1.9247012528  5.38549034402e-34
2  1.66188372823e-31
2.07824460767  1.31008236979e-30
2.15955032466  2.65747550564e-30
2.2440369086  4.05758176514e-30
2.33182880236  5.51246340712e-30
2.42305531726  7.02426337075e-30
2.51785082359  8.59520843189e-30
2.61635494852  1.0227612483e-29
2.71871278176  1.19238799414e-29
2.82507508925  1.36865092907e-29
2.93559853524  1.5518096761e-29
3.05044591308  3.09360433941e-28
3.16978638492  9.82558937974e-28
3.29379573097  1.68330999734e-27
3.42265660832  2.41147605257e-27
3.55655882008  3.16812964146e-27
3.69569959484  3.95438526194e-27
3.84028387728  4.7714010137e-27
3.99052462994  9.09720920638e-27
4.14664314697  3.99575154033e-26
4.30886938006  7.74973872028e-26
4.47744227714  1.16505905273e-25
4.65261013431  1.57040526439e-25
4.83463096161  1.9916095537e-25
5.02377286302  3.35594314787e-25
5.22031443137  8.20752248602e-25
5.42454515866  1.35719228086e-24
5.63676586253  1.91461908305e-24
5.85728912925  2.49385370596e-24
6.08643977422  3.88644210267e-24
6.32455532034  6.57852829699e-24
6.5719864952  9.39130177065e-24
6.82909774767  1.23141174228e-23
7.09626778467  1.64014093051e-23
7.37389012904  2.24024132669e-23
7.66237369911  2.86656246861e-23
7.96214341107  3.52251491102e-23
8.27364080478  4.25585241113e-23
8.59732469416  5.03132385783e-23
8.93367184302  5.83221915334e-23
9.28317766723  6.59268320531e-23
9.64635696448  7.35916124788e-23
10.0237446725  8.13254909685e-23
10.4158966572  8.82930674326e-23
10.8233905309  9.53939809185e-23
11.2468265038  1.02003966378e-22
11.6868282675  1.08312514801e-22
12.1440439138  1.14459478246e-22
12.6191468896  1.20050324416e-22
13.1128369884  1.25602787816e-22
13.6258413812  1.30755581385e-22
14.1589156877  1.35807103146e-22
14.7128450892  1.40497208893e-22
15.2884454851  1.45012531698e-22
15.8865646945  1.49337359392e-22
16.5080837054  1.5343712445e-22
17.1539179718  1.57409400537e-22
17.8250187627  1.61115214275e-22
18.5223745626  1.64956282158e-22
19.247012528  1.68976779013e-22
20  1.73154566968e-22

