0.964635696448 20 80
80
0.964635696448  0
1.00237446725  1.79220956864e-30
1.04158966572  1.19554445786e-29
1.08233905309  2.35611630442e-29
1.12468265038  3.56209239538e-29
1.16868282675  4.8152490494e-29
1.21440439138  6.11743207879e-29
1.26191468896  7.47055950829e-29
1.31128369884  8.87662440023e-29
1.36258413812  1.03376977901e-28
1.41589156877  1.1855931737e-28
1.47128450892  1.34335624937e-28
1.52884454851  1.50729138002e-28
1.58865646945  1.67764003066e-28
1.65080837054  1.85465311297e-28
1.71539179718  2.03859135487e-28
1.78250187627  2.22972568455e-28
1.85223745626  2.42833762955e-28
1.9247012528  2.63471973142e-28
2  1.51644111382e-27
2.07824460767  1.00449173228e-26
2.15955032466  2.00875668003e-26
2.2440369086  3.0523107862e-26
2.33182880236  4.13669113318e-26
2.42305531726  5.26349493757e-26
2.51785082359  6.43438190276e-26
2.61635494852  7.65107666355e-26
2.71871278176  8.91537132645e-26
2.82507508925  1.02291281093e-25
2.93559853524  1.15942820842e-25
3.05044591308  2.844983066e-25
3.16978638492  6.54163155198e-25
3.29379573097  1.03893285824e-24
3.42265660832  1.4387556385e-24
3.55655882008  1.85422040706e-24
3.69569959484  2.28593911453e-24
3.84028387728  2.73454765244e-24
3.99052462994  3.39951277848e-24
4.14664314697  5.59806549302e-24
4.30886938006  8.19553473494e-24
4.47744227714  1.08946229577e-23
4.65261013431  1.36993057301e-23
4.83463096161  1.6613714154e-23
5.02377286302  2.00430850169e-23
5.22031443137  2.50923905086e-23
5.42454515866  3.0478999312e-23
5.63676586253  3.60763446617e-23
5.85728912925  4.18926710569e-23
6.08643977422  4.7753954352e-23
6.32455532034  5.35570383896e-23
6.5719864952  5.95836038879e-23
6.82909774767  6.58459425127e-23
7.09626778467  7.17952287044e-23
7.37389012904  7.70452727988e-23
7.66237369911  8.24861318082e-23
7.96214341107  8.80452936169e-23
8.27364080478  9.28682509093e-23
8.59732469416  9.76320037008e-23
8.93367184302  1.02523250785e-22
9.28317766723  1.06746114665e-22
9.64635696448  1.1084981409e-22
10.0237446725  1.14957190058e-22
10.4158966572  1.18498661756e-22
10.8233905309  1.2208490339e-22
11.2468265038  1.25432613408e-22
11.6868282675  1.28635306565e-22
12.1440439138  1.31744164214e-22
12.6191468896  1.34547210728e-22
13.1128369884  1.37296465565e-22
13.6258413812  1.39755715163e-22
14.1589156877  1.4216769179e-22
14.7128450892  1.44420544477e-22
15.2884454851  1.46581281631e-22
15.8865646945  1.4863681027e-22
16.5080837054  1.50515903261e-22
17.1539179718  1.52304032975e-22
17.8250187627  1.53949072563e-22
18.5223745626  1.55578455594e-22
19.247012528  1.5725898673e-22
20  1.59005264115e-22

