0.000141589156877 20 310
310
0.000141589156877  0
0.000147128450892  2.78603701091e-65
0.000152884454851  1.58000679996e-62
0.000158865646945  4.5496637832e-62
0.000165080837054  7.63550058924e-62
0.000171539179718  1.08420624404e-61
0.000178250187627  1.41740723785e-61
0.000185223745626  1.76364382219e-61
0.00019247012528  2.12342597937e-61
0.0002  2.49728364342e-61
0.000207824460767  2.8857674806e-61
0.000215955032466  3.28944970049e-61
0.00022440369086  3.70892489884e-61
0.000233182880236  4.14481093335e-61
0.000242305531726  4.59774983374e-61
0.000251785082359  5.06840874741e-61
0.000261635494852  5.5574809221e-61
0.000271871278176  6.06568672701e-61
0.000282507508925  6.59377471382e-61
0.000293559853524  7.14252271931e-61
0.000305044591308  1.52852526721e-54
0.000316978638492  4.76096394507e-54
0.000329379573097  8.12043379991e-54
0.000342265660832  1.16113338551e-53
0.000355655882008  1.5238805963e-53
0.000369569959484  1.90081931368e-53
0.000384028387728  2.29250474209e-53
0.000399052462994  2.69951380684e-53
0.000414664314697  3.12244600388e-53
0.000430886938006  3.56192428283e-53
0.000447744227714  1.61715565981e-50
0.000465261013431  1.7120485799e-49
0.000483463096161  3.64063835073e-49
0.000502377286302  5.64467899654e-49
0.000522031443137  7.72712232939e-49
0.000542454515866  9.89103564303e-49
0.000563676586253  1.21396062308e-48
0.000585728912925  1.44761460803e-48
0.000608643977422  1.40671736238e-46
0.000632455532034  4.73875168461e-46
0.00065719864952  8.2118514873e-46
0.000682909774767  1.18208269557e-45
0.000709626778467  1.55709938589e-45
0.000737389012904  2.39655806874e-45
0.000766237369911  5.12365367597e-44
0.000796214341107  1.34325234319e-43
0.000827364080478  2.20664553149e-43
0.000859732469416  3.10381665044e-43
0.000893367184302  7.62227099116e-43
0.000928317766723  5.38897921633e-42
0.000964635696448  1.13870425838e-41
0.00100237446725  1.76197640087e-41
0.00104158966572  3.39114467686e-41
0.00108233905309  1.75329970716e-40
0.00112468265038  3.60071826093e-40
0.00116868282675  5.52041208467e-40
0.00121440439138  1.78707397113e-39
0.00126191468896  4.8198495862e-39
0.00131128369884  7.99984070301e-39
0.00136258413812  2.03661267875e-38
0.00141589156877  5.26266905604e-38
0.00147128450892  9.51245231891e-37
0.00152884454851  4.90362405165e-34
0.00158865646945  1.41181617136e-33
0.00165080837054  2.36931933177e-33
0.00171539179718  3.36428222175e-33
0.00178250187627  4.39817035221e-33
0.00185223745626  5.47250656824e-33
0.0019247012528  6.58887329214e-33
0.002  7.7489148542e-33
0.00207824460767  8.95433991471e-33
0.00215955032466  1.02069239807e-32
0.0022440369086  1.15085120211e-32
0.00233182880236  1.28610211843e-32
0.00242305531726  1.42664436219e-32
0.00251785082359  1.57268494231e-32
0.00261635494852  1.72443896638e-32
0.00271871278176  1.88212995748e-32
0.00282507508925  2.04599018346e-32
0.00293559853524  2.21626099898e-32
0.00305044591308  2.08266004112e-31
0.00316978638492  5.99923992859e-31
0.00329379573097  1.00697337211e-30
0.00342265660832  1.42994746086e-30
0.00355655882008  1.86946927042e-30
0.00369569959484  2.32618618575e-30
0.00384028387728  2.80077091902e-30
0.00399052462994  3.29392250041e-30
0.00414664314697  3.80636730781e-30
0.00430886938006  4.33886013666e-30
0.00447744227714  5.97216637124e-30
0.00465261013431  1.6926164214e-29
0.00483463096161  3.0435039557e-29
0.00502377286302  4.44724132256e-29
0.00522031443137  5.9058961292e-29
0.00542454515866  7.42161687238e-29
0.00563676586253  8.99663610299e-29
0.00585728912925  1.06332737145e-28
0.00608643977422  1.73016905656e-28
0.00632455532034  3.09699006996e-28
0.0065719864952  4.52111196122e-28
0.00682909774767  6.00094878181e-28
0.00709626778467  7.53868022812e-28
0.00737389012904  9.16714168202e-28
0.00766237369911  1.41196233055e-27
0.00796214341107  2.14638352313e-27
0.00827364080478  2.90953696475e-27
0.00859732469416  3.70254672719e-27
0.00893367184302  4.6317670759e-27
0.00928317766723  6.81669600922e-27
0.00964635696448  9.43623142437e-27
0.0100237446725  1.21582490999e-26
0.0104158966572  1.52076449004e-26
0.0108233905309  2.1177939928e-26
0.0112468265038  2.82322757939e-26
0.0116868282675  3.55625935309e-26
0.0121440439138  4.59156821721e-26
0.0126191468896  6.12958922878e-26
0.0131128369884  7.73532855823e-26
0.0136258413812  9.79274947689e-26
0.0141589156877  1.27635990337e-25
0.0147128450892  1.58804851387e-25
0.0152884454851  2.01519731186e-25
0.0158865646945  2.54634507694e-25
0.0165080837054  3.14069464918e-25
0.0171539179718  3.96022184815e-25
0.0178250187627  4.86283606702e-25
0.0185223745626  6.20926310019e-25
0.019247012528  7.7531020983e-25
0.02  9.35733963476e-25
0.0207824460767  1.10682231383e-24
0.0215955032466  1.36521556629e-24
0.022440369086  1.66396191182e-24
0.0233182880236  1.97439590266e-24
0.0242305531726  2.34873941089e-24
0.0251785082359  2.84586856679e-24
0.0261635494852  3.36585361401e-24
0.0271871278176  3.9627855939e-24
0.0282507508925  4.73261240071e-24
0.0293559853524  5.54055888019e-24
0.0305044591308  6.50814757033e-24
0.0316978638492  7.65130620261e-24
0.0329379573097  8.8785925642e-24
0.0342265660832  1.03916948057e-23
0.0355655882008  1.20138179716e-23
0.0369569959484  1.39486562624e-23
0.0384028387728  1.60725363184e-23
0.0399052462994  1.8539662915e-23
0.0414664314697  2.12664492277e-23
0.0430886938006  2.44101558702e-23
0.0447744227714  2.78984104195e-23
0.0465261013431  3.21916601029e-23
0.0483463096161  3.68064355211e-23
0.0502377286302  4.16017515854e-23
0.0522031443137  4.67067492746e-23
0.0542454515866  5.31429288321e-23
0.0563676586253  6.01071264758e-23
0.0585728912925  6.73437795758e-23
0.0608643977422  7.55957428622e-23
0.0632455532034  8.5163788393e-23
0.065719864952  9.51117995337e-23
0.0682909774767  1.06110885348e-22
0.0709626778467  1.18687370507e-22
0.0737389012904  1.31786330968e-22
0.0766237369911  1.46455088299e-22
0.0796214341107  1.62410536538e-22
0.0827364080478  1.79282128486e-22
0.0859732469416  1.97924025474e-22
0.0893367184302  2.1746464453e-22
0.0928317766723  2.38477743453e-22
0.0964635696448  2.60520970654e-22
0.100237446725  2.83529269262e-22
0.104158966572  3.07424072417e-22
0.108233905309  3.31580152865e-22
0.112468265038  3.5616469856e-22
0.116868282675  3.80108427819e-22
0.121440439138  4.0351987722e-22
0.126191468896  4.25578362708e-22
0.131128369884  4.45376203545e-22
0.136258413812  4.63197819236e-22
0.141589156877  4.77889432395e-22
0.147128450892  4.89002819235e-22
0.152884454851  4.97101274627e-22
0.158865646945  5.00791170959e-22
0.165080837054  5.00621874576e-22
0.171539179718  4.96493352852e-22
0.178250187627  4.89096247549e-22
0.185223745626  4.78857170522e-22
0.19247012528  4.65910499094e-22
0.2  4.50819969413e-22
0.207824460767  4.34072784112e-22
0.215955032466  4.1612930747e-22
0.22440369086  3.97435768432e-22
0.233182880236  3.78426301697e-22
0.242305531726  3.59183716403e-22
0.251785082359  3.40137918679e-22
0.261635494852  3.21568773684e-22
0.271871278176  3.03332408921e-22
0.282507508925  2.85833636733e-22
0.293559853524  2.69118458621e-22
0.305044591308  2.53504500488e-22
0.316978638492  2.3868035819e-22
0.329379573097  2.23680463045e-22
0.342265660832  2.10533059252e-22
0.355655882008  1.97354195981e-22
0.369569959484  1.85500771179e-22
0.384028387728  1.74012178429e-22
0.399052462994  1.63485944726e-22
0.414664314697  1.53418256516e-22
0.430886938006  1.44204251146e-22
0.447744227714  1.35342335566e-22
0.465261013431  1.27293116856e-22
0.483463096161  1.19549825364e-22
0.502377286302  1.12430418796e-22
0.522031443137  1.05779367068e-22
0.542454515866  9.94742404281e-23
0.563676586253  9.36321819889e-23
0.585728912925  8.81791889809e-23
0.608643977422  8.30382239766e-23
0.632455532034  7.82322403105e-23
0.65719864952  7.3743012197e-23
0.682909774767  6.95394941256e-23
0.709626778467  6.56011020116e-23
0.737389012904  6.19111796171e-23
0.766237369911  5.85949036216e-23
0.796214341107  5.53986076278e-23
0.827364080478  5.22208181224e-23
0.859732469416  4.94646579161e-23
0.893367184302  4.66907049172e-23
0.928317766723  4.42344001111e-23
0.964635696448  4.182104175e-23
1.00237446725  3.96411656881e-23
1.04158966572  3.75240341878e-23
1.08233905309  3.56030014421e-23
1.12468265038  3.37380887579e-23
1.16868282675  3.2039511783e-23
1.21440439138  3.04077069109e-23
1.26191468896  2.88887117019e-23
1.31128369884  2.74737880418e-23
1.36258413812  2.61246534817e-23
1.41589156877  2.48665582602e-23
1.47128450892  2.36901301238e-23
1.52884454851  2.26157209699e-23
1.58865646945  2.15964957941e-23
1.65080837054  2.05742996154e-23
1.71539179718  1.96877697969e-23
1.78250187627  1.87974432362e-23
1.85223745626  1.80050012502e-23
1.9247012528  1.72318516861e-23
2  1.65297416807e-23
2.07824460767  1.58529580947e-23
2.15955032466  1.52374308421e-23
2.2440369086  1.46428100489e-23
2.33182880236  1.41040737076e-23
2.42305531726  1.35866480692e-23
2.51785082359  1.31092348713e-23
2.61635494852  1.26666301098e-23
2.71871278176  1.22477125875e-23
2.82507508925  1.18610403765e-23
2.93559853524  1.15027101422e-23
3.05044591308  1.11677951241e-23
3.16978638492  1.0857121448e-23
3.29379573097  1.05709943536e-23
3.42265660832  1.03067209792e-23
3.55655882008  1.0064225813e-23
3.69569959484  9.84202895581e-24
3.84028387728  9.63928185602e-24
3.99052462994  9.45540182111e-24
4.14664314697  9.28983552961e-24
4.30886938006  9.14198462955e-24
4.47744227714  9.01113620079e-24
4.65261013431  8.89670440521e-24
4.83463096161  8.79801328489e-24
5.02377286302  8.71429773319e-24
5.22031443137  8.64539985931e-24
5.42454515866  8.59194865989e-24
5.63676586253  8.84822341055e-24
5.85728912925  9.53510009727e-24
6.08643977422  1.00362529686e-23
6.32455532034  1.05201028243e-23
6.5719864952  1.10299258143e-23
6.82909774767  1.1584999042e-23
7.09626778467  1.22064833147e-23
7.37389012904  1.29110076561e-23
7.66237369911  1.37005191237e-23
7.96214341107  1.4556008975e-23
8.27364080478  1.54259058794e-23
8.59732469416  1.62497938192e-23
8.93367184302  1.69660395426e-23
9.28317766723  1.75319990922e-23
9.64635696448  1.79319582869e-23
10.0237446725  1.81695454668e-23
10.4158966572  1.82540149215e-23
10.8233905309  1.81918221906e-23
11.2468265038  1.80062504818e-23
11.6868282675  1.7711221769e-23
12.1440439138  1.73222754029e-23
12.6191468896  1.68497585434e-23
13.1128369884  1.63029259145e-23
13.6258413812  1.57013962743e-23
14.1589156877  1.50603136482e-23
14.7128450892  1.44048504843e-23
15.2884454851  1.37348867288e-23
15.8865646945  1.30456411974e-23
16.5080837054  1.23327635709e-23
17.1539179718  1.16100524948e-23
17.8250187627  1.08696857455e-23
18.5223745626  1.24512100321e-23
19.247012528  1.49021427644e-23
20  1.74489616318e-23

