0.964635696448 20 80
80
0.964635696448  0
1.00237446725  4.71777235816e-39
1.04158966572  3.14720587666e-38
1.08233905309  6.20237635551e-38
1.12468265038  9.3770721421e-38
1.16868282675  1.26759693418e-37
1.21440439138  1.61039270001e-37
1.26191468896  1.96659942595e-37
1.31128369884  2.33674177964e-37
1.36258413812  2.72136495496e-37
1.41589156877  3.12103547501e-37
1.47128450892  3.53634202657e-37
1.52884454851  3.96789632723e-37
1.58865646945  4.41633402636e-37
1.65080837054  4.88231564141e-37
1.71539179718  5.36652753078e-37
1.78250187627  5.86968290481e-37
1.85223745626  6.39252287626e-37
1.9247012528  6.93581755193e-37
2  1.34759229984e-33
2.07824460767  1.06503546234e-32
2.15955032466  2.16081248616e-32
2.2440369086  3.29945883164e-32
2.33182880236  4.4826516454e-32
2.42305531726  5.71213368792e-32
2.51785082359  6.98971590047e-32
2.61635494852  8.31728007251e-32
2.71871278176  9.69678161345e-32
2.82507508925  1.11302524328e-31
2.93559853524  1.26198039331e-31
3.05044591308  7.34309695783e-30
3.16978638492  2.39165499116e-29
3.29379573097  4.11683774081e-29
3.42265660832  5.90951361416e-29
3.55655882008  7.77232309771e-29
3.69569959484  9.70800997986e-29
3.84028387728  1.17194253923e-28
3.99052462994  3.34673227918e-28
4.14664314697  2.05133726418e-27
4.30886938006  4.14455841882e-27
4.47744227714  6.31967120745e-27
4.65261013431  8.57987941949e-27
4.83463096161  1.09285121839e-26
5.02377286302  2.43427754527e-26
5.22031443137  7.89470104746e-26
5.42454515866  1.39512765866e-25
5.63676586253  2.02447993142e-25
5.85728912925  2.67845391501e-25
6.08643977422  5.44680909832e-25
6.32455532034  1.16124652761e-24
6.5719864952  1.8059930697e-24
6.82909774767  2.4759635819e-24
7.09626778467  3.94156481372e-24
7.37389012904  6.74950277019e-24
7.66237369911  9.6873946324e-24
7.96214341107  1.29510365441e-23
8.27364080478  1.84686157469e-23
8.59732469416  2.47547255475e-23
8.93367184302  3.13406519331e-23
9.28317766723  3.89711766528e-23
9.64635696448  4.71605184976e-23
10.0237446725  5.55608844596e-23
10.4158966572  6.37833462474e-23
10.8233905309  7.22591350864e-23
11.2468265038  8.03158699622e-23
11.6868282675  8.81409437742e-23
12.1440439138  9.58237056393e-23
12.6191468896  1.02932299608e-22
13.1128369884  1.09977293526e-22
13.6258413812  1.16465503084e-22
14.1589156877  1.22818327987e-22
14.7128450892  1.28705517908e-22
15.2884454851  1.34391719446e-22
15.8865646945  1.39854630655e-22
16.5080837054  1.44986574232e-22
17.1539179718  1.49965582426e-22
17.8250187627  1.54672427836e-22
18.5223745626  1.59830607253e-22
19.247012528  1.65328923023e-22
20  1.71042345573e-22

