0.964635696448 20 80
80
0.964635696448  0
1.00237446725  1.44418262634e-34
1.04158966572  9.63408088298e-34
1.08233905309  1.89864272683e-33
1.12468265038  2.87046589905e-33
1.16868282675  3.88030903269e-33
1.21440439138  4.92965955623e-33
1.26191468896  6.02006308978e-33
1.31128369884  7.15312572167e-33
1.36258413812  8.33051637411e-33
1.41589156877  9.55396926139e-33
1.47128450892  1.08252864443e-32
1.52884454851  1.21463404842e-32
1.58865646945  1.35190772017e-32
1.65080837054  1.49455185421e-32
1.71539179718  1.64277655541e-32
1.78250187627  1.7968001484e-32
1.85223745626  1.9568494992e-32
1.9247012528  2.12316034933e-32
2  2.11636265924e-30
2.07824460767  1.65773918591e-29
2.15955032466  3.36108738636e-29
2.2440369086  5.13107449264e-29
2.33182880236  6.97030757229e-29
2.42305531726  8.88149568729e-29
2.51785082359  1.08674538844e-28
2.61635494852  1.29311073415e-28
2.71871278176  1.50754956762e-28
2.82507508925  1.73037774229e-28
2.93559853524  1.96192346851e-28
3.05044591308  2.01946244603e-27
3.16978638492  6.18117275834e-27
3.29379573097  1.05131897169e-26
3.42265660832  1.50146851591e-26
3.55655882008  1.96922894737e-26
3.69569959484  2.45528924456e-26
3.84028387728  2.96036534037e-26
3.99052462994  4.78499140607e-26
4.14664314697  1.6537485635e-25
4.30886938006  3.07955261577e-25
4.47744227714  4.56113740738e-25
4.65261013431  6.10068520936e-25
4.83463096161  7.70046366822e-25
5.02377286302  1.16737641705e-24
5.22031443137  2.43660911783e-24
5.42454515866  3.83605271648e-24
5.63676586253  5.29024577279e-24
5.85728912925  6.80133021169e-24
6.08643977422  9.50182578595e-24
6.32455532034  1.40877200539e-23
6.5719864952  1.88749916936e-23
6.82909774767  2.38495524288e-23
7.09626778467  2.95697402427e-23
7.37389012904  3.64339515366e-23
7.66237369911  4.35811016103e-23
7.96214341107  5.09511967343e-23
8.27364080478  5.80380751483e-23
8.59732469416  6.52536471429e-23
8.93367184302  7.26860619789e-23
9.28317766723  7.94535359218e-23
9.64635696448  8.61696514898e-23
10.0237446725  9.29277412195e-23
10.4158966572  9.89276260954e-23
10.8233905309  1.05029701062e-22
11.2468265038  1.1074675502e-22
11.6868282675  1.16233061714e-22
12.1440439138  1.21592403068e-22
12.6191468896  1.26495088729e-22
13.1128369884  1.31355008157e-22
13.6258413812  1.35838124892e-22
14.1589156877  1.40244694237e-22
14.7128450892  1.44364418527e-22
15.2884454851  1.48276262908e-22
15.8865646945  1.5196032093e-22
16.5080837054  1.55395146017e-22
17.1539179718  1.58718488327e-22
17.8250187627  1.61857284498e-22
18.5223745626  1.64765862419e-22
19.247012528  1.67691276255e-22
20  1.7073113902e-22

