0.964635696448 20000 260
260
0.964635696448  0
1.00237446725  1.30295887843e-34
1.04158966572  8.69198326653e-34
1.08233905309  1.71297822919e-33
1.12468265038  2.58976874543e-33
1.16868282675  3.50086132666e-33
1.21440439138  4.44759794867e-33
1.26191468896  5.43137308846e-33
1.31128369884  6.45363577817e-33
1.36258413812  7.51589173943e-33
1.41589156877  8.61970560115e-33
1.47128450892  9.76670320415e-33
1.52884454851  1.09585739959e-32
1.58865646945  1.21970735188e-32
1.65080837054  1.34840259965e-32
1.71539179718  1.48213270199e-32
1.78250187627  1.62109463403e-32
1.85223745626  1.765493077e-32
1.9247012528  1.91554071973e-32
2  1.93947353389e-30
2.07824460767  1.51940531544e-29
2.15955032466  3.08064754847e-29
2.2440369086  4.70296917451e-29
2.33182880236  6.38875976011e-29
2.42305531726  8.14050235721e-29
2.51785082359  9.96077716043e-29
2.61635494852  1.18522653076e-28
2.71871278176  1.38177528287e-28
2.82507508925  1.58601347498e-28
2.93559853524  1.7982419357e-28
3.05044591308  1.86923995737e-27
3.16978638492  5.72572424832e-27
3.29379573097  9.74002509953e-27
3.42265660832  1.39113746483e-26
3.55655882008  1.82459170016e-26
3.69569959484  2.27500366377e-26
3.84028387728  2.74303678108e-26
3.99052462994  4.43148289981e-26
4.14664314697  1.53016900374e-25
4.30886938006  2.84891739583e-25
4.47744227714  4.21925826319e-25
4.65261013431  5.64321002232e-25
4.83463096161  7.12287005482e-25
5.02377286302  1.07897908225e-24
5.22031443137  2.24909414513e-24
5.42454515866  3.53921342745e-24
5.63676586253  4.87980514831e-24
5.85728912925  6.2728439058e-24
6.08643977422  8.80672939769e-24
6.32455532034  1.31502982174e-23
6.5719864952  1.76849100099e-23
6.82909774767  2.23969262627e-23
7.09626778467  2.7903076382e-23
7.37389012904  3.46430409907e-23
7.66237369911  4.16626191267e-23
7.96214341107  4.89091071285e-23
8.27364080478  5.59578699114e-23
8.59732469416  6.31573135542e-23
8.93367184302  7.05737951269e-23
9.28317766723  7.73367754166e-23
9.64635696448  8.40522115428e-23
10.0237446725  9.08074519579e-23
10.4158966572  9.67944486746e-23
10.8233905309  1.02881750877e-22
11.2468265038  1.08562076617e-22
11.6868282675  1.13994644312e-22
12.1440439138  1.19309454673e-22
12.6191468896  1.24187929118e-22
13.1128369884  1.29013274552e-22
13.6258413812  1.33434383061e-22
14.1589156877  1.3778303598e-22
14.7128450892  1.41858858033e-22
15.2884454851  1.45751150796e-22
15.8865646945  1.49439362198e-22
16.5080837054  1.52865414671e-22
17.1539179718  1.56174557578e-22
17.8250187627  1.59297327892e-22
18.5223745626  1.62424059776e-22
19.247012528  1.65659271922e-22
20  1.6902105302e-22
20.7824460767  1.7251435474e-22
21.5955032466  1.76144322472e-22
22.440369086  1.79916302904e-22
23.3182880236  1.838358519e-22
24.2305531726  1.8728983336e-22
25.1785082359  1.88854127874e-22
26.1635494852  1.90288901727e-22
27.1871278176  1.9159878901e-22
28.2507508925  1.92788242043e-22
29.3559853524  1.93861538492e-22
30.5044591308  1.94822788283e-22
31.6978638492  1.95675940322e-22
32.9379573097  1.96424789023e-22
34.2265660832  1.97072980666e-22
35.5655882008  1.97624019587e-22
36.9569959484  1.98081274203e-22
38.4028387728  1.98447982903e-22
39.9052462994  1.98727259781e-22
41.4664314697  1.98922100261e-22
43.0886938006  1.99035386592e-22
44.7744227714  1.99069893234e-22
46.5261013431  1.99028292159e-22
48.3463096161  1.98913158052e-22
50.2377286302  1.98726973445e-22
52.2031443137  1.98472133784e-22
54.2454515866  1.98150952446e-22
56.3676586253  1.97765665709e-22
58.5728912925  1.97318437698e-22
60.8643977422  1.96811365311e-22
63.2455532034  1.96246483134e-22
65.719864952  1.95625768368e-22
68.2909774767  1.94951145765e-22
70.9626778467  1.942244926e-22
73.7389012904  1.93447643671e-22
76.6237369911  1.92622396356e-22
79.6214341107  1.91750515725e-22
82.7364080478  1.90833739716e-22
85.9732469416  1.89873784387e-22
89.3367184302  1.88872349247e-22
92.8317766723  1.87831122671e-22
96.4635696448  1.86751787391e-22
100.237446725  1.85636026078e-22
104.158966572  1.84485526993e-22
108.233905309  1.83301989704e-22
112.468265038  1.8208713085e-22
116.868282675  1.8084268994e-22
121.440439138  1.79570435144e-22
126.191468896  1.78272169046e-22
131.128369884  1.76949734321e-22
136.258413812  1.75605019261e-22
141.589156877  1.7423996311e-22
147.128450892  1.72856561097e-22
152.884454851  1.71456869105e-22
158.865646945  1.70043007845e-22
165.080837054  1.68617166437e-22
171.539179718  1.67181605248e-22
178.250187627  1.65738657843e-22
185.223745626  1.64290731899e-22
192.47012528  1.62840308907e-22
200  1.61389942482e-22
207.824460767  1.59942255117e-22
215.955032466  1.58499933196e-22
224.40369086  1.57065720103e-22
233.182880236  1.55642407293e-22
242.305531726  1.54232823194e-22
251.785082359  1.52839819859e-22
261.635494852  1.51466257355e-22
271.871278176  1.50114985887e-22
282.507508925  1.48788825779e-22
293.559853524  1.47490545469e-22
305.044591308  1.46314539489e-22
316.978638492  1.45077813884e-22
329.379573097  1.43876827721e-22
342.265660832  1.42713881883e-22
355.655882008  1.41591097917e-22
369.569959484  1.40510392633e-22
384.028387728  1.394734542e-22
399.052462994  1.3848172042e-22
414.664314697  1.37536359863e-22
430.886938006  1.36638256475e-22
447.744227714  1.35787998236e-22
465.261013431  1.34985870304e-22
483.463096161  1.34231853007e-22
502.377286302  1.335256249e-22
522.031443137  1.32866570977e-22
542.454515866  1.32253796029e-22
563.676586253  1.31686143017e-22
585.728912925  1.31162216324e-22
608.643977422  1.30680409708e-22
632.455532034  1.30238938937e-22
657.19864952  1.2983587934e-22
682.909774767  1.29469209159e-22
709.626778467  1.29136861089e-22
737.389012904  1.28836788856e-22
766.237369911  1.28570315965e-22
796.214341107  1.28355352129e-22
827.364080478  1.28194288148e-22
859.732469416  1.28086194352e-22
893.367184302  1.27535335645e-22
928.317766723  1.27572771848e-22
964.635696448  1.27655331703e-22
1002.37446725  1.27783511626e-22
1041.58966572  1.27957662661e-22
1082.33905309  1.28177987693e-22
1124.68265038  1.28444540199e-22
1168.68282675  1.2875722454e-22
1214.40439138  1.2911579781e-22
1261.91468896  1.29519873182e-22
1311.28369884  1.29968924687e-22
1362.58413812  1.30462293318e-22
1415.89156877  1.32470472977e-22
1471.28450892  1.33733619718e-22
1528.84454851  1.34888535474e-22
1588.65646945  1.35947453531e-22
1650.80837054  1.3692109617e-22
1715.39179718  1.37818936096e-22
1782.50187627  1.38649401761e-22
1852.23745626  1.39420040289e-22
1924.7012528  1.40137647933e-22
2000  1.40808375411e-22
2078.24460767  1.41437813574e-22
2159.55032466  1.42031063563e-22
2244.0369086  1.42437216599e-22
2331.82880236  1.42900564825e-22
2423.05531726  1.43316026814e-22
2517.85082359  1.43687315273e-22
2616.35494852  1.4401781292e-22
2718.71278176  1.44310612348e-22
2825.07508925  1.44568549915e-22
2935.59853524  1.44794234719e-22
3050.44591308  1.44990073447e-22
3169.78638492  1.45158291772e-22
3293.79573097  1.45300952836e-22
3422.65660832  1.45419973271e-22
3556.55882008  1.45517137099e-22
3695.69959484  1.45594107853e-22
3840.28387728  1.45652439139e-22
3990.52462994  1.45693583889e-22
4146.64314697  1.45718902465e-22
4308.86938006  1.4572966978e-22
4477.44227714  1.45727081574e-22
4652.61013431  1.45712259965e-22
4834.63096161  1.45686258359e-22
5023.77286302  1.45650065825e-22
5220.31443137  1.45604611008e-22
5424.54515866  1.45550765633e-22
5636.76586253  1.45489347674e-22
5857.28912925  1.45421124232e-22
6086.43977422  1.45346814158e-22
6324.55532034  1.45267090473e-22
6571.9864952  1.45182582603e-22
6829.09774767  1.45093878468e-22
7096.26778467  1.45001526444e-22
7373.89012904  1.44906037211e-22
7662.37369911  1.44807885519e-22
7962.14341107  1.44707511872e-22
8273.64080478  1.44605324149e-22
8597.32469416  1.44501699166e-22
8933.67184302  1.44396984194e-22
9283.17766723  1.44291498426e-22
9646.35696448  1.4418553441e-22
10023.7446725  1.4407935944e-22
10415.8966572  1.4397321692e-22
10823.3905309  1.43867327685e-22
11246.8265038  1.43761891293e-22
11686.8282675  1.4365708728e-22
12144.0439138  1.43553076386e-22
12619.1468896  1.43450001737e-22
13112.8369884  1.43347989999e-22
13625.8413812  1.43247152489e-22
14158.9156877  1.43147586247e-22
14712.8450892  1.43049375071e-22
15288.4454851  1.42952590512e-22
15886.5646945  1.42857292821e-22
16508.0837054  1.42763531862e-22
17153.9179718  1.42671347975e-22
17825.0187627  1.42580772803e-22
18522.3745626  1.42491830066e-22
19247.012528  1.42404536305e-22
20000  1.42318901572e-22

