0.964635696448 20 80
80
0.964635696448  0
1.00237446725  1.13043077183e-39
1.04158966572  7.54105560458e-39
1.08233905309  1.48615841513e-38
1.12468265038  2.24685086401e-38
1.16868282675  3.03730335399e-38
1.21440439138  3.85868016646e-38
1.26191468896  4.71219113214e-38
1.31128369884  5.59909341315e-38
1.36258413812  6.52069335468e-38
1.41589156877  7.47834840913e-38
1.47128450892  8.47346913558e-38
1.52884454851  9.50752127746e-38
1.58865646945  1.05820279214e-37
1.65080837054  1.16985717407e-37
1.71539179718  1.28587973266e-37
1.78250187627  1.40644136104e-37
1.85223745626  1.53171963808e-37
1.9247012528  1.66189908993e-37
2  4.92731122803e-34
2.07824460767  3.89482119779e-33
2.15955032466  7.9021611281e-33
2.2440369086  1.20662774287e-32
2.33182880236  1.63933035525e-32
2.42305531726  2.0889612907e-32
2.51785082359  2.55618282421e-32
2.61635494852  3.04168314052e-32
2.71871278176  3.54617734772e-32
2.82507508925  4.07040853058e-32
2.93559853524  4.61514884505e-32
3.05044591308  3.43411813306e-30
3.16978638492  1.1216533898e-29
3.29379573097  1.93174978186e-29
3.42265660832  2.77353901111e-29
3.55655882008  3.64826097435e-29
3.69569959484  4.55720407601e-29
3.84028387728  5.50170712585e-29
3.99052462994  1.72846839346e-28
4.14664314697  1.11438040595e-27
4.30886938006  2.26275591116e-27
4.47744227714  3.4560585118e-27
4.65261013431  4.69604585934e-27
4.83463096161  5.98454436865e-27
5.02377286302  1.40125393393e-26
5.22031443137  4.71422142916e-26
5.42454515866  8.38997099997e-26
5.63676586253  1.22095243623e-25
5.85728912925  1.61785074518e-25
6.08643977422  3.45043706847e-25
6.32455532034  7.59088807026e-25
6.5719864952  1.1920923066e-24
6.82909774767  1.64203590064e-24
7.09626778467  2.7459603251e-24
7.37389012904  4.95588010843e-24
7.66237369911  7.2688822616e-24
7.96214341107  9.9003007379e-24
8.27364080478  1.49335279367e-23
8.59732469416  2.0761201493e-23
8.93367184302  2.68970139133e-23
9.28317766723  3.44432482671e-23
9.64635696448  4.26718286722e-23
10.0237446725  5.11379094358e-23
10.4158966572  5.95441801818e-23
10.8233905309  6.82254721022e-23
11.2468265038  7.64893714157e-23
11.6868282675  8.45250676406e-23
12.1440439138  9.24269562876e-23
12.6191468896  9.9763765392e-23
13.1128369884  1.07048876652e-22
13.6258413812  1.13794325514e-22
14.1589156877  1.2042956125e-22
14.7128450892  1.26640585355e-22
15.2884454851  1.32652444711e-22
15.8865646945  1.38439167396e-22
16.5080837054  1.43867176819e-22
17.1539179718  1.49130959148e-22
17.8250187627  1.54106508448e-22
18.5223745626  1.59543370595e-22
19.247012528  1.65331282862e-22
20  1.71345631592e-22

