0.928317766723 20000 261
261
0.928317766723  0
0.964635696448  1.46322117022e-28
1.00237446725  3.76112154635e-25
1.04158966572  1.11460070315e-24
1.08233905309  1.88198049518e-24
1.12468265038  2.67938195259e-24
1.16868282675  3.50797959209e-24
1.21440439138  4.3689938802e-24
1.26191468896  5.2636930309e-24
1.31128369884  6.19339487362e-24
1.36258413812  7.1594687943e-24
1.41589156877  8.16333775243e-24
1.47128450892  9.20648037695e-24
1.52884454851  1.02904331442e-23
1.58865646945  1.14167926409e-23
1.65080837054  1.25872179161e-23
1.71539179718  1.38034329245e-23
1.78250187627  1.5067229066e-23
1.85223745626  1.63804678241e-23
1.9247012528  1.7745083508e-23
2  1.93367916465e-23
2.07824460767  2.20100622425e-23
2.15955032466  2.49544288254e-23
2.2440369086  2.80139858123e-23
2.33182880236  3.11932397172e-23
2.42305531726  3.44968733594e-23
2.51785082359  3.79297527607e-23
2.61635494852  4.1496934313e-23
2.71871278176  4.52036722258e-23
2.82507508925  4.90554262655e-23
2.93559853524  5.3057869797e-23
3.05044591308  5.65205255126e-23
3.16978638492  5.92411779506e-23
3.29379573097  6.20653692551e-23
3.42265660832  6.50000494298e-23
3.55655882008  6.80495410541e-23
3.69569959484  7.12183358162e-23
3.84028387728  7.45111011297e-23
3.99052462994  7.78051299185e-23
4.14664314697  8.02607460887e-23
4.30886938006  8.26116673776e-23
4.47744227714  8.50545621235e-23
4.65261013431  8.75930285399e-23
4.83463096161  9.02308056106e-23
5.02377286302  9.2741878507e-23
5.22031443137  9.44992545778e-23
5.42454515866  9.62452436635e-23
5.63676586253  9.80595398648e-23
5.85728912925  9.99448155132e-23
6.08643977422  1.0157068146e-22
6.32455532034  1.02735555307e-22
6.5719864952  1.03939526811e-22
6.82909774767  1.05190600453e-22
7.09626778467  1.06355123711e-22
7.37389012904  1.07338916776e-22
7.66237369911  1.08357658312e-22
7.96214341107  1.0939641394e-22
8.27364080478  1.10275687802e-22
8.59732469416  1.1113734433e-22
8.93367184302  1.12017701815e-22
9.28317766723  1.1271332583e-22
9.64635696448  1.13363668634e-22
10.0237446725  1.13993186618e-22
10.4158966572  1.14433028303e-22
10.8233905309  1.14862431831e-22
11.2468265038  1.1519922686e-22
11.6868282675  1.1546949261e-22
12.1440439138  1.15723741857e-22
12.6191468896  1.15936071926e-22
13.1128369884  1.16143546034e-22
13.6258413812  1.16328309975e-22
14.1589156877  1.16497860771e-22
14.7128450892  1.16631013582e-22
15.2884454851  1.16726848125e-22
15.8865646945  1.16781603579e-22
16.5080837054  1.16784166975e-22
17.1539179718  1.16753088616e-22
17.8250187627  1.16678536902e-22
18.5223745626  1.1797014973e-22
19.247012528  1.19786202167e-22
20  1.21673302758e-22
20.7824460767  1.23634231072e-22
21.5955032466  1.2567187542e-22
22.440369086  1.27789237109e-22
23.3182880236  1.29989434865e-22
24.2305531726  1.31591241263e-22
25.1785082359  1.31145358026e-22
26.1635494852  1.30671706037e-22
27.1871278176  1.30171057111e-22
28.2507508925  1.29644152002e-22
29.3559853524  1.29091701873e-22
30.5044591308  1.28514389747e-22
31.6978638492  1.27912871933e-22
32.9379573097  1.27287779447e-22
34.2265660832  1.26639719414e-22
35.5655882008  1.25969276456e-22
36.9569959484  1.25277014091e-22
38.4028387728  1.24563476111e-22
39.9052462994  1.23829187974e-22
41.4664314697  1.23074658201e-22
43.0886938006  1.22300379779e-22
44.7744227714  1.21506831576e-22
46.5261013431  1.20694479786e-22
48.3463096161  1.19863779383e-22
50.2377286302  1.19015175612e-22
52.2031443137  1.18149105507e-22
54.2454515866  1.1726599945e-22
56.3676586253  1.16366282765e-22
58.5728912925  1.15450377372e-22
60.8643977422  1.14518703474e-22
63.2455532034  1.1357168132e-22
65.719864952  1.12609733012e-22
68.2909774767  1.11633284391e-22
70.9626778467  1.10642766989e-22
73.7389012904  1.09638620048e-22
76.6237369911  1.08621292627e-22
79.6214341107  1.07591245785e-22
82.7364080478  1.06548954845e-22
85.9732469416  1.05494911737e-22
89.3367184302  1.04429627435e-22
92.8317766723  1.03353634457e-22
96.4635696448  1.02267489457e-22
100.237446725  1.01171775873e-22
104.158966572  1.00067106643e-22
108.233905309  9.89541269594e-23
112.468265038  9.78335170662e-23
116.868282675  9.67059950531e-23
121.440439138  9.5572319643e-23
126.191468896  9.44332929307e-23
131.128369884  9.32897630384e-23
136.258413812  9.21426266466e-23
141.589156877  9.09928313487e-23
147.128450892  8.98413777718e-23
152.884454851  8.86893213998e-23
158.865646945  8.75377740244e-23
165.080837054  8.63879047455e-23
171.539179718  8.52409404319e-23
178.250187627  8.40981655502e-23
185.223745626  8.29609212633e-23
192.47012528  8.18306036976e-23
200  8.07086612773e-23
207.824460767  7.95965910282e-23
215.955032466  7.84959337588e-23
224.40369086  7.74082680373e-23
233.182880236  7.63352029016e-23
242.305531726  7.52783692593e-23
251.785082359  7.42394099607e-23
261.635494852  7.32199685657e-23
271.871278176  7.22216768593e-23
282.507508925  7.1246141216e-23
293.559853524  7.02949279609e-23
305.044591308  6.94272055671e-23
316.978638492  6.85275861985e-23
329.379573097  6.76566687452e-23
342.265660832  6.68156932826e-23
355.655882008  6.60057802197e-23
369.569959484  6.52279153443e-23
384.028387728  6.4482936067e-23
399.052462994  6.37715192533e-23
414.664314697  6.30941710065e-23
430.886938006  6.24512187336e-23
447.744227714  6.18428057712e-23
465.261013431  6.12688887918e-23
483.463096161  6.0729238139e-23
502.377286302  6.02234411717e-23
522.031443137  5.97509086244e-23
542.454515866  5.93108839345e-23
563.676586253  5.89024554387e-23
585.728912925  5.8524571325e-23
608.643977422  5.81760572402e-23
632.455532034  5.78556365335e-23
657.19864952  5.75619532947e-23
682.909774767  5.72935987353e-23
709.626778467  5.70491423699e-23
737.389012904  5.68271721479e-23
766.237369911  5.66283176383e-23
796.214341107  5.64632235625e-23
827.364080478  5.6333148397e-23
859.732469416  5.62373564726e-23
893.367184302  5.58492672844e-23
928.317766723  5.58478304289e-23
964.635696448  5.58752415618e-23
1002.37446725  5.59318050879e-23
1041.58966572  5.6017748727e-23
1082.33905309  5.61332215486e-23
1124.68265038  5.62782927158e-23
1168.68282675  5.64529509611e-23
1214.40439138  5.66571048044e-23
1261.91468896  5.68905835074e-23
1311.28369884  5.71531387444e-23
1362.58413812  5.74444469563e-23
1415.89156877  5.86619336815e-23
1471.28450892  5.94302052075e-23
1528.84454851  6.01358548258e-23
1588.65646945  6.07856746414e-23
1650.80837054  6.13857029267e-23
1715.39179718  6.19413429318e-23
1782.50187627  6.24574579766e-23
1852.23745626  6.29384482042e-23
1924.7012528  6.33883130027e-23
2000  6.38107021223e-23
2078.24460767  6.42089577944e-23
2159.55032466  6.45861496347e-23
2244.0369086  6.48385914568e-23
2331.82880236  6.51330828072e-23
2423.05531726  6.53974351085e-23
2517.85082359  6.56339150334e-23
2616.35494852  6.58445968897e-23
2718.71278176  6.6031384793e-23
2825.07508925  6.61960316803e-23
2935.59853524  6.63401556786e-23
3050.44591308  6.64652542438e-23
3169.78638492  6.65727164104e-23
3293.79573097  6.66638334326e-23
3422.65660832  6.67398080505e-23
3556.55882008  6.68017625746e-23
3695.69959484  6.68507459557e-23
3840.28387728  6.68877399766e-23
3990.52462994  6.69136646866e-23
4146.64314697  6.69293831807e-23
4308.86938006  6.69357058104e-23
4477.44227714  6.69333939042e-23
4652.61013431  6.69231630633e-23
4834.63096161  6.690568609e-23
5023.77286302  6.68815956004e-23
5220.31443137  6.6851486365e-23
5424.54515866  6.68159174163e-23
5636.76586253  6.6775413956e-23
5857.28912925  6.67304690932e-23
6086.43977422  6.66815454373e-23
6324.55532034  6.66290765685e-23
6571.9864952  6.65734684054e-23
6829.09774767  6.65151004847e-23
7096.26778467  6.64543271691e-23
7373.89012904  6.63914787922e-23
7662.37369911  6.63268627524e-23
7962.14341107  6.62607645632e-23
8273.64080478  6.61934488661e-23
8597.32469416  6.61251604108e-23
8933.67184302  6.60561250084e-23
9283.17766723  6.59865504585e-23
9646.35696448  6.59166274539e-23
10023.7446725  6.58465304633e-23
10415.8966572  6.57764185941e-23
10823.3905309  6.57064364333e-23
11246.8265038  6.56367148699e-23
11686.8282675  6.55673718944e-23
12144.0439138  6.54985133788e-23
12619.1468896  6.54302338335e-23
13112.8369884  6.53626171413e-23
13625.8413812  6.52957372686e-23
14158.9156877  6.52296589511e-23
14712.8450892  6.51644383552e-23
15288.4454851  6.51001237128e-23
15886.5646945  6.50367559303e-23
16508.0837054  6.49743691705e-23
17153.9179718  6.49129914069e-23
17825.0187627  6.48526449513e-23
18522.3745626  6.47933469535e-23
19247.012528  6.47351098738e-23
20000  6.46779419284e-23

