0.964635696448 20 80
80
0.964635696448  0
1.00237446725  3.15618930473e-40
1.04158966572  2.10548046273e-39
1.08233905309  4.14938925219e-39
1.12468265038  6.27326046231e-39
1.16868282675  8.48022240722e-39
1.21440439138  1.07735257879e-38
1.26191468896  1.31565484802e-38
1.31128369884  1.56328005104e-38
1.36258413812  1.82059292248e-38
1.41589156877  2.08797246626e-38
1.47128450892  2.36581251379e-38
1.52884454851  2.65452230408e-38
1.58865646945  2.9545270865e-38
1.65080837054  3.26626874718e-38
1.71539179718  3.59020645982e-38
1.78250187627  3.92681736208e-38
1.85223745626  4.27659725833e-38
1.9247012528  4.64006134996e-38
2  2.05956246386e-34
2.07824460767  1.62816319619e-33
2.15955032466  3.30338857087e-33
2.2440369086  5.04415262166e-33
2.33182880236  6.85301937254e-33
2.42305531726  8.73265315805e-33
2.51785082359  1.06858225476e-32
2.61635494852  1.27154044235e-32
2.71871278176  1.48243882181e-32
2.82507508925  1.70158803176e-32
2.93559853524  1.92931086368e-32
3.05044591308  1.75185887929e-30
3.16978638492  5.73235938379e-30
3.29379573097  9.8757898676e-30
3.42265660832  1.41813208977e-29
3.55655882008  1.86552942209e-29
3.69569959484  2.33042996879e-29
3.84028387728  2.81351849592e-29
3.99052462994  9.59764658419e-29
4.14664314697  6.42855003565e-28
4.30886938006  1.31000434517e-27
4.47744227714  2.00325410602e-27
4.65261013431  2.72362539465e-27
4.83463096161  3.47217926771e-27
5.02377286302  8.67751485571e-27
5.22031443137  3.04933732215e-26
5.42454515866  5.47060744712e-26
5.63676586253  7.98660323759e-26
5.85728912925  1.06010305798e-25
6.08643977422  2.44096373434e-25
6.32455532034  5.62236528982e-25
6.5719864952  8.94978707565e-25
6.82909774767  1.24073852676e-24
7.09626778467  2.19098310025e-24
7.37389012904  4.16535504505e-24
7.66237369911  6.23240759505e-24
7.96214341107  8.6124648903e-24
8.27364080478  1.34269644914e-23
8.59732469416  1.90383917258e-23
8.93367184302  2.495604798e-23
9.28317766723  3.23712433279e-23
9.64635696448  4.04952965683e-23
10.0237446725  4.88899569301e-23
10.4158966572  5.73942993773e-23
10.8233905309  6.61998983523e-23
11.2468265038  7.47092527112e-23
11.6868282675  8.30847222833e-23
12.1440439138  9.13831890556e-23
12.6191468896  9.92169654576e-23
13.1128369884  1.07007249892e-22
13.6258413812  1.14242520995e-22
14.1589156877  1.21371078178e-22
14.7128450892  1.28066156331e-22
15.2884454851  1.34475927656e-22
15.8865646945  1.40568167651e-22
16.5080837054  1.46251678975e-22
17.1539179718  1.51752408624e-22
17.8250187627  1.56950830029e-22
18.5223745626  1.62414893878e-22
19.247012528  1.68160528844e-22
20  1.74130946288e-22

