0.964635696448 20 80
80
0.964635696448  0
1.00237446725  5.47317122076e-26
1.04158966572  2.97139255737e-25
1.08233905309  5.64326729869e-25
1.12468265038  8.41967193543e-25
1.16868282675  1.13046959179e-24
1.21440439138  1.43025886853e-24
1.26191468896  1.74177659243e-24
1.31128369884  2.06548160738e-24
1.36258413812  2.40185070828e-24
1.41589156877  2.75137934334e-24
1.47128450892  3.11458234386e-24
1.52884454851  3.49199468253e-24
1.58865646945  3.88417226137e-24
1.65080837054  4.29169273062e-24
1.71539179718  4.71515633948e-24
1.78250187627  5.15518682031e-24
1.85223745626  5.6124323073e-24
1.9247012528  6.08756629117e-24
2  6.82009289554e-24
2.07824460767  8.98256333661e-24
2.15955032466  1.14585487426e-23
2.2440369086  1.4031400402e-23
2.33182880236  1.67049079457e-23
2.42305531726  1.94830092638e-23
2.51785082359  2.23697963058e-23
2.61635494852  2.53695211076e-23
2.71871278176  2.84866020544e-23
2.82507508925  3.17256303892e-23
2.93559853524  3.50913769746e-23
3.05044591308  3.85635352535e-23
3.16978638492  4.21396981577e-23
3.29379573097  4.58556636075e-23
3.42265660832  4.97170061867e-23
3.55655882008  5.37294133834e-23
3.69569959484  5.78987951937e-23
3.84028387728  6.22312928259e-23
3.99052462994  6.65592139849e-23
4.14664314697  6.97364285803e-23
4.30886938006  7.27639655168e-23
4.47744227714  7.59099466732e-23
4.65261013431  7.91790058603e-23
4.83463096161  8.25759581742e-23
5.02377286302  8.58701597088e-23
5.22031443137  8.84200046086e-23
5.42454515866  9.09874623142e-23
5.63676586253  9.36553648803e-23
5.85728912925  9.64276419411e-23
6.08643977422  9.89238847802e-23
6.32455532034  1.00912369196e-22
6.5719864952  1.02971175318e-22
6.82909774767  1.05110526679e-22
7.09626778467  1.07024951928e-22
7.37389012904  1.08498847212e-22
7.66237369911  1.10022341991e-22
7.96214341107  1.11573131439e-22
8.27364080478  1.1285873381e-22
8.59732469416  1.14109932917e-22
8.93367184302  1.15396123934e-22
9.28317766723  1.16528808427e-22
9.64635696448  1.17638387714e-22
10.0237446725  1.18737051061e-22
10.4158966572  1.19627071102e-22
10.8233905309  1.20519145245e-22
11.2468265038  1.2126774257e-22
11.6868282675  1.21915676095e-22
12.1440439138  1.22519824473e-22
12.6191468896  1.23012756945e-22
13.1128369884  1.234917281e-22
13.6258413812  1.23911838628e-22
14.1589156877  1.24322098555e-22
14.7128450892  1.24702484733e-22
15.2884454851  1.25051309736e-22
15.8865646945  1.2536309736e-22
16.5080837054  1.25604009858e-22
17.1539179718  1.25799127302e-22
17.8250187627  1.25927801386e-22
18.5223745626  1.28173623838e-22
19.247012528  1.31241588308e-22
20  1.34429578616e-22

