0.796214341107 20000 265
265
0.796214341107  0
0.827364080478  2.7652375026e-26
0.859732469416  9.99793166151e-25
0.893367184302  2.47622516901e-24
0.928317766723  4.01041859327e-24
0.964635696448  5.60463319881e-24
1.00237446725  7.26121720294e-24
1.04158966572  8.98261082328e-24
1.08233905309  1.07713493572e-23
1.12468265038  1.26300674636e-23
1.16868282675  1.45615029045e-23
1.21440439138  1.65685005495e-23
1.26191468896  1.86540165662e-23
1.31128369884  2.08211227741e-23
1.36258413812  2.30730111696e-23
1.41589156877  2.5412998627e-23
1.47128450892  2.78445317848e-23
1.52884454851  3.03711921215e-23
1.58865646945  3.29967012316e-23
1.65080837054  3.57249263069e-23
1.71539179718  3.85598858324e-23
1.78250187627  4.15057555059e-23
1.85223745626  4.45668743878e-23
1.9247012528  4.77477512927e-23
2  5.08760810226e-23
2.07824460767  5.30882317233e-23
2.15955032466  5.52172665545e-23
2.2440369086  5.74295941332e-23
2.33182880236  5.97284730637e-23
2.42305531726  6.21172894342e-23
2.51785082359  6.45995618045e-23
2.61635494852  6.71789463887e-23
2.71871278176  6.98592424403e-23
2.82507508925  7.26443978484e-23
2.93559853524  7.55385149526e-23
3.05044591308  7.78643965844e-23
3.16978638492  7.94225925014e-23
3.29379573097  8.1038911396e-23
3.42265660832  8.27184644095e-23
3.55655882008  8.44637254063e-23
3.69569959484  8.62772650341e-23
3.84028387728  8.81617545102e-23
3.99052462994  9.00396931816e-23
4.14664314697  9.13823545657e-23
4.30886938006  9.26511956239e-23
4.47744227714  9.39696766676e-23
4.65261013431  9.53397397272e-23
4.83463096161  9.67634028101e-23
5.02377286302  9.80913886454e-23
5.22031443137  9.89103841529e-23
5.42454515866  9.9708653957e-23
5.63676586253  1.00538153915e-22
5.85728912925  1.01400105822e-22
6.08643977422  1.02088533915e-22
6.32455532034  1.02477568541e-22
6.5719864952  1.02877795401e-22
6.82909774767  1.03293680059e-22
7.09626778467  1.03642508085e-22
7.37389012904  1.03865819645e-22
7.66237369911  1.04095690771e-22
7.96214341107  1.04331112468e-22
8.27364080478  1.04541023237e-22
8.59732469416  1.04750121248e-22
8.93367184302  1.04964049792e-22
9.28317766723  1.05137430048e-22
9.64635696448  1.05301413049e-22
10.0237446725  1.05452759059e-22
10.4158966572  1.05521778574e-22
10.8233905309  1.05582144794e-22
11.2468265038  1.0560482974e-22
11.6868282675  1.05599230186e-22
12.1440439138  1.0555451998e-22
12.6191468896  1.05432199136e-22
13.1128369884  1.05278213485e-22
13.6258413812  1.05053205322e-22
14.1589156877  1.04808628892e-22
14.7128450892  1.0453926244e-22
15.2884454851  1.04268481638e-22
15.8865646945  1.03997487185e-22
16.5080837054  1.03727816672e-22
17.1539179718  1.03455990661e-22
17.8250187627  1.03184970427e-22
18.5223745626  1.03812543633e-22
19.247012528  1.04776960928e-22
20  1.05779108449e-22
20.7824460767  1.0682046229e-22
21.5955032466  1.07902556292e-22
22.440369086  1.09026984305e-22
23.3182880236  1.10195402532e-22
24.2305531726  1.10985689852e-22
25.1785082359  1.105033153e-22
26.1635494852  1.10000952687e-22
27.1871278176  1.09479113267e-22
28.2507508925  1.08938287741e-22
29.3559853524  1.08378947305e-22
30.5044591308  1.07801544692e-22
31.6978638492  1.07206515209e-22
32.9379573097  1.0659427776e-22
34.2265660832  1.05965235872e-22
35.5655882008  1.05319778721e-22
36.9569959484  1.04658282155e-22
38.4028387728  1.03981109729e-22
39.9052462994  1.03288613744e-22
41.4664314697  1.025811363e-22
43.0886938006  1.01859010362e-22
44.7744227714  1.01122560846e-22
46.5261013431  1.00372105724e-22
48.3463096161  9.96079571598e-23
50.2377286302  9.88304226679e-23
52.2031443137  9.80398063085e-23
54.2454515866  9.72364099187e-23
56.3676586253  9.64205343841e-23
58.5728912925  9.5592480955e-23
60.8643977422  9.4752552611e-23
63.2455532034  9.39010554779e-23
65.719864952  9.30383003003e-23
68.2909774767  9.21646039738e-23
70.9626778467  9.12802911397e-23
73.7389012904  9.03856958447e-23
76.6237369911  8.94811632692e-23
79.6214341107  8.85670515233e-23
82.7364080478  8.76437335147e-23
85.9732469416  8.67115988846e-23
89.3367184302  8.57710560132e-23
92.8317766723  8.482253409e-23
96.4635696448  8.38664852449e-23
100.237446725  8.29033867326e-23
104.158966572  8.19337431621e-23
108.233905309  8.09580887574e-23
112.468265038  7.9976989636e-23
116.868282675  7.89910460838e-23
121.440439138  7.80008948055e-23
126.191468896  7.70072111198e-23
131.128369884  7.60107110693e-23
136.258413812  7.50121534042e-23
141.589156877  7.40123413968e-23
147.128450892  7.30121244364e-23
152.884454851  7.20123993468e-23
158.865646945  7.1014111365e-23
165.080837054  7.00182547123e-23
171.539179718  6.90258726825e-23
178.250187627  6.80380571702e-23
185.223745626  6.70559475576e-23
192.47012528  6.60807288759e-23
200  6.51136291613e-23
207.824460767  6.41559159254e-23
215.955032466  6.32088916706e-23
224.40369086  6.22738883905e-23
233.182880236  6.13522610079e-23
242.305531726  6.0445379729e-23
251.785082359  5.95546213086e-23
261.635494852  5.86813592575e-23
271.871278176  5.78269530506e-23
282.507508925  5.69927364341e-23
293.559853524  5.61800049673e-23
305.044591308  5.54389839383e-23
316.978638492  5.46715724191e-23
329.379573097  5.39292395587e-23
342.265660832  5.32129888513e-23
355.655882008  5.25237193943e-23
369.569959484  5.18622137627e-23
384.028387728  5.12291269818e-23
399.052462994  5.06249769049e-23
414.664314697  5.00501362895e-23
430.886938006  4.95048268238e-23
447.744227714  4.89891153194e-23
465.261013431  4.85029122282e-23
483.463096161  4.80459725884e-23
502.377286302  4.7617899445e-23
522.031443137  4.72181497339e-23
542.454515866  4.68460425732e-23
563.676586253  4.65007698721e-23
585.728912925  4.61814091531e-23
608.643977422  4.58869385065e-23
632.455532034  4.5616253661e-23
657.19864952  4.53681873105e-23
682.909774767  4.51415311656e-23
709.626778467  4.49350619633e-23
737.389012904  4.4747574923e-23
766.237369911  4.45795807576e-23
796.214341107  4.44399911968e-23
827.364080478  4.43298418695e-23
859.732469416  4.42484991111e-23
893.367184302  4.39221930196e-23
928.317766723  4.39200546723e-23
964.635696448  4.39421283788e-23
1002.37446725  4.39886687886e-23
1041.58966572  4.40598689052e-23
1082.33905309  4.41558584586e-23
1124.68265038  4.4276702826e-23
1168.68282675  4.44224025198e-23
1214.40439138  4.45928932528e-23
1261.91468896  4.47880465773e-23
1311.28369884  4.50076710864e-23
1362.58413812  4.5251514152e-23
1415.89156877  4.62735357328e-23
1471.28450892  4.69189061297e-23
1528.84454851  4.75120758036e-23
1588.65646945  4.80586453753e-23
1650.80837054  4.85636075031e-23
1715.39179718  4.90314408561e-23
1782.50187627  4.94661856082e-23
1852.23745626  4.9871504581e-23
1924.7012528  5.02507331265e-23
2000  5.06069200937e-23
2078.24460767  5.09428616764e-23
2159.55032466  5.12611295328e-23
2244.0369086  5.14740529515e-23
2331.82880236  5.1722588988e-23
2423.05531726  5.19457100791e-23
2517.85082359  5.21453163332e-23
2616.35494852  5.23231485289e-23
2718.71278176  5.24808062467e-23
2825.07508925  5.26197634482e-23
2935.59853524  5.27413819104e-23
3050.44591308  5.28469228505e-23
3169.78638492  5.29375570124e-23
3293.79573097  5.30143734409e-23
3422.65660832  5.30783871326e-23
3556.55882008  5.31305457195e-23
3695.69959484  5.31717353202e-23
3840.28387728  5.32027856704e-23
3990.52462994  5.32244746308e-23
4146.64314697  5.3237532155e-23
4308.86938006  5.32426437898e-23
4477.44227714  5.32404537705e-23
4652.61013431  5.32315677657e-23
4834.63096161  5.32165553193e-23
5023.77286302  5.31959520313e-23
5220.31443137  5.31702615134e-23
5424.54515866  5.31399571528e-23
5636.76586253  5.31054837098e-23
5857.28912925  5.30672587759e-23
6086.43977422  5.30256741119e-23
6324.55532034  5.29810968846e-23
6571.9864952  5.29338708186e-23
6829.09774767  5.28843172759e-23
7096.26778467  5.28327362751e-23
7373.89012904  5.27794074602e-23
7662.37369911  5.27245910254e-23
7962.14341107  5.26685286055e-23
8273.64080478  5.26114441338e-23
8597.32469416  5.25535446745e-23
8933.67184302  5.24950212309e-23
9283.17766723  5.24360495332e-23
9646.35696448  5.2376790807e-23
10023.7446725  5.23173925231e-23
10415.8966572  5.22579891305e-23
10823.3905309  5.21987027716e-23
11246.8265038  5.21396439807e-23
11686.8282675  5.20809123637e-23
12144.0439138  5.20225972606e-23
12619.1468896  5.19647783887e-23
13112.8369884  5.19075264664e-23
13625.8413812  5.18509038169e-23
14158.9156877  5.17949649506e-23
14712.8450892  5.17397571268e-23
15288.4454851  5.16853208922e-23
15886.5646945  5.1631690598e-23
16508.0837054  5.1578894893e-23
17153.9179718  5.15269571945e-23
17825.0187627  5.14758961351e-23
18522.3745626  5.14257259866e-23
19247.012528  5.13764570602e-23
20000  5.13280960841e-23

