0.964635696448 20 80
80
0.964635696448  0
1.00237446725  2.4679772998e-38
1.04158966572  1.64637716102e-37
1.08233905309  3.24460844825e-37
1.12468265038  4.90536622548e-37
1.16868282675  6.63109667308e-37
1.21440439138  8.42434167159e-37
1.26191468896  1.02877425458e-36
1.31128369884  1.22240439551e-36
1.36258413812  1.42360979365e-36
1.41589156877  1.63268681051e-36
1.47128450892  1.84994340195e-36
1.52884454851  2.07569957177e-36
1.58865646945  2.31028784306e-36
1.65080837054  2.55405374797e-36
1.71539179718  2.80735633668e-36
1.78250187627  3.07056870623e-36
1.85223745626  3.34407855007e-36
1.9247012528  3.62828872913e-36
2  4.63703176166e-33
2.07824460767  3.66384372636e-32
2.15955032466  7.43330381706e-32
2.2440369086  1.13502338707e-31
2.33182880236  1.54204032521e-31
2.42305531726  1.96498070366e-31
2.51785082359  2.4044674841e-31
2.61635494852  2.8611479999e-31
2.71871278176  3.33569490959e-31
2.82507508925  3.82880718767e-31
2.93559853524  4.34121115412e-31
3.05044591308  1.97007424281e-29
3.16978638492  6.39310991425e-29
3.29379573097  1.09971843578e-28
3.42265660832  1.57813808007e-28
3.55655882008  2.07527460303e-28
3.69569959484  2.5918602521e-28
3.84028387728  3.12865592189e-28
3.99052462994  8.03948457357e-28
4.14664314697  4.61520670879e-27
4.30886938006  9.26070121843e-27
4.47744227714  1.40879381757e-26
4.65261013431  1.9104027764e-26
4.83463096161  2.43163583332e-26
5.02377286302  5.04541162239e-26
5.22031443137  1.54401690013e-25
5.42454515866  2.69639127183e-25
5.63676586253  3.89384918384e-25
5.85728912925  5.13815440811e-25
6.08643977422  9.74925198413e-25
6.32455532034  1.97654109716e-24
6.5719864952  3.02379108021e-24
6.82909774767  4.1120118953e-24
7.09626778467  6.2070846994e-24
7.37389012904  9.99455121415e-24
7.66237369911  1.39553836744e-23
7.96214341107  1.82602985482e-23
8.27364080478  2.46411486443e-23
8.59732469416  3.17674464169e-23
8.93367184302  3.9190693688e-23
9.28317766723  4.71694315274e-23
9.64635696448  5.55479940626e-23
10.0237446725  6.40904429398e-23
10.4158966572  7.22079235348e-23
10.8233905309  8.05424152984e-23
11.2468265038  8.83855170368e-23
11.6868282675  9.59399289437e-23
12.1440439138  1.03355470081e-22
12.6191468896  1.1021375597e-22
13.1128369884  1.16996675779e-22
13.6258413812  1.23205542477e-22
14.1589156877  1.29290485292e-22
14.7128450892  1.34946321698e-22
15.2884454851  1.40406508688e-22
15.8865646945  1.45647913056e-22
16.5080837054  1.50556419581e-22
17.1539179718  1.55317813299e-22
17.8250187627  1.59829877941e-22
18.5223745626  1.644658799e-22
19.247012528  1.69307041111e-22
20  1.74337599703e-22

