0.964635696448 20000 260
260
0.964635696448  0
1.00237446725  9.25271146859e-26
1.04158966572  4.50718357793e-25
1.08233905309  8.38914220166e-25
1.12468265038  1.24229719901e-24
1.16868282675  1.66146144932e-24
1.21440439138  2.09702437079e-24
1.26191468896  2.5496275172e-24
1.31128369884  3.01993754143e-24
1.36258413812  3.50864717733e-24
1.41589156877  4.01647626008e-24
1.47128450892  4.54417278651e-24
1.52884454851  5.09251401678e-24
1.58865646945  5.66230761926e-24
1.65080837054  6.25439286019e-24
1.71539179718  6.8696418398e-24
1.78250187627  7.50896077693e-24
1.85223745626  8.17329134377e-24
1.9247012528  8.86361205289e-24
2  9.81249311601e-24
2.07824460767  1.21572347549e-23
2.15955032466  1.48156716577e-23
2.2440369086  1.75781127367e-23
2.33182880236  2.04486268749e-23
2.42305531726  2.34314421393e-23
2.51785082359  2.65309520089e-23
2.61635494852  2.97517218453e-23
2.71871278176  3.30984956178e-23
2.82507508925  3.65762028907e-23
2.93559853524  4.01899660842e-23
3.05044591308  4.37070362655e-23
3.16978638492  4.70617179644e-23
3.29379573097  5.0546651336e-23
3.42265660832  5.41679233298e-23
3.55655882008  5.79308678269e-23
3.69569959484  6.18410273818e-23
3.84028387728  6.59041613869e-23
3.99052462994  6.99480931746e-23
4.14664314697  7.27992111165e-23
4.30886938006  7.54814601758e-23
4.47744227714  7.82686449977e-23
4.65261013431  8.1164870911e-23
4.83463096161  8.41744038545e-23
5.02377286302  8.70585140706e-23
5.22031443137  8.91543749847e-23
5.42454515866  9.12474681202e-23
5.63676586253  9.34224478813e-23
5.85728912925  9.56825178615e-23
6.08643977422  9.78020667013e-23
6.32455532034  9.96440502119e-23
6.5719864952  1.01553647037e-22
6.82909774767  1.03537951688e-22
7.09626778467  1.05312167687e-22
7.37389012904  1.06675278668e-22
7.66237369911  1.08084201098e-22
7.96214341107  1.09501277413e-22
8.27364080478  1.10500090583e-22
8.59732469416  1.11414851835e-22
8.93367184302  1.12353303823e-22
9.28317766723  1.13151821641e-22
9.64635696448  1.13923150006e-22
10.0237446725  1.14706651016e-22
10.4158966572  1.15437415159e-22
10.8233905309  1.16185660005e-22
11.2468265038  1.16863197585e-22
11.6868282675  1.17494404565e-22
12.1440439138  1.18069753992e-22
12.6191468896  1.18510488963e-22
13.1128369884  1.1890667723e-22
13.6258413812  1.19167773467e-22
14.1589156877  1.19395329791e-22
14.7128450892  1.19557659511e-22
15.2884454851  1.19710825943e-22
15.8865646945  1.1985589295e-22
16.5080837054  1.19993613062e-22
17.1539179718  1.20118489561e-22
17.8250187627  1.20210519106e-22
18.5223745626  1.22687953795e-22
19.247012528  1.26089303969e-22
20  1.29623722798e-22
20.7824460767  1.33296416234e-22
21.5955032466  1.37112793898e-22
22.440369086  1.41078477049e-22
23.3182880236  1.45199306862e-22
24.2305531726  1.48313474689e-22
25.1785082359  1.47946591444e-22
26.1635494852  1.47543851762e-22
27.1871278176  1.47106309628e-22
28.2507508925  1.46634976704e-22
29.3559853524  1.46130824248e-22
30.5044591308  1.4559478498e-22
31.6978638492  1.45027754937e-22
32.9379573097  1.44430595282e-22
34.2265660832  1.43804134109e-22
35.5655882008  1.43149168214e-22
36.9569959484  1.42466464863e-22
38.4028387728  1.41756763539e-22
39.9052462994  1.41020777689e-22
41.4664314697  1.40259196472e-22
43.0886938006  1.39472686506e-22
44.7744227714  1.38661893621e-22
46.5261013431  1.37827444634e-22
48.3463096161  1.36969949134e-22
50.2377286302  1.36090001294e-22
52.2031443137  1.35188181719e-22
54.2454515866  1.34265059314e-22
56.3676586253  1.3332119321e-22
58.5728912925  1.32357134724e-22
60.8643977422  1.3137342938e-22
63.2455532034  1.3037061898e-22
65.719864952  1.29349243751e-22
68.2909774767  1.28309844546e-22
70.9626778467  1.27252965136e-22
73.7389012904  1.26179154571e-22
76.6237369911  1.25088969626e-22
79.6214341107  1.23982977343e-22
82.7364080478  1.22861757653e-22
85.9732469416  1.21725906096e-22
89.3367184302  1.20576036631e-22
92.8317766723  1.1941278454e-22
96.4635696448  1.18236809413e-22
100.237446725  1.17048798217e-22
104.158966572  1.15849468435e-22
108.233905309  1.14639571266e-22
112.468265038  1.13419894858e-22
116.868282675  1.12191267569e-22
121.440439138  1.10954561216e-22
126.191468896  1.09710694288e-22
131.128369884  1.08460635066e-22
136.258413812  1.07205404633e-22
141.589156877  1.05946079688e-22
147.128450892  1.04683795119e-22
152.884454851  1.03419746255e-22
158.865646945  1.02155190724e-22
165.080837054  1.00891449811e-22
171.539179718  9.96299092384e-23
178.250187627  9.8372019243e-23
185.223745626  9.711929385e-23
192.47012528  9.58733092228e-23
200  9.46357009721e-23
207.824460767  9.34081603079e-23
215.955032466  9.21924289277e-23
224.40369086  9.09902925401e-23
233.182880236  8.98035729465e-23
242.305531726  8.86341186237e-23
251.785082359  8.74837937792e-23
261.635494852  8.63544658935e-23
271.871278176  8.52479918014e-23
282.507508925  8.41662024174e-23
293.559853524  8.31108862638e-23
305.044591308  8.21494307201e-23
316.978638492  8.11504780951e-23
329.379573097  8.01830187558e-23
342.265660832  7.92484832674e-23
355.655882008  7.83481690879e-23
369.569959484  7.74832233145e-23
384.028387728  7.66546267372e-23
399.052462994  7.58631796475e-23
414.664314697  7.51094898339e-23
430.886938006  7.43939631514e-23
447.744227714  7.37167970003e-23
465.261013431  7.30779769778e-23
483.463096161  7.24772768869e-23
502.377286302  7.19142622068e-23
522.031443137  7.13882970428e-23
542.454515866  7.08985545079e-23
563.676586253  7.04440304297e-23
585.728912925  7.00235602552e-23
608.643977422  6.96358390397e-23
632.455532034  6.92794444971e-23
657.19864952  6.89528632898e-23
682.909774767  6.86545211837e-23
709.626778467  6.838281874e-23
737.389012904  6.81361772969e-23
766.237369911  6.79153602745e-23
796.214341107  6.77326240262e-23
827.364080478  6.75894573692e-23
859.732469416  6.7485058594e-23
893.367184302  6.70537703071e-23
928.317766723  6.7055841574e-23
964.635696448  6.70906354187e-23
1002.37446725  6.71584911527e-23
1041.58966572  6.7259657573e-23
1082.33905309  6.73942907806e-23
1124.68265038  6.75624528652e-23
1168.68282675  6.77641114819e-23
1214.40439138  6.79991403268e-23
1261.91468896  6.82673205019e-23
1311.28369884  6.85683427387e-23
1362.58413812  6.89018104364e-23
1415.89156877  7.02944151328e-23
1471.28450892  7.11715779121e-23
1528.84454851  7.19761475605e-23
1588.65646945  7.27160813613e-23
1650.80837054  7.33984281381e-23
1715.39179718  7.40294749828e-23
1782.50187627  7.46148641531e-23
1852.23745626  7.51596870337e-23
1924.7012528  7.56685602629e-23
2000  7.61456878563e-23
2078.24460767  7.65949122334e-23
2159.55032466  7.70197563772e-23
2244.0369086  7.73053620168e-23
2331.82880236  7.7636797041e-23
2423.05531726  7.79340923733e-23
2517.85082359  7.81998397214e-23
2616.35494852  7.8436408061e-23
2718.71278176  7.8645969618e-23
2825.07508925  7.88305221043e-23
2935.59853524  7.89919078241e-23
3050.44591308  7.91318301501e-23
3169.78638492  7.92518677765e-23
3293.79573097  7.9353487083e-23
3422.65660832  7.94380528876e-23
3556.55882008  7.95068378188e-23
3695.69959484  7.9561030502e-23
3840.28387728  7.96017427244e-23
3990.52462994  7.96300157172e-23
4146.64314697  7.96468256772e-23
4308.86938006  7.96530886284e-23
4477.44227714  7.96496647151e-23
4652.61013431  7.96373620018e-23
4834.63096161  7.96169398487e-23
5023.77286302  7.9589111921e-23
5220.31443137  7.95545488831e-23
5424.54515866  7.95138808227e-23
5636.76586253  7.94676994436e-23
5857.28912925  7.94165600615e-23
6086.43977422  7.93609834319e-23
6324.55532034  7.93014574364e-23
6571.9864952  7.92384386479e-23
6829.09774767  7.91723537956e-23
7096.26778467  7.91036011442e-23
7373.89012904  7.90325518017e-23
7662.37369911  7.89595509661e-23
7962.14341107  7.88849191219e-23
8273.64080478  7.88089531923e-23
8597.32469416  7.8731927654e-23
8933.67184302  7.86540956194e-23
9283.17766723  7.85756898889e-23
9646.35696448  7.84969239769e-23
10023.7446725  7.84179931125e-23
10415.8966572  7.8339075216e-23
10823.3905309  7.82603318521e-23
11246.8265038  7.81819091591e-23
11686.8282675  7.81039387549e-23
12144.0439138  7.80265386178e-23
12619.1468896  7.79498139425e-23
13112.8369884  7.78738579703e-23
13625.8413812  7.77987527915e-23
14158.9156877  7.77245701209e-23
14712.8450892  7.76513720445e-23
15288.4454851  7.75792117365e-23
15886.5646945  7.75081341465e-23
16508.0837054  7.74381766563e-23
17153.9179718  7.73693697063e-23
17825.0187627  7.73017373896e-23
18522.3745626  7.72352980168e-23
19247.012528  7.71700646484e-23
20000  7.71060455973e-23

