0.964635696448 20000 260
260
0.964635696448  0
1.00237446725  2.26451065708e-28
1.04158966572  1.50853275824e-27
1.08233905309  2.97222246145e-27
1.12468265038  4.49317507794e-27
1.16868282675  6.07363086482e-27
1.21440439138  7.71591772318e-27
1.26191468896  9.42245462701e-27
1.31128369884  1.11957551861e-26
1.36258413812  1.30384313484e-26
1.41589156877  1.49531972475e-26
1.47128450892  1.69428731998e-26
1.52884454851  1.90103898592e-26
1.58865646945  2.11587925336e-26
1.65080837054  2.33912456702e-26
1.71539179718  2.57110375167e-26
1.78250187627  2.81215849646e-26
1.85223745626  3.06264385822e-26
1.9247012528  3.32292878441e-26
2  6.19809094256e-26
2.07824460767  2.44698876329e-25
2.15955032466  4.59533392609e-25
2.2440369086  6.82772730109e-25
2.33182880236  9.14745704798e-25
2.42305531726  1.15579399668e-24
2.51785082359  1.40627265309e-24
2.61635494852  1.66655061159e-24
2.71871278176  1.93701124346e-24
2.82507508925  2.21805291835e-24
2.93559853524  2.51008959104e-24
3.05044591308  3.60933085812e-24
3.16978638492  5.75430574419e-24
3.29379573097  7.98651019131e-24
3.42265660832  1.0306043619e-23
3.55655882008  1.27163225383e-23
3.69569959484  1.52208971217e-23
3.84028387728  1.7823456433e-23
3.99052462994  2.06874483736e-23
4.14664314697  2.48738646549e-23
4.30886938006  2.94752831455e-23
4.47744227714  3.42567197284e-23
4.65261013431  3.9225217126e-23
4.83463096161  4.43880935884e-23
5.02377286302  4.95849422884e-23
5.22031443137  5.43625075375e-23
5.42454515866  5.9268415998e-23
5.63676586253  6.43662548998e-23
5.85728912925  6.9663533004e-23
6.08643977422  7.45571333091e-23
6.32455532034  7.86802350815e-23
6.5719864952  8.295276922e-23
6.82909774767  8.73924547373e-23
7.09626778467  9.1549708545e-23
7.37389012904  9.5107839072e-23
7.66237369911  9.87932557776e-23
7.96214341107  1.02552768377e-22
8.27364080478  1.05752474485e-22
8.59732469416  1.0889362177e-22
8.93367184302  1.12113068047e-22
9.28317766723  1.14807325131e-22
9.64635696448  1.17391612463e-22
10.0237446725  1.19983870063e-22
10.4158966572  1.22246166027e-22
10.8233905309  1.24541114392e-22
11.2468265038  1.26672058164e-22
11.6868282675  1.28701480148e-22
12.1440439138  1.30656177518e-22
12.6191468896  1.3238672193e-22
13.1128369884  1.34073710441e-22
13.6258413812  1.35556745939e-22
14.1589156877  1.37003610205e-22
14.7128450892  1.38341645662e-22
15.2884454851  1.39626823341e-22
15.8865646945  1.40851064108e-22
16.5080837054  1.4195923497e-22
17.1539179718  1.42996689102e-22
17.8250187627  1.43914774208e-22
18.5223745626  1.44573829634e-22
19.247012528  1.45162422904e-22
20  1.457740433e-22
20.7824460767  1.46409591694e-22
21.5955032466  1.47070004206e-22
22.440369086  1.47756253577e-22
23.3182880236  1.48469350604e-22
24.2305531726  1.49095710897e-22
25.1785082359  1.49349191352e-22
26.1635494852  1.49543249758e-22
27.1871278176  1.4967987636e-22
28.2507508925  1.49760982482e-22
29.3559853524  1.49788403754e-22
30.5044591308  1.49763903252e-22
31.6978638492  1.49689174564e-22
32.9379573097  1.49565844791e-22
34.2265660832  1.49395477471e-22
35.5655882008  1.49179575446e-22
36.9569959484  1.48919583676e-22
38.4028387728  1.48616891996e-22
39.9052462994  1.48272837832e-22
41.4664314697  1.47888708877e-22
43.0886938006  1.4746574573e-22
44.7744227714  1.47005144511e-22
46.5261013431  1.46508059452e-22
48.3463096161  1.45975605476e-22
50.2377286302  1.45408860759e-22
52.2031443137  1.44808869302e-22
54.2454515866  1.44176643494e-22
56.3676586253  1.43513166699e-22
58.5728912925  1.42819395854e-22
60.8643977422  1.42096264088e-22
63.2455532034  1.4134468339e-22
65.719864952  1.40565547295e-22
68.2909774767  1.39759733634e-22
70.9626778467  1.38928107327e-22
73.7389012904  1.38071523239e-22
76.6237369911  1.37190829103e-22
79.6214341107  1.3628686851e-22
82.7364080478  1.35360483981e-22
85.9732469416  1.3441252011e-22
89.3367184302  1.334438268e-22
92.8317766723  1.3245526257e-22
96.4635696448  1.31447697956e-22
100.237446725  1.30422018979e-22
104.158966572  1.29379130699e-22
108.233905309  1.28319960818e-22
112.468265038  1.2724546335e-22
116.868282675  1.26156622306e-22
121.440439138  1.25054455404e-22
126.191468896  1.23940017755e-22
131.128369884  1.22814405493e-22
136.258413812  1.21678759313e-22
141.589156877  1.20534267858e-22
147.128450892  1.19382170908e-22
152.884454851  1.18223762284e-22
158.865646945  1.17060392404e-22
165.080837054  1.158934704e-22
171.539179718  1.1472446569e-22
178.250187627  1.13554908903e-22
185.223745626  1.12386392052e-22
192.47012528  1.11220567807e-22
200  1.10059147775e-22
207.824460767  1.08903899633e-22
215.955032466  1.07756643004e-22
224.40369086  1.06619243965e-22
233.182880236  1.05493608071e-22
242.305531726  1.04381671828e-22
251.785082359  1.03285392561e-22
261.635494852  1.02206736648e-22
271.871278176  1.01147666163e-22
282.507508925  1.00110123992e-22
293.559853524  9.90960175588e-23
305.044591308  9.81736141336e-23
316.978638492  9.7210249963e-23
329.379573097  9.62757342615e-23
342.265660832  9.53716417072e-23
355.655882008  9.44994183027e-23
369.569959484  9.36603629462e-23
384.028387728  9.28556101279e-23
399.052462994  9.20861142426e-23
414.664314697  9.13526359957e-23
430.886938006  9.06557313486e-23
447.744227714  8.99957433944e-23
465.261013431  8.9372797488e-23
483.463096161  8.87867998714e-23
502.377286302  8.82374399473e-23
522.031443137  8.77241962642e-23
542.454515866  8.72463461946e-23
563.676586253  8.68029792235e-23
585.728912925  8.63930137299e-23
608.643977422  8.60152171505e-23
632.455532034  8.56682294982e-23
657.19864952  8.53505904109e-23
682.909774767  8.50607703639e-23
709.626778467  8.47972077565e-23
737.389012904  8.45583567815e-23
766.237369911  8.43450907882e-23
796.214341107  8.41701840099e-23
827.364080478  8.40352701201e-23
859.732469416  8.39396027415e-23
893.367184302  8.35141649535e-23
928.317766723  8.35263243086e-23
964.635696448  8.35717661326e-23
1002.37446725  8.36508407744e-23
1041.58966572  8.37637973924e-23
1082.33905309  8.39107817871e-23
1124.68265038  8.40918352736e-23
1168.68282675  8.43068946153e-23
1214.40439138  8.45557930216e-23
1261.91468896  8.48382621864e-23
1311.28369884  8.5153935322e-23
1362.58413812  8.55023511235e-23
1415.89156877  8.69416252946e-23
1471.28450892  8.78467557468e-23
1528.84454851  8.86753204087e-23
1588.65646945  8.94358999162e-23
1650.80837054  9.01360441934e-23
1715.39179718  9.07824464422e-23
1782.50187627  9.13810805127e-23
1852.23745626  9.19373104179e-23
1924.7012528  9.24559784007e-23
2000  9.29414763129e-23
2078.24460767  9.33978038752e-23
2159.55032466  9.38286165351e-23
2244.0369086  9.4120364023e-23
2331.82880236  9.44564454186e-23
2423.05531726  9.47577861924e-23
2517.85082359  9.50270615565e-23
2616.35494852  9.52667112196e-23
2718.71278176  9.54789675445e-23
2825.07508925  9.56658795489e-23
2935.59853524  9.58293334489e-23
3050.44591308  9.59710703149e-23
3169.78638492  9.60927012947e-23
3293.79573097  9.61957207825e-23
3422.65660832  9.62815178401e-23
3556.55882008  9.63513861278e-23
3695.69959484  9.64065325594e-23
3840.28387728  9.64480848615e-23
3990.52462994  9.64770981891e-23
4146.64314697  9.64945609296e-23
4308.86938006  9.65013998045e-23
4477.44227714  9.64984843664e-23
4652.61013431  9.64866309738e-23
4834.63096161  9.64666063159e-23
5023.77286302  9.64391305487e-23
5220.31443137  9.64048800996e-23
5424.54515866  9.63644901841e-23
5636.76586253  9.63185570796e-23
5857.28912925  9.62676401899e-23
6086.43977422  9.62122639317e-23
6324.55532034  9.61529194714e-23
6571.9864952  9.60900663343e-23
6829.09774767  9.60241339055e-23
7096.26778467  9.59555228413e-23
7373.89012904  9.58846064039e-23
7662.37369911  9.58117317316e-23
7962.14341107  9.57372210548e-23
8273.64080478  9.56613728654e-23
8597.32469416  9.55844630469e-23
8933.67184302  9.55067459687e-23
9283.17766723  9.54284555504e-23
9646.35696448  9.53498062974e-23
10023.7446725  9.52709943102e-23
10415.8966572  9.51921982698e-23
10823.3905309  9.51135803971e-23
11246.8265038  9.50352873899e-23
11686.8282675  9.49574513347e-23
12144.0439138  9.48801905934e-23
12619.1468896  9.48036106655e-23
13112.8369884  9.4727805023e-23
13625.8413812  9.4652855919e-23
14158.9156877  9.4578835168e-23
14712.8450892  9.45058048973e-23
15288.4454851  9.44338182693e-23
15886.5646945  9.43629201732e-23
16508.0837054  9.42931478869e-23
17153.9179718  9.42245317069e-23
17825.0187627  9.41570955481e-23
18522.3745626  9.40908575115e-23
19247.012528  9.40258304213e-23
20000  9.39620223312e-23

