0.964635696448 20 80
80
0.964635696448  0
1.00237446725  7.95861586898e-43
1.04158966572  5.30915880025e-42
1.08233905309  1.04630590755e-41
1.12468265038  1.58185918033e-41
1.16868282675  2.13836453096e-41
1.21440439138  2.71664165301e-41
1.26191468896  3.31754230833e-41
1.31128369884  3.94195158166e-41
1.36258413812  4.5907891843e-41
1.41589156877  5.26501080877e-41
1.47128450892  5.96560953648e-41
1.52884454851  6.69361730049e-41
1.58865646945  7.45010640543e-41
1.65080837054  8.23619110699e-41
1.71539179718  9.05302925308e-41
1.78250187627  9.9018239893e-41
1.85223745626  1.07838255311e-40
1.9247012528  1.17003330052e-40
2  2.66691554701e-36
2.07824460767  2.10865642208e-35
2.15955032466  4.27831752059e-35
2.2440369086  6.53286075983e-35
2.33182880236  8.87560692468e-35
2.42305531726  1.13100067168e-34
2.51785082359  1.38396458372e-34
2.61635494852  1.64682502679e-34
2.71871278176  1.91996917598e-34
2.82507508925  2.20379935357e-34
2.93559853524  2.4987336216e-34
3.05044591308  6.15254470635e-32
3.16978638492  2.02370461111e-31
3.29379573097  3.4898064785e-31
3.42265660832  5.0132656286e-31
3.55655882008  6.59632601045e-31
3.69569959484  8.24131936156e-31
3.84028387728  9.95066864235e-31
3.99052462994  5.72681720361e-30
4.14664314697  4.5178251598e-29
4.30886938006  9.33409355098e-29
4.47744227714  1.43387854575e-28
4.65261013431  1.95392724414e-28
4.83463096161  2.49432144572e-28
5.02377286302  8.49398338855e-28
5.22031443137  3.48803126076e-27
5.42454515866  6.41945818146e-27
5.63676586253  9.46556927682e-27
5.85728912925  1.2630851256e-26
6.08643977422  3.62916839793e-26
6.32455532034  9.29552751562e-26
6.5719864952  1.52231589329e-25
6.82909774767  2.13826929476e-25
7.09626778467  4.46840112798e-25
7.37389012904  9.71227702305e-25
7.66237369911  1.52054583668e-24
7.96214341107  2.23281180757e-24
8.27364080478  4.39967880985e-24
8.59732469416  7.02216493872e-24
8.93367184302  9.91312079173e-24
9.28317766723  1.53393867827e-23
9.64635696448  2.17791248251e-23
10.0237446725  2.87497411526e-23
10.4158966572  3.72850723056e-23
10.8233905309  4.63153125315e-23
11.2468265038  5.54288400553e-23
11.6868282675  6.47022125609e-23
12.1440439138  7.3941346298e-23
12.6191468896  8.27674854168e-23
13.1128369884  9.15811312858e-23
13.6258413812  9.98583593483e-23
14.1589156877  1.08057628862e-22
14.7128450892  1.15842816185e-22
15.2884454851  1.23373470352e-22
15.8865646945  1.30617277166e-22
16.5080837054  1.37468668498e-22
17.1539179718  1.44115750668e-22
17.8250187627  1.50354079537e-22
18.5223745626  1.56909804916e-22
19.247012528  1.63802530831e-22
20  1.70964916064e-22

