0.964635696448 20000 260
260
0.964635696448  0
1.00237446725  3.525219523e-36
1.04158966572  2.35165895194e-35
1.08233905309  4.63454710349e-35
1.12468265038  7.00674709892e-35
1.16868282675  9.47175302332e-35
1.21440439138  1.20331956585e-34
1.26191468896  1.46948478306e-34
1.31128369884  1.74606299678e-34
1.36258413812  2.0334615874e-34
1.41589156877  2.33210387301e-34
1.47128450892  2.64242973286e-34
1.52884454851  2.96489625528e-34
1.58865646945  3.29997841097e-34
1.65080837054  3.64816975257e-34
1.71539179718  4.00998314162e-34
1.78250187627  4.38595150401e-34
1.85223745626  4.77662861491e-34
1.9247012528  5.18258991444e-34
2  1.59097565126e-31
2.07824460767  1.25416485097e-30
2.15955032466  2.54404495518e-30
2.2440369086  3.88438814074e-30
2.33182880236  5.27716863965e-30
2.42305531726  6.72443792041e-30
2.51785082359  8.22832770971e-30
2.61635494852  9.79105313227e-30
2.71871278176  1.14149159736e-29
2.82507508925  1.31023080705e-29
2.93559853524  1.48557148336e-29
3.05044591308  2.96537214213e-28
3.16978638492  9.41878118011e-28
3.29379573097  1.61363143063e-27
3.42265660832  2.31166528045e-27
3.55655882008  3.03700782263e-27
3.69569959484  3.79072743612e-27
3.84028387728  4.57393429735e-27
3.99052462994  8.75373898229e-27
4.14664314697  3.86215728397e-26
4.30886938006  7.49556412963e-26
4.47744227714  1.12711182219e-25
4.65261013431  1.51943806884e-25
4.83463096161  1.92711302213e-25
5.02377286302  3.25953836962e-25
5.22031443137  8.01181621716e-25
5.42454515866  1.32668080498e-24
5.63676586253  1.87273872695e-24
5.85728912925  2.44015969286e-24
6.08643977422  3.80872591964e-24
6.32455532034  6.45735448524e-24
6.5719864952  9.22474188424e-24
6.82909774767  1.21003958539e-23
7.09626778467  1.61263270965e-23
7.37389012904  2.20429377758e-23
7.66237369911  2.82181315107e-23
7.96214341107  3.4688578695e-23
8.27364080478  4.19534355174e-23
8.59732469416  4.96432008799e-23
8.93367184302  5.75871787484e-23
9.28317766723  6.51610281072e-23
9.64635696448  7.28059604233e-23
10.0237446725  8.05222386957e-23
10.4158966572  8.74855348853e-23
10.8233905309  9.45838306186e-23
11.2468265038  1.01201983546e-22
11.6868282675  1.07526950797e-22
12.1440439138  1.13685767508e-22
12.6191468896  1.19278772192e-22
13.1128369884  1.24830107207e-22
13.6258413812  1.29973619674e-22
14.1589156877  1.35015574185e-22
14.7128450892  1.39696772717e-22
15.2884454851  1.44192767069e-22
15.8865646945  1.48487911519e-22
16.5080837054  1.52562997597e-22
17.1539179718  1.56516726107e-22
17.8250187627  1.60216069614e-22
18.5223745626  1.64134195203e-22
19.247012528  1.68263446376e-22
20  1.72554243368e-22
20.7824460767  1.77012906224e-22
21.5955032466  1.81646002243e-22
22.440369086  1.86460355652e-22
23.3182880236  1.91463057658e-22
24.2305531726  1.95852578828e-22
25.1785082359  1.97783793664e-22
26.1635494852  1.99566426526e-22
27.1871278176  2.01205831201e-22
28.2507508925  2.0270715185e-22
29.3559853524  2.04075331169e-22
30.5044591308  2.05315118319e-22
31.6978638492  2.06431076632e-22
32.9379573097  2.07427591095e-22
34.2265660832  2.08308875632e-22
35.5655882008  2.0907898019e-22
36.9569959484  2.09741797638e-22
38.4028387728  2.10301070493e-22
39.9052462994  2.10760397485e-22
41.4664314697  2.11123239965e-22
43.0886938006  2.1139292818e-22
44.7744227714  2.11572667412e-22
46.5261013431  2.11665544004e-22
48.3463096161  2.11674531277e-22
50.2377286302  2.1160249536e-22
52.2031443137  2.11452200932e-22
54.2454515866  2.11226316904e-22
56.3676586253  2.10927422036e-22
58.5728912925  2.10558010516e-22
60.8643977422  2.10120497513e-22
63.2455532034  2.09617224704e-22
65.719864952  2.09050465802e-22
68.2909774767  2.08422432092e-22
70.9626778467  2.07735277982e-22
73.7389012904  2.06991106595e-22
76.6237369911  2.06191975394e-22
79.6214341107  2.05339901874e-22
82.7364080478  2.04436869299e-22
85.9732469416  2.03484832532e-22
89.3367184302  2.02485723921e-22
92.8317766723  2.01441459285e-22
96.4635696448  2.00353943965e-22
100.237446725  1.99225078973e-22
104.158966572  1.98056767198e-22
108.233905309  1.96850919687e-22
112.468265038  1.95609461971e-22
116.868282675  1.94334340406e-22
121.440439138  1.93027528522e-22
126.191468896  1.9169103331e-22
131.128369884  1.90326901424e-22
136.258413812  1.88937225224e-22
141.589156877  1.87524148594e-22
147.128450892  1.86089872444e-22
152.884454851  1.84636659802e-22
158.865646945  1.83166840385e-22
165.080837054  1.81682814509e-22
171.539179718  1.80187056205e-22
178.250187627  1.78682115381e-22
185.223745626  1.77170618855e-22
192.47012528  1.75655270082e-22
200  1.74138847388e-22
207.824460767  1.72624200518e-22
215.955032466  1.71114245315e-22
224.40369086  1.69611956352e-22
233.182880236  1.68120357366e-22
242.305531726  1.66642509365e-22
251.785082359  1.65181496327e-22
261.635494852  1.63740408458e-22
271.871278176  1.62322323034e-22
282.507508925  1.60930282948e-22
293.559853524  1.5956727314e-22
305.044591308  1.58335143739e-22
316.978638492  1.57036437946e-22
329.379573097  1.55775225778e-22
342.265660832  1.5455398215e-22
355.655882008  1.5337498779e-22
369.569959484  1.52240302172e-22
384.028387728  1.51151738097e-22
399.052462994  1.50110838644e-22
414.664314697  1.49118857215e-22
430.886938006  1.48176741342e-22
447.744227714  1.47285120849e-22
465.261013431  1.46444300849e-22
483.463096161  1.45654259941e-22
502.377286302  1.44914653833e-22
522.031443137  1.44224824489e-22
542.454515866  1.43583814757e-22
563.676586253  1.42990388368e-22
585.728912925  1.42443055106e-22
608.643977422  1.41940100998e-22
632.455532034  1.41479623478e-22
657.19864952  1.41059571783e-22
682.909774767  1.40677793553e-22
709.626778467  1.40332090205e-22
737.389012904  1.40020288483e-22
766.237369911  1.39743852567e-22
796.214341107  1.39522140183e-22
827.364080478  1.39357768677e-22
859.732469416  1.39249774261e-22
893.367184302  1.38674762529e-22
928.317766723  1.38721385745e-22
964.635696448  1.38816132464e-22
1002.37446725  1.38959529845e-22
1041.58966572  1.39151947972e-22
1082.33905309  1.39393597003e-22
1124.68265038  1.39684525974e-22
1168.68282675  1.40024623284e-22
1214.40439138  1.40413618856e-22
1261.91468896  1.4085108792e-22
1311.28369884  1.41336456339e-22
1362.58413812  1.41869007348e-22
1415.89156877  1.440325386e-22
1471.28450892  1.45392510956e-22
1528.84454851  1.46635143813e-22
1588.65646945  1.47773737672e-22
1650.80837054  1.48819933047e-22
1715.39179718  1.49784000225e-22
1782.50187627  1.50675066419e-22
1852.23745626  1.5150129571e-22
1924.7012528  1.52270032928e-22
2000  1.52987919653e-22
2078.24460767  1.53660988464e-22
2159.55032466  1.54294740023e-22
2244.0369086  1.54730506447e-22
2331.82880236  1.55225442145e-22
2423.05531726  1.55669073016e-22
2517.85082359  1.56065390834e-22
2616.35494852  1.56418031499e-22
2718.71278176  1.56730318129e-22
2825.07508925  1.57005297703e-22
2935.59853524  1.57245772348e-22
3050.44591308  1.57454326165e-22
3169.78638492  1.57633348322e-22
3293.79573097  1.57785052996e-22
3422.65660832  1.57911496636e-22
3556.55882008  1.58014592965e-22
3695.69959484  1.58096126032e-22
3840.28387728  1.58157761607e-22
3990.52462994  1.58201057139e-22
4146.64314697  1.58227470498e-22
4308.86938006  1.58238367646e-22
4477.44227714  1.58235029401e-22
4652.61013431  1.58218657415e-22
4834.63096161  1.58190379471e-22
5023.77286302  1.58151254198e-22
5220.31443137  1.58102275284e-22
5424.54515866  1.58044375261e-22
5636.76586253  1.57978428917e-22
5857.28912925  1.57905256401e-22
6086.43977422  1.57825626052e-22
6324.55532034  1.57740257009e-22
6571.9864952  1.57649821621e-22
6829.09774767  1.57554947698e-22
7096.26778467  1.57456220628e-22
7373.89012904  1.5735418537e-22
7662.37369911  1.57249348356e-22
7962.14341107  1.57142179306e-22
8273.64080478  1.57033112974e-22
8597.32469416  1.56922550834e-22
8933.67184302  1.56810862707e-22
9283.17766723  1.56698388348e-22
9646.35696448  1.5658543898e-22
10023.7446725  1.56472298803e-22
10415.8966572  1.56359226446e-22
10823.3905309  1.56246456395e-22
11246.8265038  1.56134200384e-22
11686.8282675  1.56022648738e-22
12144.0439138  1.55911971693e-22
12619.1468896  1.55802320666e-22
13112.8369884  1.55693829491e-22
13625.8413812  1.55586615613e-22
14158.9156877  1.5548078124e-22
14712.8450892  1.55376414454e-22
15288.4454851  1.55273590272e-22
15886.5646945  1.5517237167e-22
16508.0837054  1.55072810553e-22
17153.9179718  1.54974948691e-22
17825.0187627  1.5487881859e-22
18522.3745626  1.54784444336e-22
19247.012528  1.54691842384e-22
20000  1.54601022294e-22

