0.964635696448 20 80
80
0.964635696448  0
1.00237446725  1.5701756316e-41
1.04158966572  1.04745748629e-40
1.08233905309  2.06428362204e-40
1.12468265038  3.12089033881e-40
1.16868282675  4.2188339446e-40
1.21440439138  5.35973163372e-40
1.26191468896  6.54526386888e-40
1.31128369884  7.77717685635e-40
1.36258413812  9.05728511802e-40
1.41589156877  1.0387474164e-39
1.47128450892  1.17697032701e-39
1.52884454851  1.32060083632e-39
1.58865646945  1.46985050205e-39
1.65080837054  1.62493915856e-39
1.71539179718  1.7860952406e-39
1.78250187627  1.95355611986e-39
1.85223745626  2.12756845451e-39
1.9247012528  2.30838855259e-39
2  2.27836798386e-35
2.07824460767  1.80134594946e-34
2.15955032466  3.65479134937e-34
2.2440369086  5.58074780336e-34
2.33182880236  7.58205211092e-34
2.42305531726  9.66165205366e-34
2.51785082359  1.18226107372e-33
2.61635494852  1.4068111103e-33
2.71871278176  1.64014606163e-33
2.82507508925  1.88260961382e-33
2.93559853524  2.13455889877e-33
3.05044591308  3.18290898051e-31
3.16978638492  1.04486163743e-30
3.29379573097  1.80117271465e-30
3.42265660832  2.58707242362e-30
3.55655882008  3.40371833979e-30
3.69569959484  4.25231332562e-30
3.84028387728  5.13410730231e-30
3.99052462994  2.28870370153e-29
4.14664314697  1.69008998061e-28
4.30886938006  3.47347053697e-28
4.47744227714  5.3266210493e-28
4.65261013431  7.25227107904e-28
4.83463096161  9.25325697432e-28
5.02377286302  2.74642651343e-27
5.22031443137  1.06166765803e-26
5.42454515866  1.93571562249e-26
5.63676586253  2.84395835698e-26
5.85728912925  3.78773363969e-26
6.08643977422  9.85447113265e-26
6.32455532034  2.41669777164e-25
6.5719864952  3.91382668223e-25
6.82909774767  5.46952672494e-25
7.09626778467  1.04351539892e-24
7.37389012904  2.11882808767e-24
7.66237369911  3.24495883408e-24
7.96214341107  4.60596336217e-24
8.27364080478  7.94479029334e-24
8.59732469416  1.19144882229e-23
8.93367184302  1.61807234869e-23
9.28317766723  2.26762811091e-23
9.64635696448  3.01081370814e-23
10.0237446725  3.79616222513e-23
10.4158966572  4.67285585763e-23
10.8233905309  5.59118502674e-23
11.2468265038  6.49742102031e-23
11.6868282675  7.40412739837e-23
12.1440439138  8.30176653468e-23
12.6191468896  9.14764479146e-23
13.1128369884  9.98674081318e-23
13.6258413812  1.07604925066e-22
14.1589156877  1.15218774404e-22
14.7128450892  1.2235568122e-22
15.2884454851  1.29219123915e-22
15.8865646945  1.35781873664e-22
16.5080837054  1.41990674661e-22
17.1539179718  1.48038223681e-22
17.8250187627  1.53776165703e-22
18.5223745626  1.59766014685e-22
19.247012528  1.66051438016e-22
20  1.72582761587e-22

