0.964635696448 20 80
80
0.964635696448  0
1.00237446725  1.57004973302e-35
1.04158966572  1.04737349988e-34
1.08233905309  2.06411810528e-34
1.12468265038  3.12064010205e-34
1.16868282675  4.21849567339e-34
1.21440439138  5.35930188396e-34
1.26191468896  6.54473906171e-34
1.31128369884  7.77655327291e-34
1.36258413812  9.05655889395e-34
1.41589156877  1.03866412838e-33
1.47128450892  1.1768759561e-33
1.52884454851  1.32049494895e-33
1.58865646945  1.46973264766e-33
1.65080837054  1.62480886897e-33
1.71539179718  1.78595202933e-33
1.78250187627  1.95339948136e-33
1.85223745626  2.12739786349e-33
1.9247012528  2.3082034632e-33
2  4.28612596591e-31
2.07824460767  3.3720148836e-30
2.15955032466  6.83903863058e-30
2.2440369086  1.0441700334e-29
2.33182880236  1.41853064632e-29
2.42305531726  1.80753710888e-29
2.51785082359  2.21176240046e-29
2.61635494852  2.63180191672e-29
2.71871278176  3.06827434656e-29
2.82507508925  3.52182258341e-29
2.93559853524  3.99311467219e-29
3.05044591308  5.86822065141e-28
3.16978638492  1.83805235675e-27
3.29379573097  3.1404902328e-27
3.42265660832  4.49388247916e-27
3.55655882008  5.90022254819e-27
3.69569959484  7.36158188069e-27
3.84028387728  8.88011295701e-27
3.99052462994  1.5744902541e-26
4.14664314697  6.29691555542e-26
4.30886938006  1.2036199215e-25
4.47744227714  1.80000168738e-25
4.65261013431  2.4197152819e-25
4.83463096161  3.06367349995e-25
5.02377286302  5.00062553012e-25
5.22031443137  1.17114171006e-24
5.42454515866  1.91266858417e-24
5.63676586253  2.68320569796e-24
5.85728912925  3.48388799882e-24
6.08643977422  5.24995011364e-24
6.32455532034  8.55585825706e-24
6.5719864952  1.20092539773e-23
6.82909774767  1.55977544942e-23
7.09626778467  2.021065656e-23
7.37389012904  2.64804024229e-23
7.66237369911  3.3018529759e-23
7.96214341107  3.98155260839e-23
8.27364080478  4.69095254454e-23
8.59732469416  5.42891392277e-23
8.93367184302  6.19042361685e-23
9.28317766723  6.90400246798e-23
9.64635696448  7.61979010385e-23
10.0237446725  8.3422632238e-23
10.4158966572  8.99426072613e-23
10.8233905309  9.65893084775e-23
11.2468265038  1.02832874194e-22
11.6868282675  1.08837571725e-22
12.1440439138  1.14713421078e-22
12.6191468896  1.20109589889e-22
13.1128369884  1.25455923119e-22
13.6258413812  1.30378577214e-22
14.1589156877  1.35215854347e-22
14.7128450892  1.39736489513e-22
15.2884454851  1.44036715138e-22
15.8865646945  1.4809532747e-22
16.5080837054  1.51885682061e-22
17.1539179718  1.55555756346e-22
17.8250187627  1.59024128404e-22
18.5223745626  1.62663030639e-22
19.247012528  1.66486196194e-22
20  1.70458932794e-22

