0.964635696448 20000 260
260
0.964635696448  0
1.00237446725  1.06146425649e-29
1.04158966572  7.08016936312e-29
1.08233905309  1.39530087516e-28
1.12468265038  2.10947294508e-28
1.16868282675  2.8515850717e-28
1.21440439138  3.62273033443e-28
1.26191468896  4.42404457643e-28
1.31128369884  5.25670807767e-28
1.36258413812  6.1219472934e-28
1.41589156877  7.02103666061e-28
1.47128450892  7.95530047523e-28
1.52884454851  8.92611484266e-28
1.58865646945  9.93490970474e-28
1.65080837054  1.09831709459e-27
1.71539179718  1.20724425819e-27
1.78250187627  1.32043290337e-27
1.85223745626  1.43804974913e-27
1.9247012528  1.56026803686e-27
2  5.54688374373e-27
2.07824460767  3.23374032673e-26
2.15955032466  6.38757985374e-26
2.2440369086  9.66480484898e-26
2.33182880236  1.30702424362e-25
2.42305531726  1.66089085874e-25
2.51785082359  2.0286015511e-25
2.61635494852  2.41069793288e-25
2.71871278176  2.80774280541e-25
2.82507508925  3.22032098808e-25
2.93559853524  3.64904017976e-25
3.05044591308  7.24527179695e-25
3.16978638492  1.49523133697e-24
3.29379573097  2.29739901677e-24
3.42265660832  3.13094934427e-24
3.55655882008  3.99711008095e-24
3.69569959484  4.89715702114e-24
3.84028387728  5.83241587118e-24
3.99052462994  7.04066629349e-24
4.14664314697  1.00888551939e-23
4.30886938006  1.36283734834e-23
4.47744227714  1.73063658828e-23
4.65261013431  2.11282498184e-23
4.83463096161  2.50996546586e-23
5.02377286302  2.94035490566e-23
5.22031443137  3.45321679477e-23
5.42454515866  3.99231711639e-23
5.63676586253  4.55250828458e-23
5.85728912925  5.13461542187e-23
6.08643977422  5.6965283331e-23
6.32455532034  6.21276824384e-23
6.5719864952  6.74836959833e-23
6.82909774767  7.30492491174e-23
7.09626778467  7.83153003916e-23
7.37389012904  8.29235368507e-23
7.66237369911  8.76985453936e-23
7.96214341107  9.25650580337e-23
8.27364080478  9.66607127358e-23
8.59732469416  1.00666745338e-22
8.93367184302  1.04786046714e-22
9.28317766723  1.08431915305e-22
9.64635696448  1.12010518212e-22
10.0237446725  1.15591798324e-22
10.4158966572  1.18677115031e-22
10.8233905309  1.2180063511e-22
11.2468265038  1.24648587518e-22
11.6868282675  1.27318178137e-22
12.1440439138  1.29938670884e-22
12.6191468896  1.32362193109e-22
13.1128369884  1.34751041841e-22
13.6258413812  1.36915734616e-22
14.1589156877  1.39006540771e-22
14.7128450892  1.40885854366e-22
15.2884454851  1.42666887525e-22
15.8865646945  1.443441163e-22
16.5080837054  1.45923233554e-22
17.1539179718  1.47449245521e-22
17.8250187627  1.48870361829e-22
18.5223745626  1.50194906959e-22
19.247012528  1.51527856926e-22
20  1.52912954967e-22
20.7824460767  1.54352241234e-22
21.5955032466  1.55847835696e-22
22.440369086  1.57401941259e-22
23.3182880236  1.59016847012e-22
24.2305531726  1.60409341559e-22
25.1785082359  1.6091782646e-22
26.1635494852  1.61352250356e-22
27.1871278176  1.61715150181e-22
28.2507508925  1.62008962622e-22
29.3559853524  1.62236028151e-22
30.5044591308  1.62398594959e-22
31.6978638492  1.62498822784e-22
32.9379573097  1.62538786642e-22
34.2265660832  1.62520480475e-22
35.5655882008  1.62445820714e-22
36.9569959484  1.62316649758e-22
38.4028387728  1.62134739396e-22
39.9052462994  1.61901794152e-22
41.4664314697  1.6161945458e-22
43.0886938006  1.61289300506e-22
44.7744227714  1.60912854226e-22
46.5261013431  1.60491583669e-22
48.3463096161  1.60026905533e-22
50.2377286302  1.59520188389e-22
52.2031443137  1.58972755786e-22
54.2454515866  1.58385889335e-22
56.3676586253  1.57760831808e-22
58.5728912925  1.57098790236e-22
60.8643977422  1.56400939028e-22
63.2455532034  1.55668423121e-22
65.719864952  1.54902361152e-22
68.2909774767  1.54103848688e-22
70.9626778467  1.53273961487e-22
73.7389012904  1.52413758835e-22
76.6237369911  1.51524286928e-22
79.6214341107  1.50606582343e-22
82.7364080478  1.4966167557e-22
85.9732469416  1.48690594634e-22
89.3367184302  1.47694368793e-22
92.8317766723  1.46674032331e-22
96.4635696448  1.45630628427e-22
100.237446725  1.44565213108e-22
104.158966572  1.43478859281e-22
108.233905309  1.42372660828e-22
112.468265038  1.4124773675e-22
116.868282675  1.40105235355e-22
121.440439138  1.38946338444e-22
126.191468896  1.37772265479e-22
131.128369884  1.365842777e-22
136.258413812  1.35383682123e-22
141.589156877  1.34171835389e-22
147.128450892  1.32950147383e-22
152.884454851  1.31720084557e-22
158.865646945  1.30483172867e-22
165.080837054  1.29241000228e-22
171.539179718  1.27995218383e-22
178.250187627  1.26747544066e-22
185.223745626  1.25499759333e-22
192.47012528  1.24253710928e-22
200  1.23011308547e-22
207.824460767  1.21774521854e-22
215.955032466  1.20545376126e-22
224.40369086  1.19325946382e-22
233.182880236  1.18118349901e-22
242.305531726  1.16924737025e-22
251.785082359  1.15747280193e-22
261.635494852  1.14588161189e-22
271.871278176  1.13449556623e-22
282.507508925  1.12333621722e-22
293.559853524  1.11242472591e-22
305.044591308  1.10251036899e-22
316.978638492  1.0921378891e-22
329.379573097  1.08207333951e-22
342.265660832  1.07233422986e-22
355.655882008  1.06293665851e-22
369.569959484  1.05389511035e-22
384.028387728  1.04522226668e-22
399.052462994  1.03692883281e-22
414.664314697  1.0290233884e-22
430.886938006  1.02151226567e-22
447.744227714  1.01439945972e-22
465.261013431  1.0076865745e-22
483.463096161  1.0013728072e-22
502.377286302  9.9545497283e-23
522.031443137  9.89927569435e-23
542.454515866  9.847828841e-23
563.676586253  9.80011138608e-23
585.728912925  9.75600673564e-23
608.643977422  9.71538169755e-23
632.455532034  9.67808906437e-23
657.19864952  9.64397058494e-23
682.909774767  9.61286039401e-23
709.626778467  9.58458908867e-23
737.389012904  9.55898899125e-23
766.237369911  9.53615856979e-23
796.214341107  9.51750574194e-23
827.364080478  9.50321281538e-23
859.732469416  9.49320014227e-23
893.367184302  9.447317884e-23
928.317766723  9.44906130677e-23
964.635696448  9.45443946734e-23
1002.37446725  9.46349090504e-23
1041.58966572  9.47624292057e-23
1082.33905309  9.49271134315e-23
1124.68265038  9.51290041393e-23
1168.68282675  9.53680278824e-23
1214.40439138  9.56439965656e-23
1261.91468896  9.59566098139e-23
1311.28369884  9.63054584498e-23
1362.58413812  9.66900290009e-23
1415.89156877  9.82733935422e-23
1471.28450892  9.92689581733e-23
1528.84454851  1.00179919593e-22
1588.65646945  1.01015788206e-22
1650.80837054  1.01784921488e-22
1715.39179718  1.02494720171e-22
1782.50187627  1.03151782886e-22
1852.23745626  1.03762029254e-22
1924.7012528  1.04330798741e-22
2000  1.04862930683e-22
2078.24460767  1.05362829523e-22
2159.55032466  1.05834518348e-22
2244.0369086  1.06154895745e-22
2331.82880236  1.06522925659e-22
2423.05531726  1.06852883846e-22
2517.85082359  1.07147709505e-22
2616.35494852  1.07410082203e-22
2718.71278176  1.07642453029e-22
2825.07508925  1.07847071125e-22
2935.59853524  1.08026006386e-22
3050.44591308  1.0818116895e-22
3169.78638492  1.08314326009e-22
3293.79573097  1.08427116332e-22
3422.65660832  1.08521062859e-22
3556.55882008  1.08597583655e-22
3695.69959484  1.08658001441e-22
3840.28387728  1.0870355193e-22
3990.52462994  1.08735391111e-22
4146.64314697  1.08754601641e-22
4308.86938006  1.08762198465e-22
4477.44227714  1.08759133767e-22
4652.61013431  1.08746301342e-22
4834.63096161  1.08724540483e-22
5023.77286302  1.08694639427e-22
5220.31443137  1.08657338443e-22
5424.54515866  1.08613332604e-22
5636.76586253  1.08563274284e-22
5857.28912925  1.08507775435e-22
6086.43977422  1.08447409656e-22
6324.55532034  1.08382714107e-22
6571.9864952  1.08314191277e-22
6829.09774767  1.08242310634e-22
7096.26778467  1.08167510175e-22
7373.89012904  1.08090197895e-22
7662.37369911  1.08010753178e-22
7962.14341107  1.07929528135e-22
8273.64080478  1.0784684889e-22
8597.32469416  1.07763016813e-22
8933.67184302  1.0767830973e-22
9283.17766723  1.07592983082e-22
9646.35696448  1.07507271066e-22
10023.7446725  1.07421387741e-22
10415.8966572  1.07335528105e-22
10823.3905309  1.07249869153e-22
11246.8265038  1.07164570896e-22
11686.8282675  1.07079777367e-22
12144.0439138  1.0699561759e-22
12619.1468896  1.06912206522e-22
13112.8369884  1.06829645972e-22
13625.8413812  1.06748025485e-22
14158.9156877  1.06667423195e-22
14712.8450892  1.06587906649e-22
15288.4454851  1.065095336e-22
15886.5646945  1.06432352761e-22
16508.0837054  1.06356404531e-22
17153.9179718  1.06281721685e-22
17825.0187627  1.06208330032e-22
18522.3745626  1.06136249032e-22
19247.012528  1.06065492387e-22
20000  1.05996068597e-22

