0.964635696448 20000 260
260
0.964635696448  0
1.00237446725  4.74897597406e-37
1.04158966572  3.16802167613e-36
1.08233905309  6.24339922707e-36
1.12468265038  9.43909263295e-36
1.16868282675  1.27598089272e-35
1.21440439138  1.62104392933e-35
1.26191468896  1.9796066269e-35
1.31128369884  2.35219712327e-35
1.36258413812  2.73936421824e-35
1.41589156877  3.14167818194e-35
1.47128450892  3.55973159477e-35
1.52884454851  3.99414022022e-35
1.58865646945  4.44554391192e-35
1.65080837054  4.91460755599e-35
1.71539179718  5.40202205046e-35
1.78250187627  5.90850532288e-35
1.85223745626  6.43480338777e-35
1.9247012528  6.98169144546e-35
2  3.86297553353e-32
2.07824460767  3.04931740118e-31
2.15955032466  6.18609592549e-31
2.2440369086  9.4455924523e-31
2.33182880236  1.28326079926e-30
2.42305531726  1.63521313839e-30
2.51785082359  2.00093466387e-30
2.61635494852  2.38096405799e-30
2.71871278176  2.77586107753e-30
2.82507508925  3.18620737826e-30
2.93559853524  3.61260737164e-30
3.05044591308  9.75016243927e-29
3.16978638492  3.12811154241e-28
3.29379573097  5.36933148046e-28
3.42265660832  7.69823310589e-28
3.55655882008  1.01182467283e-27
3.69569959484  1.2632936859e-27
3.84028387728  1.52460074609e-27
3.99052462994  3.21147681752e-27
4.14664314697  1.56971075304e-26
4.30886938006  3.08988418121e-26
4.47744227714  4.66953029611e-26
4.65261013431  6.31097580628e-26
4.83463096161  8.01663844642e-26
5.02377286302  1.47298686853e-25
5.22031443137  4.00148927962e-25
5.42454515866  6.80114244167e-25
5.63676586253  9.71032448536e-25
5.85728912925  1.27333204329e-24
6.08643977422  2.18525710842e-24
6.32455532034  4.07414650376e-24
6.5719864952  6.04855148448e-24
6.82909774767  8.10019973675e-24
7.09626778467  1.13755532869e-23
7.37389012904  1.66886918437e-23
7.66237369911  2.22395647088e-23
7.96214341107  2.81096113737e-23
8.27364080478  3.52381877621e-23
8.59732469416  4.29130835954e-23
8.93367184302  5.08549437803e-23
9.28317766723  5.86213012177e-23
9.64635696448  6.65306759239e-23
10.0237446725  7.4541938449e-23
10.4158966572  8.19053051347e-23
10.8233905309  8.94311512919e-23
11.2468265038  9.65021955432e-23
11.6868282675  1.03304047826e-22
12.1440439138  1.09988478168e-22
12.6191468896  1.1618631732e-22
13.1128369884  1.22339159681e-22
13.6258413812  1.28033261409e-22
14.1589156877  1.33611969559e-22
14.7128450892  1.38785879718e-22
15.2884454851  1.43770411071e-22
15.8865646945  1.48543193533e-22
16.5080837054  1.52993018089e-22
17.1539179718  1.5727383351e-22
17.8250187627  1.61255054072e-22
18.5223745626  1.65480602196e-22
19.247012528  1.69939969631e-22
20  1.74573797795e-22
20.7824460767  1.79388911992e-22
21.5955032466  1.84392404549e-22
22.440369086  1.89591645262e-22
23.3182880236  1.94994292251e-22
24.2305531726  1.99753149679e-22
25.1785082359  2.01912895833e-22
26.1635494852  2.03912556717e-22
27.1871278176  2.05757922902e-22
28.2507508925  2.07454558424e-22
29.3559853524  2.09007809585e-22
30.5044591308  2.10422813495e-22
31.6978638492  2.11704506375e-22
32.9379573097  2.12857631615e-22
34.2265660832  2.13886747622e-22
35.5655882008  2.14796235438e-22
36.9569959484  2.15590306175e-22
38.4028387728  2.16273008239e-22
39.9052462994  2.16848234398e-22
41.4664314697  2.17319728662e-22
43.0886938006  2.17691093026e-22
44.7744227714  2.17965794058e-22
46.5261013431  2.18147169364e-22
48.3463096161  2.18238433936e-22
50.2377286302  2.18242686388e-22
52.2031443137  2.18162915114e-22
54.2454515866  2.18002004353e-22
56.3676586253  2.17762740201e-22
58.5728912925  2.17447816563e-22
60.8643977422  2.17059841072e-22
63.2455532034  2.16601340984e-22
65.719864952  2.16074769057e-22
68.2909774767  2.15482509437e-22
70.9626778467  2.14826883555e-22
73.7389012904  2.14110156058e-22
76.6237369911  2.1333454077e-22
79.6214341107  2.12502206713e-22
82.7364080478  2.11615284182e-22
85.9732469416  2.10675870893e-22
89.3367184302  2.09686038201e-22
92.8317766723  2.08647837404e-22
96.4635696448  2.07563306125e-22
100.237446725  2.06434474771e-22
104.158966572  2.05263373069e-22
108.233905309  2.04052036661e-22
112.468265038  2.02802513741e-22
116.868282675  2.01516871723e-22
121.440439138  2.00197203885e-22
126.191468896  1.98845635972e-22
131.128369884  1.97464332692e-22
136.258413812  1.96055504053e-22
141.589156877  1.94621411456e-22
147.128450892  1.93164373465e-22
152.884454851  1.91686771149e-22
158.865646945  1.90191052875e-22
165.080837054  1.88679738424e-22
171.539179718  1.87155422277e-22
178.250187627  1.85620775903e-22
185.223745626  1.84078548893e-22
192.47012528  1.82531568721e-22
200  1.80982738965e-22
207.824460767  1.79435035782e-22
215.955032466  1.77891502434e-22
224.40369086  1.76355241702e-22
233.182880236  1.74829406019e-22
242.305531726  1.73317185188e-22
251.785082359  1.71821791609e-22
261.635494852  1.70346442967e-22
271.871278176  1.68894342437e-22
282.507508925  1.67468656497e-22
293.559853524  1.6607249055e-22
305.044591308  1.64811487578e-22
316.978638492  1.63480866107e-22
329.379573097  1.62188565629e-22
342.265660832  1.60937159614e-22
355.655882008  1.59729019617e-22
369.569959484  1.58566287333e-22
384.028387728  1.57450848347e-22
399.052462994  1.56384308362e-22
414.664314697  1.55367972626e-22
430.886938006  1.54402829276e-22
447.744227714  1.53489537187e-22
465.261013431  1.52628418836e-22
483.463096161  1.51819458551e-22
502.377286302  1.51062306382e-22
522.031443137  1.5035628768e-22
542.454515866  1.4970041835e-22
563.676586253  1.49093425648e-22
585.728912925  1.48533774337e-22
608.643977422  1.48019698009e-22
632.455532034  1.47549235558e-22
657.19864952  1.47120273055e-22
682.909774767  1.46730592039e-22
709.626778467  1.46377926893e-22
737.389012904  1.46060038989e-22
766.237369911  1.4577846394e-22
796.214341107  1.4555330142e-22
827.364080478  1.45387284275e-22
859.732469416  1.45279430182e-22
893.367184302  1.44690985462e-22
928.317766723  1.44742579714e-22
964.635696448  1.44843861053e-22
1002.37446725  1.44995375155e-22
1041.58966572  1.45197504477e-22
1082.33905309  1.45450465354e-22
1124.68265038  1.45754306821e-22
1168.68282675  1.46108911182e-22
1214.40439138  1.46513996327e-22
1261.91468896  1.46969119723e-22
1311.28369884  1.47473684017e-22
1362.58413812  1.48026944097e-22
1415.89156877  1.50271133819e-22
1471.28450892  1.51681663249e-22
1528.84454851  1.52970210396e-22
1588.65646945  1.54150616334e-22
1650.80837054  1.55234987904e-22
1715.39179718  1.56234001459e-22
1782.50187627  1.57157140807e-22
1852.23745626  1.58012885586e-22
1924.7012528  1.58808861783e-22
2000  1.59551963048e-22
2078.24460767  1.60248449186e-22
2159.55032466  1.60904026697e-22
2244.0369086  1.6135562496e-22
2331.82880236  1.61867651099e-22
2423.05531726  1.62326569438e-22
2517.85082359  1.62736516731e-22
2616.35494852  1.63101260521e-22
2718.71278176  1.63424243904e-22
2825.07508925  1.63708623569e-22
2935.59853524  1.63957302277e-22
3050.44591308  1.64172956708e-22
3169.78638492  1.6435806142e-22
3293.79573097  1.6451490954e-22
3422.65660832  1.64645630679e-22
3556.55882008  1.64752206484e-22
3695.69959484  1.64836484183e-22
3840.28387728  1.64900188401e-22
3990.52462994  1.6494493149e-22
4146.64314697  1.64972222587e-22
4308.86938006  1.64983475582e-22
4477.44227714  1.64980016122e-22
4652.61013431  1.64963087816e-22
4834.63096161  1.64933857725e-22
5023.77286302  1.64893421259e-22
5220.31443137  1.64842806537e-22
5424.54515866  1.64782978322e-22
5636.76586253  1.64714841555e-22
5857.28912925  1.64639244575e-22
6086.43977422  1.64556982059e-22
6324.55532034  1.6446879772e-22
6571.9864952  1.64375386819e-22
6829.09774767  1.64277398491e-22
7096.26778467  1.64175437942e-22
7373.89012904  1.64070068518e-22
7662.37369911  1.63961813679e-22
7962.14341107  1.63851158877e-22
8273.64080478  1.63738553373e-22
8597.32469416  1.63624411974e-22
8933.67184302  1.63509116733e-22
9283.17766723  1.63393018583e-22
9646.35696448  1.63276438939e-22
10023.7446725  1.63159671246e-22
10415.8966572  1.63042982499e-22
10823.3905309  1.62926614717e-22
11246.8265038  1.62810786377e-22
11686.8282675  1.6269569382e-22
12144.0439138  1.62581512606e-22
12619.1468896  1.62468398834e-22
13112.8369884  1.62356490425e-22
13625.8413812  1.62245908354e-22
14158.9156877  1.62136757846e-22
14712.8450892  1.62029129523e-22
15288.4454851  1.61923100508e-22
15886.5646945  1.61818735478e-22
16508.0837054  1.61716087678e-22
17153.9179718  1.61615199877e-22
17825.0187627  1.61516105283e-22
18522.3745626  1.61418828406e-22
19247.012528  1.61323385878e-22
20000  1.6122978722e-22

