0.964635696448 20 80
80
0.964635696448  0
1.00237446725  4.41586126522e-38
1.04158966572  2.94580227051e-37
1.08233905309  5.80545889487e-37
1.12468265038  8.77699187453e-37
1.16868282675  1.18647780703e-36
1.21440439138  1.50733655758e-36
1.26191468896  1.84074804165e-36
1.31128369884  2.18720335111e-36
1.36258413812  2.54721279045e-36
1.41589156877  2.92130662846e-36
1.47128450892  3.31003587927e-36
1.52884454851  3.71397311393e-36
1.58865646945  4.13371330381e-36
1.65080837054  4.56987469694e-36
1.71539179718  5.02309972861e-36
1.78250187627  5.49405596768e-36
1.85223745626  5.98343709982e-36
1.9247012528  6.49196394931e-36
2  6.86469401211e-33
2.07824460767  5.42315214686e-32
2.15955032466  1.10025109528e-31
2.2440369086  1.68001471292e-31
2.33182880236  2.28246001896e-31
2.42305531726  2.9084743733e-31
2.51785082359  3.55897985142e-31
2.61635494852  4.2349346025e-31
2.71871278176  4.93733426074e-31
2.82507508925  5.66721341181e-31
2.93559853524  6.4256471168e-31
3.05044591308  2.6463783924e-29
3.16978638492  8.57321332001e-29
3.29379573097  1.47426374526e-28
3.42265660832  2.11534236705e-28
3.55655882008  2.78150146147e-28
3.69569959484  3.47372223438e-28
3.84028387728  4.1930242787e-28
3.99052462994  1.05001131466e-27
4.14664314697  5.92134957393e-27
4.30886938006  1.1858307829e-26
4.47744227714  1.80275335688e-26
4.65261013431  2.44381136324e-26
4.83463096161  3.1099490357e-26
5.02377286302  6.38425485811e-26
5.22031443137  1.93551181635e-25
5.42454515866  3.37335138581e-25
5.63676586253  4.86744255178e-25
5.85728912925  6.41998600631e-25
6.08643977422  1.19358141319e-24
6.32455532034  2.38123413823e-24
6.5719864952  3.62293494982e-24
6.82909774767  4.91321395784e-24
7.09626778467  7.24161585193e-24
7.37389012904  1.13105629636e-23
7.66237369911  1.5564498619e-23
7.96214341107  2.01509291508e-23
8.27364080478  2.6591782037e-23
8.59732469416  3.37199902844e-23
8.93367184302  4.11372166347e-23
9.28317766723  4.8992785331e-23
9.64635696448  5.7204689348e-23
10.0237446725  6.5578871575e-23
10.4158966572  7.35442538054e-23
10.8233905309  8.17236732294e-23
11.2468265038  8.94240366869e-23
11.6868282675  9.68435314031e-23
12.1440439138  1.04127090236e-22
12.6191468896  1.10864250859e-22
13.1128369884  1.17515480847e-22
13.6258413812  1.23571206363e-22
14.1589156877  1.29485137037e-22
14.7128450892  1.34940489872e-22
15.2884454851  1.40211964315e-22
15.8865646945  1.45278063224e-22
16.5080837054  1.50012937758e-22
17.1539179718  1.54605223025e-22
17.8250187627  1.5896521923e-22
18.5223745626  1.63698075005e-22
19.247012528  1.68729553259e-22
20  1.73957874534e-22

