0.964635696448 20 80
80
0.964635696448  0
1.00237446725  1.68622894386e-36
1.04158966572  1.12487615736e-35
1.08233905309  2.21685696923e-35
1.12468265038  3.3515585862e-35
1.16868282675  4.53065234459e-35
1.21440439138  5.75587496725e-35
1.26191468896  7.02903112162e-35
1.31128369884  8.35199607789e-35
1.36258413812  9.72671847114e-35
1.41589156877  1.11552231716e-34
1.47128450892  1.26396142669e-34
1.52884454851  1.41820781617e-34
1.58865646945  1.57848867976e-34
1.65080837054  1.74504009999e-34
1.71539179718  1.9181073955e-34
1.78250187627  2.09794548232e-34
1.85223745626  2.28481924941e-34
1.9247012528  2.4790039488e-34
2  9.19816007038e-32
2.07824460767  7.25472233943e-31
2.15955032466  1.47166166161e-30
2.2440369086  2.2470437388e-30
2.33182880236  3.05276054919e-30
2.42305531726  3.88999885744e-30
2.51785082359  4.75999185717e-30
2.61635494852  5.66402098737e-30
2.71871278176  6.60341781988e-30
2.82507508925  7.57956602069e-30
2.93559853524  8.59390338801e-30
3.05044591308  1.8988340689e-28
3.16978638492  6.05372651028e-28
3.29379573097  1.03786719619e-27
3.42265660832  1.48728192435e-27
3.55655882008  1.95427879205e-27
3.69569959484  2.4395456531e-27
3.84028387728  2.94379727174e-27
3.99052462994  5.82205636101e-27
4.14664314697  2.66657421853e-26
4.30886938006  5.20303217775e-26
4.47744227714  7.83872221592e-26
4.65261013431  1.05775265206e-25
4.83463096161  1.34234791594e-25
5.02377286302  2.33553473499e-25
5.22031443137  5.95213057399e-25
5.42454515866  9.95333879169e-25
5.63676586253  1.4111083493e-24
5.85728912925  1.84314887458e-24
6.08643977422  2.9738097498e-24
6.32455532034  5.22213056007e-24
6.5719864952  7.57165966111e-24
6.82909774767  1.00131077535e-23
7.09626778467  1.36247687963e-23
7.37389012904  1.91725664177e-23
7.66237369911  2.49654828774e-23
7.96214341107  3.10636460788e-23
8.27364080478  3.81932881194e-23
8.59732469416  4.58079550673e-23
8.93367184302  5.36817448183e-23
9.28317766723  6.12972682166e-23
9.64635696448  6.90234133907e-23
10.0237446725  7.6829228177e-23
10.4158966572  8.39094011332e-23
10.8233905309  9.11321920104e-23
11.2468265038  9.78871072296e-23
11.6868282675  1.04359575791e-22
12.1440439138  1.10672117405e-22
12.6191468896  1.16425744683e-22
13.1128369884  1.22133541696e-22
13.6258413812  1.27412312517e-22
14.1589156877  1.3259201301e-22
14.7128450892  1.37413503993e-22
15.2884454851  1.42038509517e-22
15.8865646945  1.46449541193e-22
16.5080837054  1.5062271718e-22
17.1539179718  1.54669524918e-22
17.8250187627  1.5846093318e-22
18.5223745626  1.62910489057e-22
19.247012528  1.6774417209e-22
20  1.7276695994e-22

