0.964635696448 20000 260
260
0.964635696448  0
1.00237446725  2.20347041043e-27
1.04158966572  1.45583475267e-26
1.08233905309  2.8642563804e-26
1.12468265038  4.32777870696e-26
1.16868282675  5.84855739866e-26
1.21440439138  7.42883245641e-26
1.26191468896  9.0709315151e-26
1.31128369884  1.07772732721e-25
1.36258413812  1.25503710498e-25
1.41589156877  1.43928364974e-25
1.47128450892  1.63073834381e-25
1.52884454851  1.82968318659e-25
1.58865646945  2.03641120996e-25
1.65080837054  2.25122690987e-25
1.71539179718  2.47444669486e-25
1.78250187627  2.7063993521e-25
1.85223745626  2.94742653167e-25
1.9247012528  3.19788324979e-25
2  4.4218957156e-25
2.07824460767  1.13490502595e-24
2.15955032466  1.94710540782e-24
2.2440369086  2.79108093982e-24
2.33182880236  3.668074739e-24
2.42305531726  4.57937855605e-24
2.51785082359  5.52633467793e-24
2.61635494852  6.51033790492e-24
2.71871278176  7.53283760513e-24
2.82507508925  8.59533984929e-24
2.93559853524  9.69940962906e-24
3.05044591308  1.18126118131e-23
3.16978638492  1.52256266784e-23
3.29379573097  1.87761882024e-23
3.42265660832  2.24656558731e-23
3.55655882008  2.6299464019e-23
3.69569959484  3.0283259572e-23
3.84028387728  3.44229103851e-23
3.99052462994  3.87057097465e-23
4.14664314697  4.30134678431e-23
4.30886938006  4.74601592274e-23
4.47744227714  5.2080815423e-23
4.65261013431  5.68822423343e-23
4.83463096161  6.18715121281e-23
5.02377286302  6.67189155657e-23
5.22031443137  7.05069317529e-23
5.42454515866  7.43256506692e-23
5.63676586253  7.82937666672e-23
5.85728912925  8.2417124505e-23
6.08643977422  8.62898012987e-23
6.32455532034  8.96652610892e-23
6.5719864952  9.3164769729e-23
6.82909774767  9.6801187209e-23
7.09626778467  1.00074623126e-22
7.37389012904  1.02632317103e-22
7.66237369911  1.05276874519e-22
7.96214341107  1.07966841256e-22
8.27364080478  1.10176535574e-22
8.59732469416  1.12320488662e-22
8.93367184302  1.14531326028e-22
9.28317766723  1.16580522746e-22
9.64635696448  1.18627814616e-22
10.0237446725  1.20665990261e-22
10.4158966572  1.22370693388e-22
10.8233905309  1.24088054384e-22
11.2468265038  1.25542454241e-22
11.6868282675  1.26813234748e-22
12.1440439138  1.28044488759e-22
12.6191468896  1.29149837155e-22
13.1128369884  1.30266036834e-22
13.6258413812  1.31353205811e-22
14.1589156877  1.32415642413e-22
14.7128450892  1.33388537883e-22
15.2884454851  1.34254226288e-22
15.8865646945  1.350018667e-22
16.5080837054  1.35616881e-22
17.1539179718  1.36171922157e-22
17.8250187627  1.36666940809e-22
18.5223745626  1.40877119705e-22
19.247012528  1.46544558761e-22
20  1.52433721089e-22
20.7824460767  1.58553281016e-22
21.5955032466  1.64912252225e-22
22.440369086  1.71520001039e-22
23.3182880236  1.78386260209e-22
24.2305531726  1.83692512386e-22
25.1785082359  1.83553515069e-22
26.1635494852  1.8335701023e-22
27.1871278176  1.83104821466e-22
28.2507508925  1.82798699584e-22
29.3559853524  1.82440325712e-22
30.5044591308  1.82031314341e-22
31.6978638492  1.81573216293e-22
32.9379573097  1.81067521645e-22
34.2265660832  1.80515662592e-22
35.5655882008  1.79919016262e-22
36.9569959484  1.79278907498e-22
38.4028387728  1.78596611594e-22
39.9052462994  1.77873357013e-22
41.4664314697  1.7711032807e-22
43.0886938006  1.76308667611e-22
44.7744227714  1.75469479677e-22
46.5261013431  1.7459383216e-22
48.3463096161  1.73682759476e-22
50.2377286302  1.72737265236e-22
52.2031443137  1.71758324949e-22
54.2454515866  1.70746888742e-22
56.3676586253  1.69703884122e-22
58.5728912925  1.68630218775e-22
60.8643977422  1.6752678342e-22
63.2455532034  1.66394454716e-22
65.719864952  1.65234098243e-22
68.2909774767  1.64046571552e-22
70.9626778467  1.62832727294e-22
73.7389012904  1.61593416443e-22
76.6237369911  1.6032949161e-22
79.6214341107  1.59041810458e-22
82.7364080478  1.5773123922e-22
85.9732469416  1.56398656331e-22
89.3367184302  1.55044956159e-22
92.8317766723  1.53671052851e-22
96.4635696448  1.52277884287e-22
100.237446725  1.50866416125e-22
104.158966572  1.49437645941e-22
108.233905309  1.47992607445e-22
112.468265038  1.46532374752e-22
116.868282675  1.45058066683e-22
121.440439138  1.43570851071e-22
126.191468896  1.42071949023e-22
131.128369884  1.40562639108e-22
136.258413812  1.39044261393e-22
141.589156877  1.37518221282e-22
147.128450892  1.35985993065e-22
152.884454851  1.34449123106e-22
158.865646945  1.32909232552e-22
165.080837054  1.3136801947e-22
171.539179718  1.29827260281e-22
178.250187627  1.28288810355e-22
185.223745626  1.26754603637e-22
192.47012528  1.25226651151e-22
200  1.2370703823e-22
207.824460767  1.22197920324e-22
215.955032466  1.20701517244e-22
224.40369086  1.19220105709e-22
233.182880236  1.17756010087e-22
242.305531726  1.16311591237e-22
251.785082359  1.14889233412e-22
261.635494852  1.13491329219e-22
271.871278176  1.12120262671e-22
282.507508925  1.10778390465e-22
293.559853524  1.09468021635e-22
305.044591308  1.08272157771e-22
316.978638492  1.07029390375e-22
329.379573097  1.05824650052e-22
342.265660832  1.04659819613e-22
355.655882008  1.03536619831e-22
369.569959484  1.02456587192e-22
384.028387728  1.01421053126e-22
399.052462994  1.004311253e-22
414.664314697  9.94876715404e-23
430.886938006  9.85913068935e-23
447.744227714  9.7742384285e-23
465.261013431  9.69409891414e-23
483.463096161  9.61869382471e-23
502.377286302  9.54797829987e-23
522.031443137  9.48188171191e-23
542.454515866  9.42030887948e-23
563.676586253  9.36314171274e-23
585.728912925  9.31024127527e-23
608.643977422  9.26145024925e-23
632.455532034  9.21659580062e-23
657.19864952  9.17549286558e-23
682.909774767  9.13794793478e-23
709.626778467  9.1037635412e-23
737.389012904  9.07274404165e-23
766.237369911  9.04498452438e-23
796.214341107  9.02201010756e-23
827.364080478  9.00400639358e-23
859.732469416  8.9908733495e-23
893.367184302  8.93593254795e-23
928.317766723  8.93623509832e-23
964.635696448  8.94064354906e-23
1002.37446725  8.94920223073e-23
1041.58966572  8.961943829e-23
1082.33905309  8.97888910001e-23
1124.68265038  9.00004669893e-23
1168.68282675  9.02541312513e-23
1214.40439138  9.05497278505e-23
1261.91468896  9.08869817121e-23
1311.28369884  9.12655015365e-23
1362.58413812  9.16847837766e-23
1415.89156877  9.34238216926e-23
1471.28450892  9.4520797396e-23
1528.84454851  9.55274948681e-23
1588.65646945  9.64538499144e-23
1650.80837054  9.73086619292e-23
1715.39179718  9.80997778137e-23
1782.50187627  9.88342384056e-23
1852.23745626  9.95183960977e-23
1924.7012528  1.00158010073e-22
2000  1.00758323973e-22
2078.24460767  1.0132412965e-22
2159.55032466  1.0185981981e-22
2244.0369086  1.02218943701e-22
2331.82880236  1.02637281272e-22
2423.05531726  1.030128458e-22
2517.85082359  1.03348878005e-22
2616.35494852  1.03648339154e-22
2718.71278176  1.03913943829e-22
2825.07508925  1.04148187952e-22
2935.59853524  1.04353372853e-22
3050.44591308  1.04531626011e-22
3169.78638492  1.04684918992e-22
3293.79573097  1.04815082988e-22
3422.65660832  1.04923822339e-22
3556.55882008  1.05012726295e-22
3695.69959484  1.050832793e-22
3840.28387728  1.05136869973e-22
3990.52462994  1.05174798987e-22
4146.64314697  1.05198285983e-22
4308.86938006  1.05208475659e-22
4477.44227714  1.05206443135e-22
4652.61013431  1.05193198706e-22
4834.63096161  1.05169692055e-22
5023.77286302  1.05136816008e-22
5220.31443137  1.05095409891e-22
5424.54515866  1.0504626255e-22
5636.76586253  1.04990115079e-22
5857.28912925  1.04927663298e-22
6086.43977422  1.04859560026e-22
6324.55532034  1.04786417172e-22
6571.9864952  1.04708807676e-22
6829.09774767  1.04627267324e-22
7096.26778467  1.04542296453e-22
7373.89012904  1.04454361577e-22
7662.37369911  1.0436389692e-22
7962.14341107  1.04271305905e-22
8273.64080478  1.04176962573e-22
8597.32469416  1.04081212966e-22
8933.67184302  1.03984376463e-22
9283.17766723  1.03886747084e-22
9646.35696448  1.0378859476e-22
10023.7446725  1.03690166571e-22
10415.8966572  1.03591687956e-22
10823.3905309  1.03493363895e-22
11246.8265038  1.03395380059e-22
11686.8282675  1.03297903938e-22
12144.0439138  1.03201085927e-22
12619.1468896  1.03105060395e-22
13112.8369884  1.03009946716e-22
13625.8413812  1.02915850262e-22
14158.9156877  1.02822863371e-22
14712.8450892  1.02731066274e-22
15288.4454851  1.0264052799e-22
15886.5646945  1.0255130718e-22
16508.0837054  1.02463452966e-22
17153.9179718  1.02377005712e-22
17825.0187627  1.02291997765e-22
18522.3745626  1.02208454161e-22
19247.012528  1.02126393291e-22
20000  1.02045827525e-22

