0.964635696448 20000 260
260
0.964635696448  0
1.00237446725  6.0516717577e-35
1.04158966572  4.03704449336e-34
1.08233905309  7.95603156993e-34
1.12468265038  1.20283384496e-33
1.16868282675  1.62599633564e-33
1.21440439138  2.06571391784e-33
1.26191468896  2.5226342649e-33
1.31128369884  2.99743038861e-33
1.36258413812  3.49080163053e-33
1.41589156877  4.00347469208e-33
1.47128450892  4.5362047049e-33
1.52884454851  5.08977634316e-33
1.58865646945  5.66500497924e-33
1.65080837054  6.26273788479e-33
1.71539179718  6.88385547869e-33
1.78250187627  7.52927262381e-33
1.85223745626  8.19993997459e-33
1.9247012528  8.89684537724e-33
2  1.11476003618e-30
2.07824460767  8.74876039088e-30
2.15955032466  1.77407898113e-29
2.2440369086  2.70846081389e-29
2.33182880236  3.6793978166e-29
2.42305531726  4.68832011173e-29
2.51785082359  5.73671377145e-29
2.61635494852  6.82612300645e-29
2.71871278176  7.95815244056e-29
2.82507508925  9.13446947413e-29
2.93559853524  1.03568067401e-28
3.05044591308  1.20947877404e-27
3.16978638492  3.73616286242e-27
3.29379573097  6.36624819405e-27
3.42265660832  9.09922852314e-27
3.55655882008  1.1939129339e-26
3.69569959484  1.48901336175e-26
3.84028387728  1.7956587982e-26
3.99052462994  2.99368302668e-26
4.14664314697  1.09070498952e-25
4.30886938006  2.05140801693e-25
4.47744227714  3.04969596007e-25
4.65261013431  4.08703922744e-25
4.83463096161  5.1649657533e-25
5.02377286302  8.06157822474e-25
5.22031443137  1.7654705896e-24
5.42454515866  2.82424042347e-24
5.63676586253  3.92443177247e-24
5.85728912925  5.0676651417e-24
6.08643977422  7.3214472697e-24
6.32455532034  1.13416359666e-23
6.5719864952  1.55398173689e-23
6.82909774767  1.99022412996e-23
7.09626778467  2.51503462312e-23
7.37389012904  3.17979036609e-23
7.66237369911  3.87242083866e-23
7.96214341107  4.58837242787e-23
8.27364080478  5.29424716909e-23
8.59732469416  6.01783766175e-23
8.93367184302  6.76350786519e-23
9.28317766723  7.44739174738e-23
9.64635696448  8.12794472824e-23
10.0237446725  8.81284863254e-23
10.4158966572  9.42137862839e-23
10.8233905309  1.0040345125e-22
11.2468265038  1.06207897076e-22
11.6868282675  1.11782373843e-22
12.1440439138  1.1723869294e-22
12.6191468896  1.22252602085e-22
13.1128369884  1.27217036972e-22
13.6258413812  1.31779176474e-22
14.1589156877  1.36275175291e-22
14.7128450892  1.40506132821e-22
15.2884454851  1.4452890234e-22
15.8865646945  1.48320469599e-22
16.5080837054  1.51831055008e-22
17.1539179718  1.55222017345e-22
17.8250187627  1.58432484994e-22
18.5223745626  1.61709370801e-22
19.247012528  1.65121074337e-22
20  1.68666251574e-22
20.7824460767  1.72350124313e-22
21.5955032466  1.7617811864e-22
22.440369086  1.80155872925e-22
23.3182880236  1.84289246121e-22
24.2305531726  1.87926867373e-22
25.1785082359  1.89559689135e-22
26.1635494852  1.91059672834e-22
27.1871278176  1.92431579871e-22
28.2507508925  1.93679984932e-22
29.3559853524  1.94809283284e-22
30.5044591308  1.95823697874e-22
31.6978638492  1.96727286218e-22
32.9379573097  1.97523947105e-22
34.2265660832  1.98217427111e-22
35.5655882008  1.98811326949e-22
36.9569959484  1.9930910765e-22
38.4028387728  1.99714096589e-22
39.9052462994  2.00029493381e-22
41.4664314697  2.00258375624e-22
43.0886938006  2.00403704537e-22
44.7744227714  2.00468330481e-22
46.5261013431  2.0045499837e-22
48.3463096161  2.0036635301e-22
50.2377286302  2.0020494434e-22
52.2031443137  1.99973232621e-22
54.2454515866  1.99673593556e-22
56.3676586253  1.99308323378e-22
58.5728912925  1.98879643896e-22
60.8643977422  1.98389707521e-22
63.2455532034  1.9784060229e-22
65.719864952  1.97234356881e-22
68.2909774767  1.96572945656e-22
70.9626778467  1.95858293713e-22
73.7389012904  1.95092281992e-22
76.6237369911  1.94276752414e-22
79.6214341107  1.93413513084e-22
82.7364080478  1.92504343555e-22
85.9732469416  1.91551000168e-22
89.3367184302  1.90555221467e-22
92.8317766723  1.89518733698e-22
96.4635696448  1.88443256387e-22
100.237446725  1.87330508005e-22
104.158966572  1.86182211696e-22
108.233905309  1.85000101085e-22
112.468265038  1.83785926119e-22
116.868282675  1.82541458948e-22
121.440439138  1.81268499794e-22
126.191468896  1.7996888279e-22
131.128369884  1.78644481728e-22
136.258413812  1.7729721567e-22
141.589156877  1.75929054353e-22
147.128450892  1.74542023298e-22
152.884454851  1.73138208552e-22
158.865646945  1.71719760926e-22
165.080837054  1.70288899643e-22
171.539179718  1.6884791523e-22
178.250187627  1.67399171526e-22
185.223745626  1.65945106639e-22
192.47012528  1.64488232683e-22
200  1.63031134117e-22
207.824460767  1.61576464509e-22
215.955032466  1.60126941554e-22
224.40369086  1.58685340168e-22
233.182880236  1.57254483529e-22
242.305531726  1.55837231927e-22
251.785082359  1.54436469356e-22
261.635494852  1.53055087808e-22
271.871278176  1.51695969292e-22
282.507508925  1.50361965685e-22
293.559853524  1.49055876577e-22
305.044591308  1.47872751048e-22
316.978638492  1.46628364966e-22
329.379573097  1.45419842884e-22
342.265660832  1.44249513298e-22
355.655882008  1.4311952397e-22
369.569959484  1.42031816303e-22
384.028387728  1.40988101223e-22
399.052462994  1.39989837238e-22
414.664314697  1.39038211381e-22
430.886938006  1.38134123652e-22
447.744227714  1.37278175523e-22
465.261013431  1.36470662981e-22
483.463096161  1.35711574448e-22
502.377286302  1.35000593805e-22
522.031443137  1.34337108625e-22
542.454515866  1.33720223588e-22
563.676586253  1.33148778967e-22
585.728912925  1.3262137403e-22
608.643977422  1.32136395199e-22
632.455532034  1.31692048924e-22
657.19864952  1.31286399532e-22
682.909774767  1.3091741292e-22
709.626778467  1.30583008512e-22
737.389012904  1.3028112637e-22
766.237369911  1.30013100783e-22
796.214341107  1.29796974997e-22
827.364080478  1.29635158653e-22
859.732469416  1.29526715957e-22
893.367184302  1.28971398198e-22
928.317766723  1.29009654821e-22
964.635696448  1.29093374657e-22
1002.37446725  1.29223060557e-22
1041.58966572  1.29399068705e-22
1082.33905309  1.29621605804e-22
1124.68265038  1.29890727809e-22
1168.68282675  1.30206340217e-22
1214.40439138  1.30568199924e-22
1261.91468896  1.30975918598e-22
1311.28369884  1.31428967493e-22
1362.58413812  1.31926683606e-22
1415.89156877  1.33950695728e-22
1471.28450892  1.35224067592e-22
1528.84454851  1.36388410815e-22
1588.65646945  1.37456046974e-22
1650.80837054  1.38437776418e-22
1715.39179718  1.39343141378e-22
1782.50187627  1.40180632634e-22
1852.23745626  1.40957853503e-22
1924.7012528  1.41681651155e-22
2000  1.42358222652e-22
2078.24460767  1.4299320118e-22
2159.55032466  1.43591726677e-22
2244.0369086  1.44001484119e-22
2331.82880236  1.44469023503e-22
2423.05531726  1.44888283287e-22
2517.85082359  1.45263005229e-22
2616.35494852  1.45596598567e-22
2718.71278176  1.45892180183e-22
2825.07508925  1.46152608762e-22
2935.59853524  1.4638051398e-22
3050.44591308  1.46578321547e-22
3169.78638492  1.46748274773e-22
3293.79573097  1.46892453188e-22
3422.65660832  1.47012788685e-22
3556.55882008  1.47111079533e-22
3695.69959484  1.47189002583e-22
3840.28387728  1.47248123921e-22
3990.52462994  1.47289908181e-22
4146.64314697  1.47315726716e-22
4308.86938006  1.47326864776e-22
4477.44227714  1.47324527827e-22
4652.61013431  1.47309847145e-22
4834.63096161  1.47283884765e-22
5023.77286302  1.4724763789e-22
5220.31443137  1.47202042827e-22
5424.54515866  1.47147978525e-22
5636.76586253  1.47086269764e-22
5857.28912925  1.47017690052e-22
6086.43977422  1.46942964273e-22
6324.55532034  1.46862771119e-22
6571.9864952  1.46777745349e-22
6829.09774767  1.46688479887e-22
7096.26778467  1.46595527797e-22
7373.89012904  1.46499404153e-22
7662.37369911  1.46400587811e-22
7962.14341107  1.46299523108e-22
8273.64080478  1.46196621496e-22
8597.32469416  1.46092263114e-22
8933.67184302  1.45986798315e-22
9283.17766723  1.4588054915e-22
9646.35696448  1.45773810807e-22
10023.7446725  1.45666853016e-22
10415.8966572  1.45559921419e-22
10823.3905309  1.45453238905e-22
11246.8265038  1.4534700691e-22
11686.8282675  1.45241406682e-22
12144.0439138  1.45136600515e-22
12619.1468896  1.45032732945e-22
13112.8369884  1.44929931907e-22
13625.8413812  1.44828309857e-22
14158.9156877  1.44727964853e-22
14712.8450892  1.44628981599e-22
15288.4454851  1.44531432446e-22
15886.5646945  1.44435378346e-22
16508.0837054  1.44340869774e-22
17153.9179718  1.44247947599e-22
17825.0187627  1.44156643912e-22
18522.3745626  1.44066982814e-22
19247.012528  1.43978981159e-22
20000  1.43892649256e-22

