0.964635696448 20 80
80
0.964635696448  0
1.00237446725  4.42707253389e-34
1.04158966572  2.95328126016e-33
1.08233905309  5.82019816213e-33
1.12468265038  8.79927545821e-33
1.16868282675  1.18949011214e-32
1.21440439138  1.51116347924e-32
1.26191468896  1.84542144954e-32
1.31128369884  2.19275636171e-32
1.36258413812  2.55367981585e-32
1.41589156877  2.92872342702e-32
1.47128450892  3.3184396083e-32
1.52884454851  3.72340238444e-32
1.58865646945  4.14420823734e-32
1.65080837054  4.58147698468e-32
1.71539179718  5.03585269281e-32
1.78250187627  5.50800462544e-32
1.85223745626  5.99862822945e-32
1.9247012528  6.50844615915e-32
2  4.38887449694e-30
2.07824460767  3.42224121004e-29
2.15955032466  6.93627472795e-29
2.2440369086  1.05877853328e-28
2.33182880236  1.43821514451e-28
2.42305531726  1.83249619012e-28
2.51785082359  2.2422024186e-28
2.61635494852  2.66793729863e-28
2.71871278176  3.11032790799e-28
2.82507508925  3.57002585718e-28
2.93559853524  4.04770824921e-28
3.05044591308  3.4657279185e-27
3.16978638492  1.04408765552e-26
3.29379573097  1.77014466092e-26
3.42265660832  2.52460668909e-26
3.55655882008  3.30858500996e-26
3.69569959484  4.12323436889e-26
3.84028387728  4.96975468757e-26
3.99052462994  7.70623278319e-26
4.14664314697  2.46304359581e-25
4.30886938006  4.51392644972e-25
4.47744227714  6.64504456577e-25
4.65261013431  8.85953693227e-25
4.83463096161  1.1160665342e-24
5.02377286302  1.62380550438e-24
5.22031443137  3.146840989e-24
5.42454515866  4.82309912242e-24
5.63676586253  6.56493633584e-24
5.85728912925  8.37491823395e-24
6.08643977422  1.1288298441e-23
6.32455532034  1.59415584356e-23
6.5719864952  2.07969324361e-23
6.82909774767  2.58422598536e-23
7.09626778467  3.14900023969e-23
7.37389012904  3.80351338922e-23
7.66237369911  4.48469073259e-23
7.96214341107  5.18690827649e-23
8.27364080478  5.86002563608e-23
8.59732469416  6.54477219514e-23
8.93367184302  7.24996453513e-23
9.28317766723  7.89011835857e-23
9.64635696448  8.52467854155e-23
10.0237446725  9.16367049912e-23
10.4158966572  9.7332011221e-23
10.8233905309  1.03127155351e-22
11.2468265038  1.08483665913e-22
11.6868282675  1.13565014155e-22
12.1440439138  1.18549851895e-22
12.6191468896  1.23153690347e-22
13.1128369884  1.27690089392e-22
13.6258413812  1.31796989173e-22
14.1589156877  1.35805629259e-22
14.7128450892  1.39501731833e-22
15.2884454851  1.43064325187e-22
15.8865646945  1.46477930595e-22
16.5080837054  1.49656868753e-22
17.1539179718  1.52713676345e-22
17.8250187627  1.55556233456e-22
18.5223745626  1.58737192097e-22
19.247012528  1.62148583243e-22
20  1.6569343587e-22

