0.964635696448 20 80
80
0.964635696448  0
1.00237446725  1.15288310406e-29
1.04158966572  7.68996549654e-29
1.08233905309  1.51547494036e-28
1.12468265038  2.29115728548e-28
1.16868282675  3.09718611098e-28
1.21440439138  3.9347486411e-28
1.26191468896  4.80507854699e-28
1.31128369884  5.7094577639e-28
1.36258413812  6.64921837932e-28
1.41589156877  7.62574459507e-28
1.47128450892  8.64047476613e-28
1.52884454851  9.69490351926e-28
1.58865646945  1.07905839544e-27
1.65080837054  1.19291299325e-27
1.71539179718  1.31122184523e-27
1.78250187627  1.43415921206e-27
1.85223745626  1.5619061719e-27
1.9247012528  1.69465088713e-27
2  6.08480182693e-27
2.07824460767  3.5598373616e-26
2.15955032466  7.03426907048e-26
2.2440369086  1.06446285523e-25
2.33182880236  1.43962336148e-25
2.42305531726  1.82946101104e-25
2.51785082359  2.23455000757e-25
2.61635494852  2.6554870189e-25
2.71871278176  3.09289205589e-25
2.82507508925  3.54740938563e-25
2.93559853524  4.01970848044e-25
3.05044591308  7.91844698617e-25
3.16978638492  1.62639450669e-24
3.29379573097  2.4950127198e-24
3.42265660832  3.39761327856e-24
3.55655882008  4.33552565062e-24
3.69569959484  5.31013131548e-24
3.84028387728  6.32286579927e-24
3.99052462994  7.61493009606e-24
4.14664314697  1.07752909236e-23
4.30886938006  1.44365748463e-23
4.47744227714  1.8241096631e-23
4.65261013431  2.2194460073e-23
4.83463096161  2.63024882007e-23
5.02377286302  3.07278228482e-23
5.22031443137  3.59065626397e-23
5.42454515866  4.13424918413e-23
5.63676586253  4.69910871167e-23
5.85728912925  5.28606684528e-23
6.08643977422  5.85351563843e-23
6.32455532034  6.37628759223e-23
6.5719864952  6.91868616042e-23
6.82909774767  7.48230461019e-23
7.09626778467  8.01341646092e-23
7.37389012904  8.47419221963e-23
7.66237369911  8.95156930866e-23
7.96214341107  9.43864978212e-23
8.27364080478  9.85428738388e-23
8.59732469416  1.02626627116e-22
8.93367184302  1.06824746925e-22
9.28317766723  1.10524146261e-22
9.64635696448  1.14148989923e-22
10.0237446725  1.17767652037e-22
10.4158966572  1.20842401744e-22
10.8233905309  1.23948972298e-22
11.2468265038  1.26820325422e-22
11.6868282675  1.29544111191e-22
12.1440439138  1.32217890015e-22
12.6191468896  1.34690874051e-22
13.1128369884  1.37109840177e-22
13.6258413812  1.39250682768e-22
14.1589156877  1.41314186884e-22
14.7128450892  1.4316588079e-22
15.2884454851  1.44941244931e-22
15.8865646945  1.46635398365e-22
16.5080837054  1.48231481204e-22
17.1539179718  1.49764838294e-22
17.8250187627  1.51167898926e-22
18.5223745626  1.52288259576e-22
19.247012528  1.53344278818e-22
20  1.54441611967e-22

