1.000000000e-06 1.000000000e+05 395
395
1.000000000e-06 1.315100000e-12
1.059248390e-06 1.563016332e-12
1.105977190e-06 1.779163386e-12
1.142371710e-06 1.960663990e-12
1.199221310e-06 2.268231170e-12
1.258900000e-06 2.624051160e-12
1.333502680e-06 3.118702723e-12
1.392341890e-06 3.549970576e-12
1.438168870e-06 3.912121342e-12
1.509752920e-06 4.525786328e-12
1.584900000e-06 5.235717150e-12
1.678817360e-06 6.222654062e-12
1.752889910e-06 7.083130135e-12
1.810581310e-06 7.805723826e-12
1.900698010e-06 9.030121211e-12
1.995300000e-06 1.044659268e-11
2.113521840e-06 1.241577837e-11
2.206762740e-06 1.413261614e-11
2.279383080e-06 1.557434077e-11
2.392818920e-06 1.801732826e-11
2.511900000e-06 2.084349501e-11
2.660740550e-06 2.477242578e-11
2.778130640e-06 2.819802600e-11
2.869559710e-06 3.107446210e-11
3.012375920e-06 3.594848928e-11
3.162300000e-06 4.158740730e-11
3.349678100e-06 4.942684514e-11
3.497462590e-06 5.626158221e-11
3.612564260e-06 6.200135663e-11
3.792358050e-06 7.172676398e-11
3.981100000e-06 8.297806730e-11
4.216993340e-06 9.861944965e-11
4.403041580e-06 1.122568660e-10
4.547944850e-06 1.237091027e-10
4.774289980e-06 1.431141164e-10
5.011900000e-06 1.655631046e-10
5.308872010e-06 1.967717484e-10
5.543092800e-06 2.239814137e-10
5.725515170e-06 2.468303943e-10
6.010466750e-06 2.855482596e-10
6.309600000e-06 3.303391080e-10
6.683463990e-06 3.926073935e-10
6.978329170e-06 4.468963870e-10
7.207984270e-06 4.924855252e-10
7.566715370e-06 5.697358338e-10
7.943300000e-06 6.591032608e-10
8.413965450e-06 7.833477560e-10
8.785177560e-06 8.916691668e-10
9.074295300e-06 9.826372894e-10
9.525909570e-06 1.136783944e-09
1.000000000e-05 1.315100000e-09
1.059248390e-05 1.562973962e-09
1.105977190e-05 1.779085968e-09
1.142371710e-05 1.960561176e-09
1.199221310e-05 2.268063279e-09
1.258900000e-05 2.623799380e-09
1.333502680e-05 3.118396017e-09
1.392341890e-05 3.549636414e-09
1.438168870e-05 3.911761800e-09
1.509752920e-05 4.525378695e-09
1.584900000e-05 5.235241680e-09
1.678817360e-05 6.222083264e-09
1.752889910e-05 7.082481566e-09
1.810581310e-05 7.804981488e-09
1.900698010e-05 9.029265897e-09
1.995300000e-05 1.044559503e-08
2.113521840e-05 1.241451026e-08
2.206762740e-05 1.413111554e-08
2.279383080e-05 1.557263123e-08
2.392818920e-05 1.801524651e-08
2.511900000e-05 2.084098311e-08
2.660740550e-05 2.476830163e-08
2.778130640e-05 2.819224748e-08
2.869559710e-05 3.106737429e-08
3.012375920e-05 3.593909067e-08
3.162300000e-05 4.157475810e-08
3.349678100e-05 4.940661308e-08
3.497462590e-05 5.623430200e-08
3.612564260e-05 6.196747077e-08
3.792358050e-05 7.168152115e-08
3.981100000e-05 8.291835080e-08
4.216993340e-05 9.853730262e-08
4.403041580e-05 1.121535706e-07
4.547944850e-05 1.235868994e-07
4.774289980e-05 1.429589998e-07
5.011900000e-05 1.653676405e-07
5.308872010e-05 1.965213820e-07
5.543092800e-05 2.236810889e-07
5.725515170e-05 2.464868634e-07
6.010466750e-05 2.851285487e-07
6.309600000e-05 3.298280304e-07
6.683463990e-05 3.919719298e-07
6.978329170e-05 4.461496360e-07
7.207984270e-05 4.916427677e-07
7.566715370e-05 5.687264340e-07
7.943300000e-05 6.578958792e-07
8.413965450e-05 7.817655098e-07
8.785177560e-05 8.897459157e-07
9.074295300e-05 9.804109111e-07
9.525909570e-05 1.134021621e-06
1.000000000e-04 1.311700000e-06
1.059248390e-04 1.558537088e-06
1.105977190e-04 1.773695767e-06
1.142371710e-04 1.954342105e-06
1.199221310e-04 2.260386944e-06
1.258900000e-04 2.614357630e-06
1.333502680e-04 3.105358762e-06
1.392341890e-04 3.533229754e-06
1.438168870e-04 3.892395274e-06
1.509752920e-04 4.500746321e-06
1.584900000e-04 5.204177640e-06
1.678817360e-04 6.180661636e-06
1.752889910e-04 7.031485791e-06
1.810581310e-04 7.745620493e-06
1.900698010e-04 8.955088116e-06
1.995300000e-04 1.035341217e-05
2.113521840e-04 1.228996486e-05
2.206762740e-04 1.397658279e-05
2.279383080e-04 1.539177700e-05
2.392818920e-04 1.778772508e-05
2.511900000e-04 2.055663603e-05
2.660740550e-04 2.438567304e-05
2.778130640e-04 2.771863094e-05
2.963997730e-04 3.359133840e-05
3.162300000e-04 4.070828790e-05
3.349678100e-04 4.823937688e-05
3.497462590e-04 5.478867900e-05
3.731453920e-04 6.631694874e-05
3.981100000e-04 8.027091930e-05
4.216993340e-04 9.497065526e-05
4.403041580e-04 1.077364922e-04
4.697616860e-04 1.301736028e-04
5.011900000e-04 1.572834458e-04
5.308872010e-04 1.854357039e-04
5.543092800e-04 2.098099659e-04
5.913941020e-04 2.525080602e-04
6.309600000e-04 3.038955744e-04
6.683463990e-04 3.566287456e-04
6.978329170e-04 4.021011585e-04
7.445197250e-04 4.814085396e-04
7.943300000e-04 5.763579047e-04
8.413965450e-04 6.726733724e-04
8.785177560e-04 7.553325893e-04
9.372927810e-04 8.987506186e-04
1.000000000e-03 1.069400000e-03
1.059248390e-03 1.240123368e-03
1.154767430e-03 1.548645263e-03
1.258900000e-03 1.933922180e-03
1.333502680e-03 2.227579596e-03
1.453777290e-03 2.753750453e-03
1.584900000e-03 3.404206710e-03
1.778300030e-03 4.458322603e-03
1.995300000e-03 5.838846390e-03
2.238748330e-03 7.559171079e-03
2.511900000e-03 9.786362400e-03
2.818400500e-03 1.253672751e-02
3.162300000e-03 1.606005678e-02
3.981100000e-03 2.590063849e-02
5.011900000e-03 4.128101554e-02
6.309600000e-03 6.507090480e-02
7.943300000e-03 1.008163636e-01
8.912519290e-03 1.240386441e-01
1.000000000e-02 1.526100000e-01
1.122007140e-02 1.853873727e-01
1.258900000e-02 2.252046210e-01
1.412526330e-02 2.709609652e-01
1.584900000e-02 3.260139300e-01
1.778300030e-02 3.892389128e-01
1.995300000e-02 4.647253230e-01
2.238748330e-02 5.506412744e-01
2.511900000e-02 6.524409060e-01
2.818400500e-02 7.661490400e-01
3.162300000e-02 8.996743500e-01
3.548159040e-02 1.045547080e+00
3.981100000e-02 1.215071531e+00
4.466864130e-02 1.397237825e+00
5.011900000e-02 1.606714902e+00
6.309600000e-02 2.084313264e+00
7.943300000e-02 2.656239520e+00
1.000000000e-01 3.329100000e+00
1.258900000e-01 4.104139890e+00
1.412526330e-01 4.523602859e+00
1.584900000e-01 4.985936910e+00
1.778300030e-01 5.459717102e+00
1.995300000e-01 5.978517390e+00
2.238748330e-01 6.510162296e+00
2.511900000e-01 7.089084180e+00
2.818400500e-01 7.681968842e+00
3.162300000e-01 8.324438520e+00
3.548159040e-01 8.981486628e+00
3.981100000e-01 9.690395510e+00
4.466864130e-01 1.041466927e+01
5.011900000e-01 1.119307627e+01
5.623440610e-01 1.198653945e+01
6.309600000e-01 1.283625024e+01
6.683463990e-01 1.326076951e+01
7.286203370e-01 1.392401734e+01
7.943300000e-01 1.462043798e+01
8.413965450e-01 1.507858982e+01
9.172767010e-01 1.579287670e+01
1.000000000e+00 1.654100000e+01
1.059248390e+00 1.703079210e+01
1.154767430e+00 1.779280726e+01
1.258900000e+00 1.858891740e+01
1.333502680e+00 1.910846079e+01
1.453777290e+00 1.991512878e+01
1.584900000e+00 2.075585040e+01
1.678817360e+00 2.130005250e+01
1.830230670e+00 2.214322567e+01
1.995300000e+00 2.301977610e+01
2.113521840e+00 2.358496585e+01
2.304117080e+00 2.445887515e+01
2.511900000e+00 2.536516620e+01
2.660740550e+00 2.594693504e+01
2.900699890e+00 2.684470219e+01
3.162300000e+00 2.777353221e+01
3.349678100e+00 2.836810457e+01
3.651767180e+00 2.928391402e+01
3.981100000e+00 3.022928852e+01
4.216993340e+00 3.083293852e+01
4.403041580e+00 3.129357363e+01
4.697616860e+00 3.199746154e+01
5.011900000e+00 3.271718201e+01
5.308872010e+00 3.332604089e+01
5.543092800e+00 3.379010936e+01
5.913941020e+00 3.449835676e+01
6.309600000e+00 3.522144912e+01
6.683463990e+00 3.583435808e+01
6.978329170e+00 3.630102899e+01
7.445197250e+00 3.701245524e+01
7.943300000e+00 3.773782397e+01
8.413965450e+00 3.835148675e+01
8.785177560e+00 3.881827359e+01
9.372927810e+00 3.952912808e+01
1.000000000e+01 4.025300000e+01
1.059248390e+01 4.086617542e+01
1.105977190e+01 4.133217874e+01
1.179963850e+01 4.204116612e+01
1.258900000e+01 4.276231520e+01
1.333502680e+01 4.337388475e+01
1.392341890e+01 4.383829515e+01
1.485504180e+01 4.454425035e+01
1.584900000e+01 4.526157420e+01
1.678817360e+01 4.587113692e+01
1.752889910e+01 4.633369025e+01
1.870171450e+01 4.703628024e+01
1.995300000e+01 4.774952430e+01
2.113521840e+01 4.835560984e+01
2.206762740e+01 4.881521731e+01
2.354393200e+01 4.951283226e+01
2.511900000e+01 5.022041670e+01
2.660740550e+01 5.082298830e+01
2.778130640e+01 5.127965714e+01
2.963997730e+01 5.197236551e+01
3.162300000e+01 5.267443110e+01
3.349678100e+01 5.327505449e+01
3.497462590e+01 5.373001211e+01
3.731453920e+01 5.441974375e+01
3.981100000e+01 5.511832950e+01
4.216993340e+01 5.571562657e+01
4.403041580e+01 5.616784374e+01
4.697616860e+01 5.685306025e+01
5.011900000e+01 5.754663580e+01
5.308872010e+01 5.814028648e+01
5.543092800e+01 5.858953970e+01
5.913941020e+01 5.926993738e+01
6.309600000e+01 5.995823592e+01
6.683463990e+01 6.054958983e+01
6.978329170e+01 6.099692971e+01
7.445197250e+01 6.167414379e+01
7.943300000e+01 6.235887665e+01
8.413965450e+01 6.294800620e+01
8.785177560e+01 6.339350296e+01
9.372927810e+01 6.406766679e+01
1.000000000e+02 6.474900000e+01
1.059248390e+02 6.533549963e+01
1.105977190e+02 6.577885781e+01
1.179963850e+02 6.644954244e+01
1.258900000e+02 6.712706580e+01
1.333502680e+02 6.771245960e+01
1.392341890e+02 6.815485301e+01
1.485504180e+02 6.882386783e+01
1.584900000e+02 6.949944990e+01
1.678817360e+02 7.008288073e+01
1.752889910e+02 7.052366602e+01
1.870171450e+02 7.119004703e+01
1.995300000e+02 7.186272480e+01
2.113521840e+02 7.244471278e+01
2.206762740e+02 7.288429466e+01
2.354393200e+02 7.354867398e+01
2.511900000e+02 7.421910930e+01
2.660740550e+02 7.479967678e+01
2.778130640e+02 7.523808075e+01
2.963997730e+02 7.590050933e+01
3.162300000e+02 7.656876990e+01
3.349678100e+02 7.714830578e+01
3.497462590e+02 7.758583406e+01
3.731453920e+02 7.824678380e+01
3.981100000e+02 7.891336420e+01
4.216993340e+02 7.949186155e+01
4.403041580e+02 7.992851595e+01
4.697616860e+02 8.058799868e+01
5.011900000e+02 8.125292280e+01
5.308872010e+02 8.183089105e+01
5.543092800e+02 8.226706403e+01
5.913941020e+02 8.292568609e+01
6.309600000e+02 8.358958080e+01
6.683463990e+02 8.416684701e+01
6.978329170e+02 8.460241151e+01
7.445197250e+02 8.525998815e+01
7.943300000e+02 8.592267610e+01
8.413965450e+02 8.650015885e+01
8.785177560e+02 8.693581717e+01
9.372927810e+02 8.759342119e+01
1.000000000e+03 8.825600000e+01
1.059260000e+03 8.883279341e+01
1.105990000e+03 8.926720350e+01
1.179980000e+03 8.992363736e+01
1.258900000e+03 9.058414950e+01
1.333510000e+03 9.116092789e+01
1.392360000e+03 9.159624944e+01
1.485520000e+03 9.225247064e+01
1.584900000e+03 9.291317760e+01
1.678820000e+03 9.348919641e+01
1.752900000e+03 9.392384924e+01
1.870180000e+03 9.457940126e+01
1.995300000e+03 9.523965960e+01
2.113530000e+03 9.581513043e+01
2.206780000e+03 9.624912678e+01
2.354410000e+03 9.690356490e+01
2.511900000e+03 9.756219600e+01
2.660750000e+03 9.813852030e+01
2.778140000e+03 9.857272443e+01
2.964010000e+03 9.922806270e+01
3.162300000e+03 9.988757010e+01
3.349690000e+03 1.004635273e+02
3.497480000e+03 1.008975589e+02
3.731470000e+03 1.015520978e+02
3.981100000e+03 1.022107614e+02
4.217000000e+03 1.027852550e+02
4.403050000e+03 1.032181650e+02
4.697630000e+03 1.038711995e+02
5.011900000e+03 1.045281864e+02
5.308880000e+03 1.051046488e+02
5.543110000e+03 1.055391348e+02
5.913950000e+03 1.061939910e+02
6.309600000e+03 1.068530760e+02
6.683470000e+03 1.074283123e+02
6.978340000e+03 1.078617729e+02
7.445210000e+03 1.085152982e+02
7.943300000e+03 1.091727152e+02
8.413970000e+03 1.097474578e+02
8.785190000e+03 1.101805497e+02
9.372940000e+03 1.108333565e+02
1.000000000e+04 1.114900000e+02
1.059300000e+04 1.120631775e+02
1.106100000e+04 1.124981569e+02
1.180100000e+04 1.131531332e+02
1.258900000e+04 1.138070778e+02
1.333600000e+04 1.143856992e+02
1.392500000e+04 1.148202028e+02
1.485600000e+04 1.154699833e+02
1.584900000e+04 1.161287928e+02
1.678900000e+04 1.167056107e+02
1.753000000e+04 1.171375461e+02
1.870300000e+04 1.177929715e+02
1.995300000e+04 1.184489892e+02
2.113600000e+04 1.190249322e+02
2.206900000e+04 1.194585480e+02
2.354500000e+04 1.201104381e+02
2.511900000e+04 1.207671282e+02
2.660800000e+04 1.213416332e+02
2.778300000e+04 1.217770564e+02
2.964100000e+04 1.224269040e+02
3.162300000e+04 1.230830406e+02
3.349800000e+04 1.236604128e+02
3.497600000e+04 1.240922598e+02
3.731600000e+04 1.247456341e+02
3.981100000e+04 1.254006689e+02
4.217100000e+04 1.259772596e+02
4.403200000e+04 1.264104561e+02
4.697700000e+04 1.270613696e+02
5.011900000e+04 1.277182477e+02
5.308900000e+04 1.282924353e+02
5.543200000e+04 1.287261860e+02
5.914100000e+04 1.293799269e+02
6.309600000e+04 1.300345464e+02
6.683500000e+04 1.306092912e+02
6.978500000e+04 1.310440176e+02
7.445300000e+04 1.316953701e+02
7.943300000e+04 1.323512646e+02
8.414000000e+04 1.329242037e+02
8.785300000e+04 1.333564613e+02
9.373000000e+04 1.340060622e+02
1.000000000e+05 1.346600000e+02
