1.000000000e-06 1.000000000e+05 393
393
1.000000000e-06 1.269500000e-12
1.059248390e-06 1.508814592e-12
1.105977190e-06 1.717460919e-12
1.142371710e-06 1.892670025e-12
1.199221310e-06 2.189562252e-12
1.258900000e-06 2.533032690e-12
1.333502680e-06 3.010515650e-12
1.392341890e-06 3.426817936e-12
1.438168870e-06 3.776415727e-12
1.509752920e-06 4.368787122e-12
1.584900000e-06 5.054087610e-12
1.678817360e-06 6.006825302e-12
1.752889910e-06 6.837497672e-12
1.810581310e-06 7.535041920e-12
1.900698010e-06 8.717038234e-12
1.995300000e-06 1.008444573e-11
2.113521840e-06 1.198533852e-11
2.206762740e-06 1.364267068e-11
2.279383080e-06 1.503440051e-11
2.392818920e-06 1.739265896e-11
2.511900000e-06 2.012082138e-11
2.660740550e-06 2.391351212e-11
2.778130640e-06 2.722020735e-11
2.869559710e-06 2.999694243e-11
3.012375920e-06 3.470226936e-11
3.162300000e-06 4.014539850e-11
3.349678100e-06 4.771281486e-11
3.497462590e-06 5.431034783e-11
3.612564260e-06 5.985079712e-11
3.792358050e-06 6.923897710e-11
3.981100000e-06 8.009973200e-11
4.216993340e-06 9.519946805e-11
4.403041580e-06 1.083641369e-10
4.547944850e-06 1.194194811e-10
4.774289980e-06 1.381526743e-10
5.011900000e-06 1.598244791e-10
5.308872010e-06 1.899509096e-10
5.543092800e-06 2.162172036e-10
5.725515170e-06 2.382741844e-10
6.010466750e-06 2.756496219e-10
6.309600000e-06 3.188871840e-10
6.683463990e-06 3.789958507e-10
6.978329170e-06 4.314031006e-10
7.207984270e-06 4.754112521e-10
7.566715370e-06 5.499821666e-10
7.943300000e-06 6.362503867e-10
8.413965450e-06 7.561866341e-10
8.785177560e-06 8.607558840e-10
9.074295300e-06 9.485633106e-10
9.525909570e-06 1.097365731e-09
1.000000000e-05 1.269500000e-09
1.059248390e-05 1.508793407e-09
1.105977190e-05 1.717416679e-09
1.142371710e-05 1.892612907e-09
1.199221310e-05 2.189478307e-09
1.258900000e-05 2.532906800e-09
1.333502680e-05 3.010355630e-09
1.392341890e-05 3.426636932e-09
1.438168870e-05 3.776200002e-09
1.509752920e-05 4.368530464e-09
1.584900000e-05 5.053770630e-09
1.678817360e-05 6.006388810e-09
1.752889910e-05 6.836954276e-09
1.810581310e-05 7.534408217e-09
1.900698010e-05 8.716239941e-09
1.995300000e-05 1.008344808e-08
2.113521840e-05 1.198407040e-08
2.206762740e-05 1.364117008e-08
2.279383080e-05 1.503269097e-08
2.392818920e-05 1.739057720e-08
2.511900000e-05 2.011830948e-08
2.660740550e-05 2.390984030e-08
2.778130640e-05 2.721548453e-08
2.869559710e-05 2.999128940e-08
3.012375920e-05 3.469479867e-08
3.162300000e-05 4.013591160e-08
3.349678100e-05 4.769898069e-08
3.497462590e-05 5.429265067e-08
3.612564260e-05 5.982944687e-08
3.792358050e-05 6.921110327e-08
3.981100000e-05 8.006390210e-08
4.216993340e-05 9.515025574e-08
4.403041580e-05 1.083028906e-07
4.547944850e-05 1.193472597e-07
4.774289980e-05 1.380610557e-07
5.011900000e-05 1.597092054e-07
5.308872010e-05 1.898041724e-07
5.543092800e-05 2.160416539e-07
5.725515170e-05 2.380736769e-07
6.010466750e-05 2.754052363e-07
6.309600000e-05 3.185906328e-07
6.683463990e-05 3.785271394e-07
6.978329170e-05 4.307696079e-07
7.207984270e-05 4.746309157e-07
7.566715370e-05 5.489370519e-07
7.943300000e-05 6.348761958e-07
8.413965450e-05 7.542620236e-07
8.785177560e-05 8.583158888e-07
9.074295300e-05 9.456726938e-07
9.525909570e-05 1.093657485e-06
1.000000000e-04 1.264800000e-06
1.059248390e-04 1.502727515e-06
1.105977190e-04 1.710109820e-06
1.142371710e-04 1.884221044e-06
1.199221310e-04 2.179182392e-06
1.258900000e-04 2.520317800e-06
1.333502680e-04 2.993092771e-06
1.392341890e-04 3.405013584e-06
1.438168870e-04 3.750747577e-06
1.509752920e-04 4.336270064e-06
1.584900000e-04 5.013197190e-06
1.678817360e-04 5.952303358e-06
1.752889910e-04 6.770375661e-06
1.810581310e-04 7.456903930e-06
1.900698010e-04 8.619403369e-06
1.995300000e-04 9.963131490e-06
2.113521840e-04 1.182142137e-05
2.206762740e-04 1.343925129e-05
2.279383080e-04 1.479633353e-05
2.392818920e-04 1.709317159e-05
2.511900000e-04 1.974654828e-05
2.660740550e-04 2.340823882e-05
2.778130640e-04 2.659358582e-05
2.963997730e-04 3.220246627e-05
3.162300000e-04 3.899432130e-05
3.349678100e-04 4.615616116e-05
3.497462590e-04 5.237824177e-05
3.731453920e-04 6.331881320e-05
3.981100000e-04 7.654460970e-05
4.216993340e-04 9.035074760e-05
4.403041580e-04 1.023162471e-04
4.697616860e-04 1.233002274e-04
5.011900000e-04 1.485877993e-04
5.308872010e-04 1.747254124e-04
5.543092800e-04 1.973039448e-04
5.913941020e-04 2.367583505e-04
6.309600000e-04 2.841023592e-04
6.683463990e-04 3.324158902e-04
6.978329170e-04 3.739701843e-04
7.445197250e-04 4.462413171e-04
7.943300000e-04 5.324791155e-04
8.413965450e-04 6.191221542e-04
9.172767010e-04 7.762238669e-04
1.000000000e-03 9.731900000e-04
1.059248390e-03 1.123352927e-03
1.154767430e-03 1.393137837e-03
1.258900000e-03 1.727714360e-03
1.412526330e-03 2.268842153e-03
1.584900000e-03 2.979453510e-03
1.778300030e-03 3.862631838e-03
1.995300000e-03 5.007604410e-03
2.238748330e-03 6.422245306e-03
2.511900000e-03 8.236520100e-03
3.162300000e-03 1.326837834e-02
3.981100000e-03 2.098397999e-02
5.011900000e-03 3.267207491e-02
6.309600000e-03 5.014996272e-02
7.079480610e-03 6.158045013e-02
7.943300000e-03 7.561624435e-02
8.912519290e-03 9.178456210e-02
1.000000000e-02 1.114100000e-01
1.122007140e-02 1.336988364e-01
1.258900000e-02 1.604468050e-01
1.412526330e-02 1.908195281e-01
1.584900000e-02 2.269418310e-01
1.778300030e-02 2.674029524e-01
1.995300000e-02 3.150778230e-01
2.238748330e-02 3.690308487e-01
2.511900000e-02 4.322226330e-01
2.818400500e-02 5.002369155e-01
3.162300000e-02 5.789538840e-01
3.548159040e-02 6.666353019e-01
3.981100000e-02 7.675958910e-01
5.011900000e-02 9.962654820e-01
6.309600000e-02 1.270374864e+00
7.943300000e-02 1.592869949e+00
1.000000000e-01 1.965800000e+00
1.122007140e-01 2.170238686e+00
1.258900000e-01 2.395938480e+00
1.412526330e-01 2.628324539e+00
1.584900000e-01 2.883250080e+00
1.778300030e-01 3.145186116e+00
1.995300000e-01 3.430918350e+00
2.238748330e-01 3.723783192e+00
2.511900000e-01 4.041647100e+00
2.818400500e-01 4.367989056e+00
3.162300000e-01 4.720681440e+00
3.548159040e-01 5.082301969e+00
3.981100000e-01 5.471623840e+00
4.466864130e-01 5.870733997e+00
5.011900000e-01 6.298955920e+00
5.623440610e-01 6.736731424e+00
6.309600000e-01 7.204932240e+00
6.683463990e-01 7.439209713e+00
7.286203370e-01 7.804986442e+00
7.943300000e-01 8.188747970e+00
8.413965450e-01 8.442769735e+00
9.172767010e-01 8.838653310e+00
1.000000000e+00 9.253100000e+00
1.059248390e+00 9.524623005e+00
1.154767430e+00 9.946919418e+00
1.258900000e+00 1.038793924e+01
1.333502680e+00 1.067576826e+01
1.453777290e+00 1.112253405e+01
1.584900000e+00 1.158799635e+01
1.678817360e+00 1.189011177e+01
1.830230670e+00 1.235811746e+01
1.995300000e+00 1.284454422e+01
2.113521840e+00 1.315834948e+01
2.304117080e+00 1.364349049e+01
2.511900000e+00 1.414651842e+01
2.660740550e+00 1.446984302e+01
2.900699890e+00 1.496873818e+01
3.162300000e+00 1.548483441e+01
3.349678100e+00 1.581539116e+01
3.651767180e+00 1.632450406e+01
3.981100000e+00 1.685000575e+01
4.216993340e+00 1.718566388e+01
4.403041580e+00 1.744178820e+01
4.697616860e+00 1.783314950e+01
5.011900000e+00 1.823329220e+01
5.308872010e+00 1.857236879e+01
5.543092800e+00 1.883080795e+01
5.913941020e+00 1.922522522e+01
6.309600000e+00 1.962790368e+01
6.683463990e+00 1.996881842e+01
6.978329170e+00 2.022838479e+01
7.445197250e+00 2.062407425e+01
7.943300000e+00 2.102750376e+01
8.413965450e+00 2.136896985e+01
8.785177560e+00 2.162870339e+01
9.372927810e+00 2.202423508e+01
1.000000000e+01 2.242700000e+01
1.059248390e+01 2.276823855e+01
1.105977190e+01 2.302757032e+01
1.179963850e+01 2.342211687e+01
1.258900000e+01 2.382342360e+01
1.333502680e+01 2.416412870e+01
1.392341890e+01 2.442285147e+01
1.485504180e+01 2.481613865e+01
1.584900000e+01 2.521575900e+01
1.678817360e+01 2.555475774e+01
1.752889910e+01 2.581199421e+01
1.870171450e+01 2.620271205e+01
1.995300000e+01 2.659934430e+01
2.113521840e+01 2.693678999e+01
2.206762740e+01 2.719268049e+01
2.354393200e+01 2.758108159e+01
2.511900000e+01 2.797503030e+01
2.660740550e+01 2.831107288e+01
2.778130640e+01 2.856575104e+01
2.963997730e+01 2.895207030e+01
3.162300000e+01 2.934361416e+01
3.349678100e+01 2.967781705e+01
3.497462590e+01 2.993096476e+01
3.731453920e+01 3.031474076e+01
3.981100000e+01 3.070343753e+01
4.216993340e+01 3.103591612e+01
4.403041580e+01 3.128763564e+01
4.697616860e+01 3.166904804e+01
5.011900000e+01 3.205511002e+01
5.308872010e+01 3.238598342e+01
5.543092800e+01 3.263637784e+01
5.913941020e+01 3.301560400e+01
6.309600000e+01 3.339923664e+01
6.683463990e+01 3.372853799e+01
6.978329170e+01 3.397764293e+01
7.445197250e+01 3.435475412e+01
7.943300000e+01 3.473605090e+01
8.413965450e+01 3.506411140e+01
8.785177560e+01 3.531218838e+01
9.372927810e+01 3.568759866e+01
1.000000000e+02 3.606700000e+01
1.059248390e+02 3.639374505e+01
1.105977190e+02 3.664074482e+01
1.179963850e+02 3.701439103e+01
1.258900000e+02 3.739184780e+01
1.333502680e+02 3.771779099e+01
1.392341890e+02 3.796411178e+01
1.485504180e+02 3.833661212e+01
1.584900000e+02 3.871276740e+01
1.678817360e+02 3.903788423e+01
1.752889910e+02 3.928351234e+01
1.870171450e+02 3.965485528e+01
1.995300000e+02 4.002970860e+01
2.113521840e+02 4.035354308e+01
2.206762740e+02 4.059813698e+01
2.354393200e+02 4.096781052e+01
2.511900000e+02 4.134085020e+01
2.660740550e+02 4.166430665e+01
2.778130640e+02 4.190855882e+01
2.963997730e+02 4.227762451e+01
3.162300000e+02 4.264994010e+01
3.349678100e+02 4.297260632e+01
3.497462590e+02 4.321620658e+01
3.731453920e+02 4.358419935e+01
3.981100000e+02 4.395532510e+01
4.216993340e+02 4.427816103e+01
4.403041580e+02 4.452184323e+01
4.697616860e+02 4.488988320e+01
5.011900000e+02 4.526096533e+01
5.308872010e+02 4.558300925e+01
5.543092800e+02 4.582604526e+01
5.913941020e+02 4.619303041e+01
6.309600000e+02 4.656295512e+01
6.683463990e+02 4.688465428e+01
6.978329170e+02 4.712738611e+01
7.445197250e+02 4.749384242e+01
7.943300000e+02 4.786314848e+01
8.413965450e+02 4.818436364e+01
8.785177560e+02 4.842668800e+01
9.372927810e+02 4.879246284e+01
1.000000000e+03 4.916100000e+01
1.059260000e+03 4.948232143e+01
1.105990000e+03 4.972432275e+01
1.179980000e+03 5.009001058e+01
1.258900000e+03 5.045797090e+01
1.333510000e+03 5.077915535e+01
1.392360000e+03 5.102156883e+01
1.485520000e+03 5.138699048e+01
1.584900000e+03 5.175490950e+01
1.678820000e+03 5.207581955e+01
1.752900000e+03 5.231797367e+01
1.870180000e+03 5.268319315e+01
1.995300000e+03 5.305103640e+01
2.113530000e+03 5.337163945e+01
2.206780000e+03 5.361342439e+01
2.354410000e+03 5.397802299e+01
2.511900000e+03 5.434495650e+01
2.660750000e+03 5.466608525e+01
2.778140000e+03 5.490802852e+01
2.964010000e+03 5.527318749e+01
3.162300000e+03 5.564066850e+01
3.349690000e+03 5.596123757e+01
3.497480000e+03 5.620281082e+01
3.731470000e+03 5.656711498e+01
3.981100000e+03 5.693371110e+01
4.217000000e+03 5.725462227e+01
4.403050000e+03 5.749644909e+01
4.697630000e+03 5.786124424e+01
5.011900000e+03 5.822825420e+01
5.308880000e+03 5.854833009e+01
5.543110000e+03 5.878957057e+01
5.913950000e+03 5.915315531e+01
6.309600000e+03 5.951908776e+01
6.683470000e+03 5.983959316e+01
6.978340000e+03 6.008110685e+01
7.445210000e+03 6.044523285e+01
7.943300000e+03 6.081152181e+01
8.413970000e+03 6.113183366e+01
8.785190000e+03 6.137320556e+01
9.372940000e+03 6.173703446e+01
1.000000000e+04 6.210300000e+01
1.059300000e+04 6.242246218e+01
1.106100000e+04 6.266490091e+01
1.180100000e+04 6.302994347e+01
1.258900000e+04 6.339442730e+01
1.333600000e+04 6.371674080e+01
1.392500000e+04 6.395876432e+01
1.485600000e+04 6.432071587e+01
1.584900000e+04 6.468769350e+01
1.678900000e+04 6.500912341e+01
1.753000000e+04 6.524979787e+01
1.870300000e+04 6.561502419e+01
1.995300000e+04 6.598058040e+01
2.113600000e+04 6.630122250e+01
2.206900000e+04 6.654264742e+01
2.354500000e+04 6.690558972e+01
2.511900000e+04 6.727119390e+01
2.660800000e+04 6.759134451e+01
2.778300000e+04 6.783402818e+01
2.964100000e+04 6.819617506e+01
3.162300000e+04 6.856182630e+01
3.349800000e+04 6.888334432e+01
3.497600000e+04 6.912380330e+01
3.731600000e+04 6.948765356e+01
3.981100000e+04 6.985238060e+01
4.217100000e+04 7.017368262e+01
4.403200000e+04 7.041509376e+01
4.697700000e+04 7.077785007e+01
5.011900000e+04 7.114392050e+01
5.308900000e+04 7.146379306e+01
5.543200000e+04 7.170539397e+01
5.914100000e+04 7.206957745e+01
6.309600000e+04 7.243420800e+01
6.683500000e+04 7.275364026e+01
6.978500000e+04 7.299524957e+01
7.445300000e+04 7.335727520e+01
7.943300000e+04 7.372176730e+01
8.414000000e+04 7.404168548e+01
8.785300000e+04 7.428304991e+01
9.373000000e+04 7.464582216e+01
1.000000000e+05 7.501100000e+01
