1.000000000e-06 1.000000000e+05 400
400
1.000000000e-06 5.689300000e-13
1.059248390e-06 6.761701505e-13
1.105977190e-06 7.696694341e-13
1.142371710e-06 8.481847201e-13
1.199221310e-06 9.812268603e-13
1.258900000e-06 1.135137541e-12
1.333502680e-06 1.349131331e-12
1.392341890e-06 1.535697411e-12
1.438168870e-06 1.692365218e-12
1.509752920e-06 1.957847587e-12
1.584900000e-06 2.264980590e-12
1.678817360e-06 2.691916484e-12
1.752889910e-06 3.064156736e-12
1.810581310e-06 3.376734143e-12
1.900698010e-06 3.906409585e-12
1.995300000e-06 4.519154970e-12
2.113521840e-06 5.371029646e-12
2.206762740e-06 6.113769968e-12
2.279383080e-06 6.737468889e-12
2.392818920e-06 7.794320494e-12
2.511900000e-06 9.016967430e-12
2.660740550e-06 1.071663811e-11
2.778130640e-06 1.219854939e-11
2.869559710e-06 1.344294029e-11
3.012375920e-06 1.555157143e-11
3.162300000e-06 1.799095716e-11
3.349678100e-06 2.138230169e-11
3.497462590e-06 2.433912196e-11
3.612564260e-06 2.682209748e-11
3.792358050e-06 3.102945280e-11
3.981100000e-06 3.589678248e-11
4.216993340e-06 4.266374332e-11
4.403041580e-06 4.856334711e-11
4.547944850e-06 5.351794102e-11
4.774289980e-06 6.191299246e-11
5.011900000e-06 7.162506290e-11
5.308872010e-06 8.512563913e-11
5.543092800e-06 9.689658800e-11
5.725515170e-06 1.067808579e-10
6.010466750e-06 1.235301179e-10
6.309600000e-06 1.429061304e-10
6.683463990e-06 1.698441970e-10
6.978329170e-06 1.933297248e-10
7.207984270e-06 2.130521575e-10
7.566715370e-06 2.464713764e-10
7.943300000e-06 2.851326968e-10
8.413965450e-06 3.388783483e-10
8.785177560e-06 3.857378193e-10
9.074295300e-06 4.250871782e-10
9.525909570e-06 4.917646031e-10
1.000000000e-05 5.689000000e-10
1.059248390e-05 6.761341361e-10
1.105977190e-05 7.696285130e-10
1.142371710e-05 8.481390253e-10
1.199221310e-05 9.811728953e-10
1.258900000e-05 1.135074596e-09
1.333502680e-05 1.349051321e-09
1.392341890e-05 1.535599947e-09
1.438168870e-05 1.692264546e-09
1.509752920e-05 1.957726806e-09
1.584900000e-05 2.264822100e-09
1.678817360e-05 2.691715026e-09
1.752889910e-05 3.063928860e-09
1.810581310e-05 3.376462556e-09
1.900698010e-05 3.906086466e-09
1.995300000e-05 4.518755910e-09
2.113521840e-05 5.370501266e-09
2.206762740e-05 6.113085872e-09
2.279383080e-05 6.736671105e-09
2.392818920e-05 7.793315510e-09
2.511900000e-05 9.015711480e-09
2.660740550e-05 1.071509488e-08
2.778130640e-05 1.219674360e-08
2.869559710e-05 1.344093159e-08
3.012375920e-05 1.554916153e-08
3.162300000e-05 1.798811109e-08
3.349678100e-05 2.137871753e-08
3.497462590e-05 2.433482008e-08
3.612564260e-05 2.681718440e-08
3.792358050e-05 3.102353672e-08
3.981100000e-05 3.588961650e-08
4.216993340e-05 4.265425509e-08
4.403041580e-05 4.855207532e-08
4.547944850e-05 5.350466102e-08
4.774289980e-05 6.189671213e-08
5.011900000e-05 7.160501530e-08
5.308872010e-05 8.510143068e-08
5.543092800e-05 9.686831823e-08
5.725515170e-05 1.067494248e-07
6.010466750e-05 1.234926126e-07
6.309600000e-05 1.428619632e-07
6.683463990e-05 1.697832438e-07
6.978329170e-05 1.932539402e-07
7.207984270e-05 2.129627064e-07
7.566715370e-05 2.463578000e-07
7.943300000e-05 2.849897174e-07
8.413965450e-05 3.386544527e-07
8.785177560e-05 3.854361363e-07
9.074295300e-05 4.247165840e-07
9.525909570e-05 4.912689700e-07
1.000000000e-04 5.682500000e-07
1.059248390e-04 6.752513585e-07
1.105977190e-04 7.685283974e-07
1.142371710e-04 8.468487164e-07
1.199221310e-04 9.795454321e-07
1.258900000e-04 1.133035178e-06
1.333502680e-04 1.346071476e-06
1.392341890e-04 1.531745805e-06
1.438168870e-04 1.687623719e-06
1.509752920e-04 1.951681756e-06
1.584900000e-04 2.257056090e-06
1.678817360e-04 2.681293096e-06
1.752889910e-04 3.051024961e-06
1.810581310e-04 3.361412823e-06
1.900698010e-04 3.887192008e-06
1.995300000e-04 4.495211370e-06
2.113521840e-04 5.338991403e-06
2.206762740e-04 6.074227428e-06
2.279383080e-04 6.691368139e-06
2.392818920e-04 7.736610248e-06
2.511900000e-04 8.945127090e-06
2.660740550e-04 1.061920205e-05
2.778130640e-04 1.207732955e-05
2.869559710e-04 1.330087441e-05
3.012375920e-04 1.537248568e-05
3.162300000e-04 1.776675009e-05
3.349678100e-04 2.107783370e-05
3.497462590e-04 2.396014636e-05
3.731453920e-04 2.903920279e-05
3.981100000e-04 3.519491455e-05
4.216993340e-04 4.170759448e-05
4.403041580e-04 4.737143715e-05
4.697616860e-04 5.734145222e-05
5.011900000e-04 6.940980310e-05
5.308872010e-04 8.212363871e-05
5.543092800e-04 9.316519854e-05
5.913941020e-04 1.125724209e-04
6.309600000e-04 1.360223568e-04
6.683463990e-04 1.605221582e-04
6.978329170e-04 1.817517130e-04
7.445197250e-04 2.189746252e-04
7.943300000e-04 2.638208229e-04
8.413965450e-04 3.102302793e-04
8.785177560e-04 3.503204726e-04
9.372927810e-04 4.203756173e-04
1.000000000e-03 5.044400000e-04
1.059248390e-03 5.901663619e-04
1.105977190e-03 6.638930944e-04
1.179963850e-03 7.921067047e-04
1.258900000e-03 9.450814080e-04
1.333502680e-03 1.098145212e-03
1.453777290e-03 1.375452491e-03
1.584900000e-03 1.722786300e-03
1.678817360e-03 1.984792249e-03
1.830230670e-03 2.454372712e-03
1.995300000e-03 3.035050830e-03
2.238748330e-03 3.951961840e-03
2.511900000e-03 5.145878340e-03
3.162300000e-03 8.388000750e-03
3.981100000e-03 1.315634117e-02
4.466864130e-03 1.617660671e-02
5.011900000e-03 1.989022634e-02
5.623440610e-03 2.406849710e-02
6.309600000e-03 2.912448264e-02
7.079480610e-03 3.488767259e-02
7.943300000e-03 4.179128996e-02
8.912519290e-03 4.966493246e-02
1.000000000e-02 5.902200000e-02
1.122007140e-02 6.987549941e-02
1.258900000e-02 8.272483680e-02
1.412526330e-02 9.709535204e-02
1.584900000e-02 1.139622345e-01
1.778300030e-02 1.324596201e-01
1.995300000e-02 1.539593433e-01
2.238748330e-02 1.771726256e-01
2.511900000e-02 2.038858992e-01
3.162300000e-02 2.653232946e-01
3.981100000e-02 3.402606359e-01
5.011900000e-02 4.304119482e-01
6.309600000e-02 5.375211336e-01
7.943300000e-02 6.621137715e-01
8.912519290e-02 7.302101358e-01
1.000000000e-01 8.053100000e-01
1.122007140e-01 8.832054168e-01
1.258900000e-01 9.686354270e-01
1.412526330e-01 1.056942421e+00
1.584900000e-01 1.153300032e+00
1.778300030e-01 1.252694450e+00
1.995300000e-01 1.360654929e+00
2.238748330e-01 1.471970989e+00
2.511900000e-01 1.592393886e+00
2.818400500e-01 1.716550872e+00
3.162300000e-01 1.850388222e+00
3.548159040e-01 1.988321603e+00
3.981100000e-01 2.136536937e+00
4.466864130e-01 2.288920429e+00
5.011900000e-01 2.452172313e+00
5.308872010e-01 2.534412538e+00
5.787647100e-01 2.662973198e+00
6.309600000e-01 2.798055216e+00
6.683463990e-01 2.888274375e+00
7.286203370e-01 3.029086660e+00
7.943300000e-01 3.176763969e+00
8.413965450e-01 3.274289371e+00
9.172767010e-01 3.426219822e+00
1.000000000e+00 3.585200000e+00
1.059248390e+00 3.689636445e+00
1.154767430e+00 3.852022834e+00
1.258900000e+00 4.021556050e+00
1.333502680e+00 4.132381987e+00
1.453777290e+00 4.304373617e+00
1.584900000e+00 4.483523610e+00
1.678817360e+00 4.599906885e+00
1.830230670e+00 4.780170749e+00
1.995300000e+00 4.967498880e+00
2.113521840e+00 5.088484726e+00
2.304117080e+00 5.275510844e+00
2.511900000e+00 5.469411060e+00
2.660740550e+00 5.594053774e+00
2.900699890e+00 5.786363915e+00
3.162300000e+00 5.985285210e+00
3.349678100e+00 6.112895362e+00
3.651767180e+00 6.309429994e+00
3.981100000e+00 6.512283380e+00
4.216993340e+00 6.641733600e+00
4.403041580e+00 6.740507159e+00
4.697616860e+00 6.891428502e+00
5.011900000e+00 7.045729020e+00
5.308872010e+00 7.176637768e+00
5.543092800e+00 7.276413041e+00
5.913941020e+00 7.428682873e+00
6.309600000e+00 7.584139200e+00
6.683463990e+00 7.715741044e+00
6.978329170e+00 7.815938858e+00
7.445197250e+00 7.968680609e+00
7.943300000e+00 8.124407240e+00
8.413965450e+00 8.256236909e+00
8.785177560e+00 8.356511058e+00
9.372927810e+00 8.509210385e+00
1.000000000e+01 8.664700000e+00
1.059248390e+01 8.796444246e+00
1.105977190e+01 8.896565290e+00
1.179963850e+01 9.048887587e+00
1.258900000e+01 9.203817900e+00
1.333502680e+01 9.335373189e+00
1.392341890e+01 9.435272249e+00
1.485504180e+01 9.587128769e+00
1.584900000e+01 9.741429360e+00
1.678817360e+01 9.872405387e+00
1.752889910e+01 9.971791793e+00
1.870171450e+01 1.012275051e+01
1.995300000e+01 1.027599453e+01
2.113521840e+01 1.040635661e+01
2.206762740e+01 1.050521233e+01
2.354393200e+01 1.065525946e+01
2.511900000e+01 1.080744975e+01
2.660740550e+01 1.093720597e+01
2.778130640e+01 1.103554445e+01
2.963997730e+01 1.118471248e+01
3.162300000e+01 1.133589681e+01
3.349678100e+01 1.146492568e+01
3.497462590e+01 1.156266022e+01
3.731453920e+01 1.171082640e+01
3.981100000e+01 1.186089123e+01
4.216993340e+01 1.198929362e+01
4.403041580e+01 1.208650681e+01
4.697616860e+01 1.223380648e+01
5.011900000e+01 1.238290133e+01
5.308872010e+01 1.251080586e+01
5.543092800e+01 1.260760055e+01
5.913941020e+01 1.275419847e+01
6.309600000e+01 1.290250104e+01
6.683463990e+01 1.302963841e+01
6.978329170e+01 1.312581289e+01
7.445197250e+01 1.327140732e+01
7.943300000e+01 1.341861669e+01
8.413965450e+01 1.354540419e+01
8.785177560e+01 1.364128039e+01
9.372927810e+01 1.378636864e+01
1.000000000e+02 1.393300000e+01
1.059248390e+02 1.405918027e+01
1.105977190e+02 1.415456472e+01
1.179963850e+02 1.429885621e+01
1.258900000e+02 1.444461860e+01
1.333502680e+02 1.457054704e+01
1.392341890e+02 1.466571340e+01
1.485504180e+02 1.480962949e+01
1.584900000e+02 1.495495791e+01
1.678817360e+02 1.508052188e+01
1.752889910e+02 1.517538637e+01
1.870171450e+02 1.531880307e+01
1.995300000e+02 1.546357500e+01
2.113521840e+02 1.558875524e+01
2.206762740e+02 1.568330501e+01
2.354393200e+02 1.582620590e+01
2.511900000e+02 1.597040901e+01
2.660740550e+02 1.609530863e+01
2.778130640e+02 1.618962409e+01
2.963997730e+02 1.633213434e+01
3.162300000e+02 1.647589923e+01
3.349678100e+02 1.660064692e+01
3.497462590e+02 1.669482710e+01
3.731453920e+02 1.683710033e+01
3.981100000e+02 1.698058583e+01
4.216993340e+02 1.710518978e+01
4.403041580e+02 1.719924248e+01
4.697616860e+02 1.734129163e+01
5.011900000e+02 1.748451434e+01
5.308872010e+02 1.760890413e+01
5.543092800e+02 1.770277648e+01
5.913941020e+02 1.784452456e+01
6.309600000e+02 1.798740768e+01
6.683463990e+02 1.811166677e+01
6.978329170e+02 1.820542452e+01
7.445197250e+02 1.834697176e+01
7.943300000e+02 1.848961941e+01
8.413965450e+02 1.861371009e+01
8.785177560e+02 1.870732401e+01
9.372927810e+02 1.884862790e+01
1.000000000e+03 1.899100000e+01
1.059260000e+03 1.911501086e+01
1.105990000e+03 1.920840851e+01
1.179980000e+03 1.934954096e+01
1.258900000e+03 1.949154870e+01
1.333510000e+03 1.961585742e+01
1.392360000e+03 1.970968008e+01
1.485520000e+03 1.985111220e+01
1.584900000e+03 1.999351350e+01
1.678820000e+03 2.011736386e+01
1.752900000e+03 2.021081780e+01
1.870180000e+03 2.035176630e+01
1.995300000e+03 2.049372630e+01
2.113530000e+03 2.061754856e+01
2.206780000e+03 2.071092822e+01
2.354410000e+03 2.085174034e+01
2.511900000e+03 2.099345544e+01
2.660750000e+03 2.111739359e+01
2.778140000e+03 2.121076830e+01
2.964010000e+03 2.135169656e+01
3.162300000e+03 2.149352064e+01
3.349690000e+03 2.161739860e+01
3.497480000e+03 2.171074700e+01
3.731470000e+03 2.185152563e+01
3.981100000e+03 2.199318884e+01
4.217000000e+03 2.211706858e+01
4.403050000e+03 2.221041519e+01
4.697630000e+03 2.235123429e+01
5.011900000e+03 2.249290601e+01
5.308880000e+03 2.261670477e+01
5.543110000e+03 2.271001081e+01
5.913950000e+03 2.285064528e+01
6.309600000e+03 2.299218240e+01
6.683470000e+03 2.311601075e+01
6.978340000e+03 2.320931683e+01
7.445210000e+03 2.334999519e+01
7.943300000e+03 2.349151542e+01
8.413970000e+03 2.361515304e+01
8.785190000e+03 2.370831991e+01
9.372940000e+03 2.384874286e+01
1.000000000e+04 2.399000000e+01
1.059300000e+04 2.411353444e+01
1.106100000e+04 2.420727503e+01
1.180100000e+04 2.434843685e+01
1.258900000e+04 2.448938170e+01
1.333600000e+04 2.461392180e+01
1.392500000e+04 2.470744777e+01
1.485600000e+04 2.484731366e+01
1.584900000e+04 2.498911830e+01
1.678900000e+04 2.511313730e+01
1.753000000e+04 2.520600134e+01
1.870300000e+04 2.534692280e+01
1.995300000e+04 2.548796220e+01
2.113600000e+04 2.561161141e+01
2.206900000e+04 2.570469120e+01
2.354500000e+04 2.584464015e+01
2.511900000e+04 2.598560550e+01
2.660800000e+04 2.610947251e+01
2.778300000e+04 2.620334197e+01
2.964100000e+04 2.634343875e+01
3.162300000e+04 2.648489496e+01
3.349800000e+04 2.660910280e+01
3.497600000e+04 2.670200749e+01
3.731600000e+04 2.684259291e+01
3.981100000e+04 2.698349769e+01
4.217100000e+04 2.710756097e+01
4.403200000e+04 2.720081203e+01
4.697700000e+04 2.734089586e+01
5.011900000e+04 2.748225246e+01
5.308900000e+04 2.760580220e+01
5.543200000e+04 2.769909324e+01
5.914100000e+04 2.783973863e+01
6.309600000e+04 2.798055216e+01
6.683500000e+04 2.810405067e+01
6.978500000e+04 2.819746667e+01
7.445300000e+04 2.833740742e+01
7.943300000e+04 2.847831916e+01
8.414000000e+04 2.860204676e+01
8.785300000e+04 2.869542539e+01
9.373000000e+04 2.883575331e+01
1.000000000e+05 2.897700000e+01
