1.022000000e+00 1.000000000e+05 280
280
1.022000000e+00 0.000000000e+00
1.025120000e+00 2.697630000e-29
1.025181830e+00 2.824210000e-29
1.025301620e+00 3.086590000e-29
1.025413930e+00 3.354660000e-29
1.025519240e+00 3.627090000e-29
1.025617980e+00 3.902550000e-29
1.025710550e+00 4.179760000e-29
1.025797340e+00 4.457510000e-29
1.025878720e+00 4.734630000e-29
1.025955020e+00 5.010070000e-29
1.026026550e+00 5.282820000e-29
1.026093620e+00 5.552000000e-29
1.026156500e+00 5.816800000e-29
1.026274400e+00 6.347760000e-29
1.026377570e+00 6.851960000e-29
1.026467850e+00 7.325880000e-29
1.026546860e+00 7.767370000e-29
1.026615990e+00 8.175450000e-29
1.026676490e+00 8.550070000e-29
1.026782360e+00 9.247360000e-29
1.026861770e+00 9.807400000e-29
1.026980880e+00 1.071160000e-28
1.027100000e+00 1.169910000e-28
1.027199990e+00 1.237650000e-28
1.027349990e+00 1.346680000e-28
1.027500000e+00 1.465300000e-28
1.027649970e+00 1.582820000e-28
1.027762470e+00 1.677100000e-28
1.027931230e+00 1.829150000e-28
1.028100000e+00 1.994980000e-28
1.028262470e+00 2.151300000e-28
1.028384340e+00 2.276530000e-28
1.028567160e+00 2.478160000e-28
1.028750000e+00 2.697630000e-28
1.028937460e+00 2.917740000e-28
1.029078070e+00 3.094540000e-28
1.029289020e+00 3.380000000e-28
1.029500000e+00 3.691780000e-28
1.029649970e+00 3.909530000e-28
1.029874970e+00 4.260450000e-28
1.030100000e+00 4.642860000e-28
1.030324930e+00 5.021520000e-28
1.030493670e+00 5.325650000e-28
1.030746810e+00 5.816700000e-28
1.031000000e+00 6.353010000e-28
1.031249920e+00 6.871030000e-28
1.031437390e+00 7.287090000e-28
1.031718660e+00 7.958850000e-28
1.032000000e+00 8.692520000e-28
1.032299880e+00 9.456760000e-28
1.032524840e+00 1.007370000e-27
1.032693600e+00 1.056270000e-27
1.032946770e+00 1.134110000e-27
1.033200000e+00 1.217670000e-27
1.033399950e+00 1.281720000e-27
1.033699940e+00 1.384170000e-27
1.034000000e+00 1.494810000e-27
1.034324850e+00 1.613470000e-27
1.034568560e+00 1.708600000e-27
1.034934220e+00 1.861920000e-27
1.035300000e+00 2.028990000e-27
1.035634850e+00 2.178740000e-27
1.035886050e+00 2.298270000e-27
1.036262960e+00 2.489960000e-27
1.036640000e+00 2.697630000e-27
1.037029790e+00 2.907560000e-27
1.037322220e+00 3.075660000e-27
1.037761020e+00 3.346210000e-27
1.038200000e+00 3.640540000e-27
1.038574800e+00 3.886740000e-27
1.038856000e+00 4.082250000e-27
1.039277920e+00 4.394110000e-27
1.039700000e+00 4.729790000e-27
1.040149720e+00 5.079780000e-27
1.040487130e+00 5.359170000e-27
1.040993450e+00 5.807320000e-27
1.041500000e+00 6.292930000e-27
1.042074530e+00 6.830510000e-27
1.042505640e+00 7.263620000e-27
1.042829090e+00 7.606390000e-27
1.043314440e+00 8.151090000e-27
1.043800000e+00 8.734780000e-27
1.044449400e+00 9.486550000e-27
1.044936720e+00 1.009250000e-26
1.045302350e+00 1.057230000e-26
1.045851040e+00 1.133510000e-26
1.046400000e+00 1.215280000e-26
1.046874680e+00 1.283720000e-26
1.047587100e+00 1.393680000e-26
1.048300000e+00 1.513060000e-26
1.049024260e+00 1.632900000e-26
1.049567780e+00 1.728970000e-26
1.050383580e+00 1.883770000e-26
1.051200000e+00 2.052430000e-26
1.051919270e+00 2.197590000e-26
1.052459040e+00 2.313160000e-26
1.053269210e+00 2.498010000e-26
1.054080000e+00 2.697630000e-26
1.054983840e+00 2.914820000e-26
1.055662240e+00 3.089120000e-26
1.056680630e+00 3.370290000e-26
1.057700000e+00 3.677050000e-26
1.058548980e+00 3.926890000e-26
1.059186170e+00 4.125350000e-26
1.060142660e+00 4.441990000e-26
1.061100000e+00 4.782940000e-26
1.062098600e+00 5.130490000e-26
1.062848160e+00 5.407620000e-26
1.063973490e+00 5.851650000e-26
1.065100000e+00 6.332120000e-26
1.066422540e+00 6.881790000e-26
1.067415530e+00 7.325140000e-26
1.068160870e+00 7.676300000e-26
1.069279850e+00 8.234840000e-26
1.070400000e+00 8.834020000e-26
1.071847070e+00 9.578230000e-26
1.072933660e+00 1.017726000e-25
1.073749320e+00 1.065098000e-25
1.074973970e+00 1.140323000e-25
1.076200000e+00 1.220860000e-25
1.077298330e+00 1.290603000e-25
1.078947900e+00 1.402759000e-25
1.080600000e+00 1.524660000e-25
1.082221350e+00 1.642635000e-25
1.083438970e+00 1.737070000e-25
1.085267940e+00 1.888996000e-25
1.087100000e+00 2.054210000e-25
1.088748750e+00 2.199021000e-25
1.089986960e+00 2.314290000e-25
1.091846900e+00 2.498620000e-25
1.093710000e+00 2.697630000e-25
1.095925770e+00 2.927226000e-25
1.097590530e+00 3.112158000e-25
1.098840770e+00 3.258485000e-25
1.100718790e+00 3.490974000e-25
1.102600000e+00 3.740050000e-25
1.104619450e+00 3.996746000e-25
1.106136470e+00 4.200766000e-25
1.108415890e+00 4.526486000e-25
1.110700000e+00 4.877460000e-25
1.113166780e+00 5.245353000e-25
1.115020460e+00 5.539371000e-25
1.117806750e+00 6.011584000e-25
1.120600000e+00 6.524050000e-25
1.123761600e+00 7.084257000e-25
1.126138660e+00 7.535760000e-25
1.127924750e+00 7.893173000e-25
1.130609180e+00 8.461325000e-25
1.133300000e+00 9.070370000e-25
1.136833450e+00 9.832013000e-25
1.139490760e+00 1.044493000e-24
1.143488370e+00 1.143668300e-24
1.147500000e+00 1.252260000e-24
1.150165700e+00 1.322176400e-24
1.154175870e+00 1.434437500e-24
1.158200000e+00 1.556230000e-24
1.162154710e+00 1.673320200e-24
1.165129600e+00 1.766883900e-24
1.169606200e+00 1.917129200e-24
1.174100000e+00 2.080150000e-24
1.178082200e+00 2.219814300e-24
1.181077710e+00 2.330682600e-24
1.185585260e+00 2.507452900e-24
1.190110000e+00 2.697630000e-24
1.193839940e+00 2.849669600e-24
1.199456760e+00 3.093945300e-24
1.205100000e+00 3.359160000e-24
1.210661390e+00 3.613350200e-24
1.214849270e+00 3.816538000e-24
1.221158260e+00 4.142941700e-24
1.227500000e+00 4.497260000e-24
1.233086750e+00 4.794217000e-24
1.237293490e+00 5.029733300e-24
1.243630520e+00 5.404876900e-24
1.250000000e+00 5.808000000e-24
1.257775820e+00 6.285857300e-24
1.265600000e+00 6.803030000e-24
1.272862260e+00 7.263357600e-24
1.278336290e+00 7.628931400e-24
1.286591490e+00 8.212078500e-24
1.294900000e+00 8.839800000e-24
1.301277730e+00 9.289182200e-24
1.310903270e+00 1.000644950e-23
1.320600000e+00 1.077910000e-23
1.331752910e+00 1.163881600e-23
1.343000000e+00 1.256710000e-23
1.352694530e+00 1.332281090e-23
1.367367690e+00 1.454243160e-23
1.382200000e+00 1.587370000e-23
1.394923250e+00 1.692229600e-23
1.414228050e+00 1.862648670e-23
1.433800000e+00 2.050230000e-23
1.450070940e+00 2.193249420e-23
1.462395200e+00 2.307023950e-23
1.481078260e+00 2.488847040e-23
1.500000000e+00 2.685000000e-23
1.521962910e+00 2.894789360e-23
1.538645880e+00 3.062820010e-23
1.564013820e+00 3.333329330e-23
1.589800000e+00 3.627730000e-23
1.608275440e+00 3.825100670e-23
1.636391960e+00 4.141471980e-23
1.665000000e+00 4.484010000e-23
1.694150490e+00 4.811938190e-23
1.716347800e+00 5.073528920e-23
1.750190260e+00 5.492818910e-23
1.784700000e+00 5.946760000e-23
1.837712660e+00 6.602784930e-23
1.892300000e+00 7.331180000e-23
1.945404850e+00 8.004655790e-23
2.000000000e+00 8.740000000e-23
2.044000000e+00 9.313000000e-23
2.102901330e+00 1.005977731e-22
2.163500000e+00 1.086652759e-22
2.265639010e+00 1.213991391e-22
2.372600000e+00 1.356311555e-22
2.506094470e+00 1.519142304e-22
2.647100000e+00 1.701605579e-22
2.818031230e+00 1.902173532e-22
3.000000000e+00 2.126457000e-22
3.240370350e+00 2.391255104e-22
3.500000000e+00 2.689120949e-22
4.000000000e+00 3.210020000e-22
4.750000000e+00 3.922006825e-22
5.000000000e+00 4.141940000e-22
6.000000000e+00 4.945580000e-22
7.000000000e+00 5.658170000e-22
8.000000000e+00 6.298410000e-22
9.000000000e+00 6.881200000e-22
1.000000000e+01 7.416500000e-22
1.100000000e+01 7.910280000e-22
1.200000000e+01 8.368560000e-22
1.300000000e+01 8.796350000e-22
1.400000000e+01 9.192800000e-22
1.500000000e+01 9.560800000e-22
1.600000000e+01 9.902400000e-22
1.800000000e+01 1.051870000e-21
2.000000000e+01 1.106990000e-21
2.200000000e+01 1.158010000e-21
2.400000000e+01 1.202950000e-21
2.600000000e+01 1.244820000e-21
2.800000000e+01 1.282620000e-21
3.000000000e+01 1.318370000e-21
3.464101620e+01 1.388060863e-21
4.000000000e+01 1.461450000e-21
4.472135960e+01 1.513673784e-21
5.000000000e+01 1.567770000e-21
6.000000000e+01 1.650610000e-21
6.928203240e+01 1.710890857e-21
8.000000000e+01 1.773380000e-21
8.944271920e+01 1.816357657e-21
1.000000000e+02 1.860380000e-21
1.224744880e+02 1.927808671e-21
1.500000000e+02 1.997690000e-21
1.732050810e+02 2.038800392e-21
2.000000000e+02 2.080760000e-21
2.449489750e+02 2.127986404e-21
3.000000000e+02 2.176290000e-21
4.000000000e+02 2.231810000e-21
5.000000000e+02 2.268850000e-21
6.000000000e+02 2.294610000e-21
8.000000000e+02 2.329660000e-21
1.000000000e+03 2.352360000e-21
1.500000000e+03 2.384410000e-21
2.000000000e+03 2.403010000e-21
3.000000000e+03 2.421670000e-21
4.000000000e+03 2.432060000e-21
5.000000000e+03 2.439290000e-21
6.000000000e+03 2.443460000e-21
8.000000000e+03 2.449680000e-21
1.000000000e+04 2.452820000e-21
1.500000000e+04 2.459020000e-21
2.000000000e+04 2.461130000e-21
3.000000000e+04 2.464230000e-21
4.000000000e+04 2.465310000e-21
5.000000000e+04 2.466350000e-21
6.000000000e+04 2.467370000e-21
8.000000000e+04 2.468400000e-21
1.000000000e+05 2.468420000e-21
