1.022000000e+00 1.000000000e+05 279
279
1.022000000e+00 0.000000000e+00
1.025120000e+00 3.348350000e-29
1.025212450e+00 3.599980000e-29
1.025299120e+00 3.853040000e-29
1.025380390e+00 4.106410000e-29
1.025456580e+00 4.359060000e-29
1.025528020e+00 4.610010000e-29
1.025594990e+00 4.858390000e-29
1.025657790e+00 5.103380000e-29
1.025716660e+00 5.344270000e-29
1.025827040e+00 5.826960000e-29
1.025923640e+00 6.284950000e-29
1.026008170e+00 6.715120000e-29
1.026082140e+00 7.115610000e-29
1.026146870e+00 7.485580000e-29
1.026260140e+00 8.179850000e-29
1.026345100e+00 8.742490000e-29
1.026408830e+00 9.189730000e-29
1.026504410e+00 9.903760000e-29
1.026600000e+00 1.067320000e-28
1.026724980e+00 1.152720000e-28
1.026818730e+00 1.221220000e-28
1.026959360e+00 1.331680000e-28
1.027100000e+00 1.452120000e-28
1.027199990e+00 1.536200000e-28
1.027349990e+00 1.671520000e-28
1.027500000e+00 1.818760000e-28
1.027649970e+00 1.964630000e-28
1.027762470e+00 2.081650000e-28
1.027931230e+00 2.270380000e-28
1.028100000e+00 2.476210000e-28
1.028262470e+00 2.670240000e-28
1.028384340e+00 2.825670000e-28
1.028567160e+00 3.075940000e-28
1.028750000e+00 3.348350000e-28
1.028937460e+00 3.621560000e-28
1.029078070e+00 3.841000000e-28
1.029289020e+00 4.195320000e-28
1.029500000e+00 4.582310000e-28
1.029649970e+00 4.852590000e-28
1.029874970e+00 5.288160000e-28
1.030100000e+00 5.762810000e-28
1.030324930e+00 6.232810000e-28
1.030493670e+00 6.610300000e-28
1.030746810e+00 7.219800000e-28
1.031000000e+00 7.885480000e-28
1.031249920e+00 8.528460000e-28
1.031437390e+00 9.044870000e-28
1.031718660e+00 9.878670000e-28
1.032000000e+00 1.078930000e-27
1.032299880e+00 1.173790000e-27
1.032524840e+00 1.250370000e-27
1.032693600e+00 1.311070000e-27
1.032946770e+00 1.407680000e-27
1.033200000e+00 1.511400000e-27
1.033399950e+00 1.590900000e-27
1.033699940e+00 1.718060000e-27
1.034000000e+00 1.855380000e-27
1.034324850e+00 2.002660000e-27
1.034568560e+00 2.120740000e-27
1.034934220e+00 2.311050000e-27
1.035300000e+00 2.518420000e-27
1.035634850e+00 2.704300000e-27
1.035886050e+00 2.852660000e-27
1.036262960e+00 3.090580000e-27
1.036640000e+00 3.348350000e-27
1.037029790e+00 3.608920000e-27
1.037322220e+00 3.817570000e-27
1.037761020e+00 4.153380000e-27
1.038200000e+00 4.518710000e-27
1.038574800e+00 4.824300000e-27
1.038856000e+00 5.066970000e-27
1.039277920e+00 5.454060000e-27
1.039700000e+00 5.870700000e-27
1.040149720e+00 6.305120000e-27
1.040487130e+00 6.651900000e-27
1.040993450e+00 7.208150000e-27
1.041500000e+00 7.810900000e-27
1.042074530e+00 8.478160000e-27
1.042505640e+00 9.015750000e-27
1.042829090e+00 9.441200000e-27
1.043314440e+00 1.011730000e-26
1.043800000e+00 1.084180000e-26
1.044449400e+00 1.177490000e-26
1.044936720e+00 1.252710000e-26
1.045302350e+00 1.312260000e-26
1.045851040e+00 1.406930000e-26
1.046400000e+00 1.508430000e-26
1.046874680e+00 1.593380000e-26
1.047587100e+00 1.729870000e-26
1.048300000e+00 1.878040000e-26
1.049024260e+00 2.026790000e-26
1.049567780e+00 2.146030000e-26
1.050383580e+00 2.338180000e-26
1.051200000e+00 2.547520000e-26
1.051919270e+00 2.727700000e-26
1.052459040e+00 2.871150000e-26
1.053269210e+00 3.100580000e-26
1.054080000e+00 3.348350000e-26
1.054983840e+00 3.617930000e-26
1.055662240e+00 3.834270000e-26
1.056680630e+00 4.183270000e-26
1.057700000e+00 4.564030000e-26
1.058548980e+00 4.874130000e-26
1.059186170e+00 5.120460000e-26
1.060142660e+00 5.513480000e-26
1.061100000e+00 5.936670000e-26
1.062098600e+00 6.368050000e-26
1.062848160e+00 6.712040000e-26
1.063973490e+00 7.263170000e-26
1.065100000e+00 7.859540000e-26
1.066422540e+00 8.541800000e-26
1.067415530e+00 9.092080000e-26
1.068160870e+00 9.527940000e-26
1.069279850e+00 1.022120000e-25
1.070400000e+00 1.096490000e-25
1.071847070e+00 1.188865000e-25
1.072933660e+00 1.263219000e-25
1.073749320e+00 1.322020000e-25
1.074973970e+00 1.415393000e-25
1.076200000e+00 1.515360000e-25
1.077298330e+00 1.601924000e-25
1.078947900e+00 1.741129000e-25
1.080600000e+00 1.892430000e-25
1.082221350e+00 2.038863000e-25
1.083438970e+00 2.156078000e-25
1.085267940e+00 2.344653000e-25
1.087100000e+00 2.549720000e-25
1.088748750e+00 2.729463000e-25
1.089986960e+00 2.872538000e-25
1.091846900e+00 3.101333000e-25
1.093710000e+00 3.348350000e-25
1.095925770e+00 3.633331000e-25
1.097590530e+00 3.862873000e-25
1.098840770e+00 4.044498000e-25
1.100718790e+00 4.333070000e-25
1.102600000e+00 4.642230000e-25
1.104619450e+00 4.960856000e-25
1.106136470e+00 5.214096000e-25
1.108415890e+00 5.618399000e-25
1.110700000e+00 6.054050000e-25
1.113166780e+00 6.510696000e-25
1.115020460e+00 6.875646000e-25
1.117806750e+00 7.461781000e-25
1.120600000e+00 8.097880000e-25
1.123761600e+00 8.793236000e-25
1.126138660e+00 9.353664000e-25
1.127924750e+00 9.797303000e-25
1.130609180e+00 1.050252200e-24
1.133300000e+00 1.125850000e-24
1.136833450e+00 1.220391200e-24
1.139490760e+00 1.296471500e-24
1.143488370e+00 1.419576300e-24
1.147500000e+00 1.554370000e-24
1.150165700e+00 1.641155200e-24
1.154175870e+00 1.780502000e-24
1.158200000e+00 1.931680000e-24
1.162154710e+00 2.077013100e-24
1.165129600e+00 2.193144700e-24
1.169606200e+00 2.379629200e-24
1.174100000e+00 2.581970000e-24
1.178082200e+00 2.755314400e-24
1.181077710e+00 2.892918100e-24
1.185585260e+00 3.112314900e-24
1.190110000e+00 3.348350000e-24
1.193839940e+00 3.537042500e-24
1.199456760e+00 3.840204400e-24
1.205100000e+00 4.169350000e-24
1.210661390e+00 4.484822600e-24
1.214849270e+00 4.736995200e-24
1.221158260e+00 5.142086900e-24
1.227500000e+00 5.581820000e-24
1.233086750e+00 5.950461700e-24
1.237293490e+00 6.242834100e-24
1.243630520e+00 6.708546500e-24
1.250000000e+00 7.209000000e-24
1.257775820e+00 7.802499700e-24
1.265600000e+00 8.444860000e-24
1.272862260e+00 9.016799800e-24
1.278336290e+00 9.471034200e-24
1.286591490e+00 1.019564810e-23
1.294900000e+00 1.097570000e-23
1.301277730e+00 1.153478780e-23
1.310903270e+00 1.242726760e-23
1.320600000e+00 1.338880000e-23
1.331752910e+00 1.445874870e-23
1.343000000e+00 1.561420000e-23
1.352694530e+00 1.655542380e-23
1.367367690e+00 1.807470110e-23
1.382200000e+00 1.973340000e-23
1.394923250e+00 2.103872750e-23
1.414228050e+00 2.316038480e-23
1.433800000e+00 2.549600000e-23
1.450070940e+00 2.727254290e-23
1.462395200e+00 2.868572440e-23
1.481078260e+00 3.094397390e-23
1.500000000e+00 3.338000000e-23
1.515386640e+00 3.521827100e-23
1.538763020e+00 3.816722300e-23
1.562500000e+00 4.136310000e-23
1.589614740e+00 4.490532720e-23
1.617200000e+00 4.875090000e-23
1.640611700e+00 5.185815460e-23
1.676366250e+00 5.689428940e-23
1.712900000e+00 6.241950000e-23
1.743471760e+00 6.670230680e-23
1.790355510e+00 7.368374590e-23
1.838500000e+00 8.139590000e-23
1.891583650e+00 8.937264310e-23
1.946200000e+00 9.813110000e-23
2.000000000e+00 1.065000000e-22
2.044000000e+00 1.133000000e-22
2.102901330e+00 1.221407726e-22
2.163500000e+00 1.316723797e-22
2.265639010e+00 1.466607807e-22
2.372600000e+00 1.633617961e-22
2.506094470e+00 1.823967091e-22
2.647100000e+00 2.036588490e-22
2.818031230e+00 2.269735177e-22
3.000000000e+00 2.529657000e-22
3.240370350e+00 2.836301607e-22
3.500000000e+00 3.180226212e-22
4.000000000e+00 3.779830000e-22
4.750000000e+00 4.593982919e-22
5.000000000e+00 4.845560000e-22
6.000000000e+00 5.765060000e-22
7.000000000e+00 6.578500000e-22
8.000000000e+00 7.309570000e-22
9.000000000e+00 7.975140000e-22
1.000000000e+01 8.585180000e-22
1.100000000e+01 9.149660000e-22
1.200000000e+01 9.673600000e-22
1.300000000e+01 1.016300000e-21
1.400000000e+01 1.062100000e-21
1.500000000e+01 1.103860000e-21
1.600000000e+01 1.143570000e-21
1.800000000e+01 1.214900000e-21
2.000000000e+01 1.278100000e-21
2.200000000e+01 1.336210000e-21
2.400000000e+01 1.388220000e-21
2.600000000e+01 1.436150000e-21
2.800000000e+01 1.480010000e-21
3.000000000e+01 1.519810000e-21
3.464101620e+01 1.600324783e-21
4.000000000e+01 1.685120000e-21
4.472135960e+01 1.745287561e-21
5.000000000e+01 1.807610000e-21
6.000000000e+01 1.903570000e-21
6.928203240e+01 1.972300603e-21
8.000000000e+01 2.043520000e-21
8.944271920e+01 2.092984760e-21
1.000000000e+02 2.143650000e-21
1.224744880e+02 2.221004900e-21
1.500000000e+02 2.301160000e-21
1.732050810e+02 2.347285999e-21
2.000000000e+02 2.394340000e-21
2.449489750e+02 2.448553679e-21
3.000000000e+02 2.504000000e-21
4.000000000e+02 2.566590000e-21
5.000000000e+02 2.607670000e-21
6.000000000e+02 2.637470000e-21
8.000000000e+02 2.676560000e-21
1.000000000e+03 2.701290000e-21
1.500000000e+03 2.738370000e-21
2.000000000e+03 2.757990000e-21
3.000000000e+03 2.779660000e-21
4.000000000e+03 2.792060000e-21
5.000000000e+03 2.799300000e-21
6.000000000e+03 2.804470000e-21
8.000000000e+03 2.810700000e-21
1.000000000e+04 2.814840000e-21
1.500000000e+04 2.821040000e-21
2.000000000e+04 2.824150000e-21
3.000000000e+04 2.827260000e-21
4.000000000e+04 2.829330000e-21
5.000000000e+04 2.830370000e-21
6.000000000e+04 2.831400000e-21
8.000000000e+04 2.831430000e-21
1.000000000e+05 2.832450000e-21
