1.022000000e+00 1.000000000e+05 286
286
1.022000000e+00 0.000000000e+00
1.025120000e+00 1.661870000e-29
1.025213000e+00 1.769110000e-29
1.025303110e+00 1.879590000e-29
1.025390410e+00 1.993200000e-29
1.025474980e+00 2.109800000e-29
1.025556920e+00 2.229260000e-29
1.025636310e+00 2.351430000e-29
1.025713220e+00 2.476160000e-29
1.025787730e+00 2.603300000e-29
1.025859920e+00 2.732690000e-29
1.025929860e+00 2.864170000e-29
1.025997620e+00 2.997570000e-29
1.026128900e+00 3.273940000e-29
1.026251990e+00 3.556140000e-29
1.026367400e+00 3.842760000e-29
1.026475610e+00 4.132400000e-29
1.026577070e+00 4.423740000e-29
1.026672200e+00 4.715500000e-29
1.026761390e+00 5.006480000e-29
1.026845010e+00 5.295560000e-29
1.026923410e+00 5.581710000e-29
1.026996920e+00 5.864000000e-29
1.027065830e+00 6.141610000e-29
1.027195060e+00 6.697980000e-29
1.027308140e+00 7.226000000e-29
1.027407100e+00 7.722050000e-29
1.027493690e+00 8.183950000e-29
1.027569470e+00 8.610720000e-29
1.027702090e+00 9.411760000e-29
1.027801560e+00 1.006110000e-28
1.027876170e+00 1.057730000e-28
1.027988080e+00 1.140160000e-28
1.028100000e+00 1.229010000e-28
1.028262470e+00 1.325310000e-28
1.028384340e+00 1.402450000e-28
1.028567160e+00 1.526670000e-28
1.028750000e+00 1.661870000e-28
1.028937460e+00 1.797470000e-28
1.029078070e+00 1.906380000e-28
1.029289020e+00 2.082240000e-28
1.029500000e+00 2.274310000e-28
1.029649970e+00 2.408460000e-28
1.029874970e+00 2.624650000e-28
1.030100000e+00 2.860230000e-28
1.030324930e+00 3.093500000e-28
1.030493670e+00 3.280860000e-28
1.030746810e+00 3.583370000e-28
1.031000000e+00 3.913760000e-28
1.031249920e+00 4.232890000e-28
1.031437390e+00 4.489200000e-28
1.031718660e+00 4.903040000e-28
1.032000000e+00 5.355010000e-28
1.032299880e+00 5.825830000e-28
1.032524840e+00 6.205910000e-28
1.032693600e+00 6.507160000e-28
1.032946770e+00 6.986650000e-28
1.033200000e+00 7.501460000e-28
1.033399950e+00 7.896060000e-28
1.033699940e+00 8.527190000e-28
1.034000000e+00 9.208740000e-28
1.034324850e+00 9.939740000e-28
1.034568560e+00 1.052580000e-27
1.034934220e+00 1.147030000e-27
1.035300000e+00 1.249960000e-27
1.035634850e+00 1.342210000e-27
1.035886050e+00 1.415850000e-27
1.036262960e+00 1.533940000e-27
1.036640000e+00 1.661870000e-27
1.037029790e+00 1.791200000e-27
1.037322220e+00 1.894760000e-27
1.037761020e+00 2.061430000e-27
1.038200000e+00 2.242750000e-27
1.038574800e+00 2.394420000e-27
1.038856000e+00 2.514870000e-27
1.039277920e+00 2.706990000e-27
1.039700000e+00 2.913780000e-27
1.040149720e+00 3.129390000e-27
1.040487130e+00 3.301510000e-27
1.040993450e+00 3.577580000e-27
1.041500000e+00 3.876740000e-27
1.042074530e+00 4.207920000e-27
1.042505640e+00 4.474740000e-27
1.042829090e+00 4.685900000e-27
1.043314440e+00 5.021460000e-27
1.043800000e+00 5.381050000e-27
1.044449400e+00 5.844180000e-27
1.044936720e+00 6.217500000e-27
1.045302350e+00 6.513060000e-27
1.045851040e+00 6.982940000e-27
1.046400000e+00 7.486710000e-27
1.046874680e+00 7.908350000e-27
1.047587100e+00 8.585750000e-27
1.048300000e+00 9.321160000e-27
1.049024260e+00 1.005940000e-26
1.049567780e+00 1.065130000e-26
1.050383580e+00 1.160500000e-26
1.051200000e+00 1.264400000e-26
1.051919270e+00 1.353830000e-26
1.052459040e+00 1.425020000e-26
1.053269210e+00 1.538900000e-26
1.054080000e+00 1.661870000e-26
1.054983840e+00 1.795670000e-26
1.055662240e+00 1.903040000e-26
1.056680630e+00 2.076260000e-26
1.057700000e+00 2.265240000e-26
1.058548980e+00 2.419150000e-26
1.059186170e+00 2.541410000e-26
1.060142660e+00 2.736480000e-26
1.061100000e+00 2.946520000e-26
1.062098600e+00 3.160630000e-26
1.062848160e+00 3.331360000e-26
1.063973490e+00 3.604890000e-26
1.065100000e+00 3.900890000e-26
1.066422540e+00 4.239520000e-26
1.067415530e+00 4.512640000e-26
1.068160870e+00 4.728970000e-26
1.069279850e+00 5.073060000e-26
1.070400000e+00 5.442180000e-26
1.071847070e+00 5.900660000e-26
1.072933660e+00 6.269690000e-26
1.073749320e+00 6.561530000e-26
1.074973970e+00 7.024960000e-26
1.076200000e+00 7.521120000e-26
1.077298330e+00 7.950770000e-26
1.078947900e+00 8.641690000e-26
1.080600000e+00 9.392650000e-26
1.082221350e+00 1.011943000e-25
1.083438970e+00 1.070118000e-25
1.085267940e+00 1.163712000e-25
1.087100000e+00 1.265490000e-25
1.088748750e+00 1.354701000e-25
1.089986960e+00 1.425713000e-25
1.091846900e+00 1.539269000e-25
1.093710000e+00 1.661870000e-25
1.095925770e+00 1.803312000e-25
1.097590530e+00 1.917239000e-25
1.098840770e+00 2.007383000e-25
1.100718790e+00 2.150608000e-25
1.102600000e+00 2.304050000e-25
1.104619450e+00 2.462185000e-25
1.106136470e+00 2.587870000e-25
1.108415890e+00 2.788526000e-25
1.110700000e+00 3.004740000e-25
1.113166780e+00 3.231378000e-25
1.115020460e+00 3.412506000e-25
1.117806750e+00 3.703409000e-25
1.120600000e+00 4.019110000e-25
1.123761600e+00 4.364219000e-25
1.126138660e+00 4.642362000e-25
1.127924750e+00 4.862543000e-25
1.130609180e+00 5.212546000e-25
1.133300000e+00 5.587740000e-25
1.136833450e+00 6.056943000e-25
1.139490760e+00 6.434524000e-25
1.143488370e+00 7.045482000e-25
1.147500000e+00 7.714450000e-25
1.150165700e+00 8.145168000e-25
1.154175870e+00 8.836750000e-25
1.158200000e+00 9.587050000e-25
1.162154710e+00 1.030837200e-24
1.165129600e+00 1.088476000e-24
1.169606200e+00 1.181032900e-24
1.174100000e+00 1.281460000e-24
1.178082200e+00 1.367502400e-24
1.181077710e+00 1.435804800e-24
1.185585260e+00 1.544707500e-24
1.190110000e+00 1.661870000e-24
1.193839940e+00 1.755539100e-24
1.199456760e+00 1.906034100e-24
1.205100000e+00 2.069430000e-24
1.210661390e+00 2.226030800e-24
1.214849270e+00 2.351210300e-24
1.221158260e+00 2.552301100e-24
1.227500000e+00 2.770590000e-24
1.233086750e+00 2.953515900e-24
1.237293490e+00 3.098593500e-24
1.243630520e+00 3.329680000e-24
1.250000000e+00 3.578000000e-24
1.257775820e+00 3.872297000e-24
1.265600000e+00 4.190800000e-24
1.272862260e+00 4.474175600e-24
1.278336290e+00 4.699212700e-24
1.286591490e+00 5.058167000e-24
1.294900000e+00 5.444540000e-24
1.304028030e+00 5.835175000e-24
1.310916260e+00 6.146436600e-24
1.321316880e+00 6.644734800e-24
1.331800000e+00 7.183430000e-24
1.339434120e+00 7.545195500e-24
1.350967410e+00 8.122288600e-24
1.362600000e+00 8.743520000e-24
1.379692800e+00 9.618209000e-24
1.397000000e+00 1.058040000e-23
1.415280400e+00 1.156544590e-23
1.433800000e+00 1.264220000e-23
1.450070940e+00 1.353299830e-23
1.462395200e+00 1.424205160e-23
1.481078260e+00 1.537589240e-23
1.500000000e+00 1.660000000e-23
1.521962910e+00 1.792509900e-23
1.538645880e+00 1.898788820e-23
1.564013820e+00 2.070138060e-23
1.589800000e+00 2.256950000e-23
1.608275440e+00 2.383803800e-23
1.636391960e+00 2.587577400e-23
1.665000000e+00 2.808770000e-23
1.694150490e+00 3.023156780e-23
1.716347800e+00 3.194618780e-23
1.750190260e+00 3.470216610e-23
1.784700000e+00 3.769590000e-23
1.811012370e+00 3.982328890e-23
1.851210070e+00 4.324158730e-23
1.892300000e+00 4.695330000e-23
1.945404850e+00 5.149681960e-23
2.000000000e+00 5.648000000e-23
2.044000000e+00 6.037000000e-23
2.102901330e+00 6.546075951e-23
2.163500000e+00 7.098156713e-23
2.213980580e+00 7.523910908e-23
2.291918490e+00 8.211101721e-23
2.372600000e+00 8.961335781e-23
2.506094470e+00 1.009754558e-22
2.647100000e+00 1.137849045e-22
2.818031230e+00 1.279595032e-22
3.000000000e+00 1.439055000e-22
3.240370350e+00 1.628443634e-22
3.500000000e+00 1.842822463e-22
3.741657390e+00 2.022352109e-22
4.000000000e+00 2.219384000e-22
4.750000000e+00 2.735821872e-22
5.000000000e+00 2.895690000e-22
6.000000000e+00 3.481600000e-22
7.000000000e+00 4.003480000e-22
8.000000000e+00 4.474070000e-22
9.000000000e+00 4.901290000e-22
1.000000000e+01 5.293100000e-22
1.100000000e+01 5.654480000e-22
1.200000000e+01 5.988440000e-22
1.300000000e+01 6.299990000e-22
1.400000000e+01 6.586230000e-22
1.500000000e+01 6.851130000e-22
1.600000000e+01 7.096730000e-22
1.800000000e+01 7.547100000e-22
2.000000000e+01 7.949500000e-22
2.200000000e+01 8.315200000e-22
2.400000000e+01 8.647100000e-22
2.600000000e+01 8.950400000e-22
2.800000000e+01 9.228200000e-22
3.000000000e+01 9.484500000e-22
3.464101620e+01 9.989067283e-22
4.000000000e+01 1.052060000e-21
4.472135960e+01 1.090350538e-21
5.000000000e+01 1.130040000e-21
6.000000000e+01 1.189610000e-21
6.928203240e+01 1.233482968e-21
8.000000000e+01 1.278980000e-21
8.944271920e+01 1.309958408e-21
1.000000000e+02 1.341690000e-21
1.224744880e+02 1.391193015e-21
1.500000000e+02 1.442530000e-21
1.732050810e+02 1.472115095e-21
2.000000000e+02 1.502310000e-21
2.449489750e+02 1.536997226e-21
3.000000000e+02 1.572490000e-21
4.000000000e+02 1.612800000e-21
5.000000000e+02 1.639690000e-21
6.000000000e+02 1.658350000e-21
8.000000000e+02 1.684250000e-21
1.000000000e+03 1.700850000e-21
1.500000000e+03 1.724740000e-21
2.000000000e+03 1.737250000e-21
3.000000000e+03 1.751800000e-21
4.000000000e+03 1.759120000e-21
5.000000000e+03 1.764320000e-21
6.000000000e+03 1.767460000e-21
8.000000000e+03 1.771640000e-21
1.000000000e+04 1.774760000e-21
1.500000000e+04 1.777920000e-21
2.000000000e+04 1.780010000e-21
3.000000000e+04 1.782100000e-21
4.000000000e+04 1.783160000e-21
5.000000000e+04 1.784190000e-21
6.000000000e+04 1.785210000e-21
8.000000000e+04 1.785230000e-21
1.000000000e+05 1.786250000e-21
