1.022000000e+00 1.000000000e+05 289
289
1.022000000e+00 0.000000000e+00
1.025120000e+00 1.054340000e-29
1.025233250e+00 1.133010000e-29
1.025342980e+00 1.214810000e-29
1.025449290e+00 1.299690000e-29
1.025552280e+00 1.387560000e-29
1.025652070e+00 1.478350000e-29
1.025748750e+00 1.571970000e-29
1.025842420e+00 1.668300000e-29
1.025933160e+00 1.767260000e-29
1.026021080e+00 1.868710000e-29
1.026106260e+00 1.972550000e-29
1.026188780e+00 2.078640000e-29
1.026268740e+00 2.186850000e-29
1.026346190e+00 2.297050000e-29
1.026421240e+00 2.409100000e-29
1.026493940e+00 2.522860000e-29
1.026634810e+00 2.758760000e-29
1.026766890e+00 2.999910000e-29
1.026890730e+00 3.245090000e-29
1.027006850e+00 3.493130000e-29
1.027115720e+00 3.742850000e-29
1.027217790e+00 3.993150000e-29
1.027313500e+00 4.243000000e-29
1.027403230e+00 4.491400000e-29
1.027487360e+00 4.737480000e-29
1.027566240e+00 4.980400000e-29
1.027640190e+00 5.219440000e-29
1.027778860e+00 5.698970000e-29
1.027900210e+00 6.154550000e-29
1.028006410e+00 6.582970000e-29
1.028099340e+00 6.982230000e-29
1.028180660e+00 7.351400000e-29
1.028251810e+00 7.690400000e-29
1.028376350e+00 8.321640000e-29
1.028469750e+00 8.828840000e-29
1.028609870e+00 9.648140000e-29
1.028750000e+00 1.054340000e-28
1.028937460e+00 1.140370000e-28
1.029078070e+00 1.209470000e-28
1.029289020e+00 1.321030000e-28
1.029500000e+00 1.442890000e-28
1.029649970e+00 1.528000000e-28
1.029874970e+00 1.665150000e-28
1.030100000e+00 1.814610000e-28
1.030324930e+00 1.962610000e-28
1.030493670e+00 2.081470000e-28
1.030746810e+00 2.273400000e-28
1.031000000e+00 2.483010000e-28
1.031249920e+00 2.685470000e-28
1.031437390e+00 2.848080000e-28
1.031718660e+00 3.110640000e-28
1.032000000e+00 3.397380000e-28
1.032299880e+00 3.696080000e-28
1.032524840e+00 3.937220000e-28
1.032693600e+00 4.128340000e-28
1.032946770e+00 4.432540000e-28
1.033200000e+00 4.759150000e-28
1.033399950e+00 5.009490000e-28
1.033699940e+00 5.409900000e-28
1.034000000e+00 5.842300000e-28
1.034324850e+00 6.306060000e-28
1.034568560e+00 6.677880000e-28
1.034934220e+00 7.277110000e-28
1.035300000e+00 7.930090000e-28
1.035634850e+00 8.515390000e-28
1.035886050e+00 8.982540000e-28
1.036262960e+00 9.731740000e-28
1.036640000e+00 1.054340000e-27
1.037029790e+00 1.136390000e-27
1.037322220e+00 1.202090000e-27
1.037761020e+00 1.307830000e-27
1.038200000e+00 1.422870000e-27
1.038574800e+00 1.519090000e-27
1.038856000e+00 1.595510000e-27
1.039277920e+00 1.717400000e-27
1.039700000e+00 1.848590000e-27
1.040149720e+00 1.985380000e-27
1.040487130e+00 2.094570000e-27
1.040993450e+00 2.269730000e-27
1.041500000e+00 2.459520000e-27
1.042074530e+00 2.669630000e-27
1.042505640e+00 2.838910000e-27
1.042829090e+00 2.972880000e-27
1.043314440e+00 3.185770000e-27
1.043800000e+00 3.413900000e-27
1.044449400e+00 3.707720000e-27
1.044936720e+00 3.944570000e-27
1.045302350e+00 4.132080000e-27
1.045851040e+00 4.430190000e-27
1.046400000e+00 4.749800000e-27
1.046874680e+00 5.017300000e-27
1.047587100e+00 5.447060000e-27
1.048300000e+00 5.913630000e-27
1.049024260e+00 6.382010000e-27
1.049567780e+00 6.757490000e-27
1.050383580e+00 7.362520000e-27
1.051200000e+00 8.021710000e-27
1.051919270e+00 8.589060000e-27
1.052459040e+00 9.040760000e-27
1.053269210e+00 9.763220000e-27
1.054080000e+00 1.054340000e-26
1.054983840e+00 1.139230000e-26
1.055662240e+00 1.207350000e-26
1.056680630e+00 1.317240000e-26
1.057700000e+00 1.437140000e-26
1.058548980e+00 1.534790000e-26
1.059186170e+00 1.612350000e-26
1.060142660e+00 1.736110000e-26
1.061100000e+00 1.869360000e-26
1.062098600e+00 2.005190000e-26
1.062848160e+00 2.113510000e-26
1.063973490e+00 2.287050000e-26
1.065100000e+00 2.474830000e-26
1.066422540e+00 2.689660000e-26
1.067415530e+00 2.862940000e-26
1.068160870e+00 3.000190000e-26
1.069279850e+00 3.218490000e-26
1.070400000e+00 3.452670000e-26
1.071847070e+00 3.743540000e-26
1.072933660e+00 3.977660000e-26
1.073749320e+00 4.162810000e-26
1.074973970e+00 4.456820000e-26
1.076200000e+00 4.771590000e-26
1.077298330e+00 5.044170000e-26
1.078947900e+00 5.482510000e-26
1.080600000e+00 5.958940000e-26
1.082221350e+00 6.420030000e-26
1.083438970e+00 6.789110000e-26
1.085267940e+00 7.382900000e-26
1.087100000e+00 8.028610000e-26
1.088748750e+00 8.594600000e-26
1.089986960e+00 9.045120000e-26
1.091846900e+00 9.765570000e-26
1.093710000e+00 1.054340000e-25
1.095925770e+00 1.144079000e-25
1.097590530e+00 1.216362000e-25
1.098840770e+00 1.273555000e-25
1.100718790e+00 1.364426000e-25
1.102600000e+00 1.461780000e-25
1.104619450e+00 1.562114000e-25
1.106136470e+00 1.641859000e-25
1.108415890e+00 1.769174000e-25
1.110700000e+00 1.906360000e-25
1.113166780e+00 2.050161000e-25
1.115020460e+00 2.165087000e-25
1.117806750e+00 2.349666000e-25
1.120600000e+00 2.549980000e-25
1.123761600e+00 2.768959000e-25
1.126138660e+00 2.945448000e-25
1.127924750e+00 3.085158000e-25
1.130609180e+00 3.307246000e-25
1.133300000e+00 3.545320000e-25
1.136833450e+00 3.843038000e-25
1.139490760e+00 4.082622000e-25
1.143488370e+00 4.470291000e-25
1.147500000e+00 4.894770000e-25
1.150165700e+00 5.168061000e-25
1.154175870e+00 5.606872000e-25
1.158200000e+00 6.082940000e-25
1.162154710e+00 6.540576000e-25
1.165129600e+00 6.906259000e-25
1.169606200e+00 7.493471000e-25
1.174100000e+00 8.130610000e-25
1.178082200e+00 8.676360000e-25
1.181077710e+00 9.109581000e-25
1.185585260e+00 9.800305000e-25
1.190110000e+00 1.054340000e-24
1.193839940e+00 1.113735100e-24
1.199456760e+00 1.209159700e-24
1.205100000e+00 1.312760000e-24
1.210661390e+00 1.412069500e-24
1.214849270e+00 1.491451500e-24
1.221158260e+00 1.618969500e-24
1.227500000e+00 1.757390000e-24
1.233086750e+00 1.873516900e-24
1.237293490e+00 1.965620700e-24
1.243630520e+00 2.112335100e-24
1.250000000e+00 2.270000000e-24
1.257775820e+00 2.457228800e-24
1.265600000e+00 2.659900000e-24
1.272862260e+00 2.840730000e-24
1.278336290e+00 2.984375400e-24
1.286591490e+00 3.213576500e-24
1.294900000e+00 3.460380000e-24
1.304028030e+00 3.711022200e-24
1.310916260e+00 3.910847400e-24
1.321316880e+00 4.230939600e-24
1.331800000e+00 4.577230000e-24
1.339434120e+00 4.811018500e-24
1.350967410e+00 5.184279700e-24
1.362600000e+00 5.586500000e-24
1.371119770e+00 5.864331200e-24
1.383999400e+00 6.307198400e-24
1.397000000e+00 6.783510000e-24
1.411473520e+00 7.276291200e-24
1.422426990e+00 7.669230200e-24
1.439016750e+00 8.298781100e-24
1.455800000e+00 8.980010000e-24
1.477734760e+00 9.829797100e-24
1.500000000e+00 1.076000000e-23
1.521962910e+00 1.164456980e-23
1.538645880e+00 1.235540060e-23
1.564013820e+00 1.350382770e-23
1.589800000e+00 1.475900000e-23
1.608275440e+00 1.561433220e-23
1.636391960e+00 1.699116360e-23
1.665000000e+00 1.848940000e-23
1.694150490e+00 1.994566570e-23
1.716347800e+00 2.111265360e-23
1.750190260e+00 2.299239660e-23
1.784700000e+00 2.503950000e-23
1.811012370e+00 2.649772410e-23
1.851210070e+00 2.884582380e-23
1.892300000e+00 3.140200000e-23
1.945404850e+00 3.453928200e-23
2.000000000e+00 3.799000000e-23
2.044000000e+00 4.069000000e-23
2.102901330e+00 4.423739501e-23
2.163500000e+00 4.809470044e-23
2.213980580e+00 5.108479037e-23
2.291918490e+00 5.592375947e-23
2.372600000e+00 6.122342456e-23
2.438433870e+00 6.513523344e-23
2.540625580e+00 7.147928200e-23
2.647100000e+00 7.844390409e-23
2.818031230e+00 8.859913227e-23
3.000000000e+00 1.000734000e-22
3.211308150e+00 1.121210477e-22
3.437500000e+00 1.256234834e-22
3.708099250e+00 1.401713524e-22
4.000000000e+00 1.564074000e-22
4.358898950e+00 1.742368970e-22
4.750000000e+00 1.940933714e-22
5.000000000e+00 2.058080000e-22
6.000000000e+00 2.487610000e-22
7.000000000e+00 2.873110000e-22
8.000000000e+00 3.219380000e-22
9.000000000e+00 3.535330000e-22
1.000000000e+01 3.823930000e-22
1.100000000e+01 4.089180000e-22
1.200000000e+01 4.333080000e-22
1.300000000e+01 4.558630000e-22
1.400000000e+01 4.765920000e-22
1.500000000e+01 4.957930000e-22
1.600000000e+01 5.138680000e-22
1.800000000e+01 5.468500000e-22
2.000000000e+01 5.764520000e-22
2.200000000e+01 6.033900000e-22
2.400000000e+01 6.277600000e-22
2.600000000e+01 6.500900000e-22
2.800000000e+01 6.705600000e-22
3.000000000e+01 6.894000000e-22
3.464101620e+01 7.266533292e-22
4.000000000e+01 7.659300000e-22
4.472135960e+01 7.938198086e-22
5.000000000e+01 8.227300000e-22
6.000000000e+01 8.668700000e-22
6.928203240e+01 8.989873930e-22
8.000000000e+01 9.323000000e-22
8.944271920e+01 9.552561093e-22
1.000000000e+02 9.787800000e-22
1.224744880e+02 1.015372614e-21
1.500000000e+02 1.053340000e-21
1.732050810e+02 1.074893020e-21
2.000000000e+02 1.096890000e-21
2.449489750e+02 1.122538022e-21
3.000000000e+02 1.148790000e-21
4.000000000e+02 1.178930000e-21
5.000000000e+02 1.198720000e-21
6.000000000e+02 1.213300000e-21
8.000000000e+02 1.232100000e-21
1.000000000e+03 1.243630000e-21
1.500000000e+03 1.261430000e-21
2.000000000e+03 1.271890000e-21
3.000000000e+03 1.282390000e-21
4.000000000e+03 1.287680000e-21
5.000000000e+03 1.290860000e-21
6.000000000e+03 1.293990000e-21
8.000000000e+03 1.297160000e-21
1.000000000e+04 1.299270000e-21
1.500000000e+04 1.301410000e-21
2.000000000e+04 1.303500000e-21
3.000000000e+04 1.304580000e-21
4.000000000e+04 1.305630000e-21
5.000000000e+04 1.306660000e-21
6.000000000e+04 1.306680000e-21
8.000000000e+04 1.306700000e-21
1.000000000e+05 1.307720000e-21
