0.964635696448 20000 260
260
0.964635696448  0
1.00237446725  5.8741228373e-26
1.04158966572  2.92924869325e-25
1.08233905309  5.4761873148e-25
1.12468265038  8.12276804294e-25
1.16868282675  1.08728891064e-24
1.21440439138  1.37306012418e-24
1.26191468896  1.67001136596e-24
1.31128369884  1.97858002444e-24
1.36258413812  2.29922059973e-24
1.41589156877  2.63240537304e-24
1.47128450892  2.97862510227e-24
1.52884454851  3.33838974495e-24
1.58865646945  3.71222920929e-24
1.65080837054  4.10069413473e-24
1.71539179718  4.50435670302e-24
1.78250187627  4.92381148096e-24
1.85223745626  5.35967629616e-24
1.9247012528  5.81259314709e-24
2  6.50683537243e-24
2.07824460767  8.54034257629e-24
2.15955032466  1.08677507773e-23
2.2440369086  1.32862125492e-23
2.33182880236  1.57992901172e-23
2.42305531726  1.84106850695e-23
2.51785082359  2.11242438085e-23
2.61635494852  2.3943963217e-23
2.71871278176  2.68739965449e-23
2.82507508925  2.99186595269e-23
2.93559853524  3.30824367392e-23
3.05044591308  3.64480032003e-23
3.16978638492  4.00435418443e-23
3.29379573097  4.37800710564e-23
3.42265660832  4.76627818997e-23
3.55655882008  5.16973933363e-23
3.69569959484  5.58898480673e-23
3.84028387728  6.02463212862e-23
3.99052462994  6.4637786432e-23
4.14664314697  6.81739706851e-23
4.30886938006  7.16353220654e-23
4.47744227714  7.5232089486e-23
4.65261013431  7.89695707344e-23
4.83463096161  8.28532708599e-23
5.02377286302  8.66079433862e-23
5.22031443137  8.9468334417e-23
5.42454515866  9.23426898573e-23
5.63676586253  9.53294967045e-23
5.85728912925  9.84331543167e-23
6.08643977422  1.01245549591e-22
6.32455532034  1.0351816346e-22
6.5719864952  1.0587166693e-22
6.82909774767  1.08317244877e-22
7.09626778467  1.10578886823e-22
7.37389012904  1.12462031677e-22
7.66237369911  1.14411544686e-22
7.96214341107  1.1639249046e-22
8.27364080478  1.17998713397e-22
8.59732469416  1.19550231019e-22
8.93367184302  1.2113960746e-22
9.28317766723  1.22457632361e-22
9.64635696448  1.23716900578e-22
10.0237446725  1.24968471211e-22
10.4158966572  1.26005162672e-22
10.8233905309  1.27048216119e-22
11.2468265038  1.27971320555e-22
11.6868282675  1.28813425628e-22
12.1440439138  1.29609205773e-22
12.6191468896  1.30281495496e-22
13.1128369884  1.30923118539e-22
13.6258413812  1.3145166621e-22
14.1589156877  1.31943841397e-22
14.7128450892  1.32352335671e-22
15.2884454851  1.32711156755e-22
15.8865646945  1.33016661477e-22
16.5080837054  1.33260630725e-22
17.1539179718  1.33466423583e-22
17.8250187627  1.33617237077e-22
18.5223745626  1.35040085302e-22
19.247012528  1.36958396807e-22
20  1.38951757077e-22
20.7824460767  1.41023102194e-22
21.5955032466  1.43175483104e-22
22.440369086  1.45412070114e-22
23.3182880236  1.4773615756e-22
24.2305531726  1.49401022314e-22
25.1785082359  1.48813316374e-22
26.1635494852  1.48184150997e-22
27.1871278176  1.47514786666e-22
28.2507508925  1.46806440039e-22
29.3559853524  1.46060286686e-22
30.5044591308  1.45277463824e-22
31.6978638492  1.44459073054e-22
32.9379573097  1.43606183085e-22
34.2265660832  1.42719832488e-22
35.5655882008  1.41801032455e-22
36.9569959484  1.40850769584e-22
38.4028387728  1.39870008704e-22
39.9052462994  1.38859695727e-22
41.4664314697  1.37820760555e-22
43.0886938006  1.36754120036e-22
44.7744227714  1.35660680975e-22
46.5261013431  1.34541343221e-22
48.3463096161  1.3339700281e-22
50.2377286302  1.32228555196e-22
52.2031443137  1.31036898556e-22
54.2454515866  1.29822937175e-22
56.3676586253  1.28587584917e-22
58.5728912925  1.27331768782e-22
60.8643977422  1.26056432538e-22
63.2455532034  1.2476254043e-22
65.719864952  1.23451080958e-22
68.2909774767  1.22123070714e-22
70.9626778467  1.2077955825e-22
73.7389012904  1.19421627975e-22
76.6237369911  1.18050404044e-22
79.6214341107  1.16667054208e-22
82.7364080478  1.15272793594e-22
85.9732469416  1.13868888357e-22
89.3367184302  1.12456659163e-22
92.8317766723  1.11037484435e-22
96.4635696448  1.09612803286e-22
100.237446725  1.08184118072e-22
104.158966572  1.06752996456e-22
108.233905309  1.05321072897e-22
112.468265038  1.03890049455e-22
116.868282675  1.02461695794e-22
121.440439138  1.01037848251e-22
126.191468896  9.96204078731e-23
131.128369884  9.82113372668e-23
136.258413812  9.68126561619e-23
141.589156877  9.54264355626e-23
147.128450892  9.40547903925e-23
152.884454851  9.26998705513e-23
158.865646945  9.13638503309e-23
165.080837054  9.00489161698e-23
171.539179718  8.87572527676e-23
178.250187627  8.74910276264e-23
185.223745626  8.62523741404e-23
192.47012528  8.50433734108e-23
200  8.39404381199e-23
207.824460767  8.27946751112e-23
215.955032466  8.16844033615e-23
224.40369086  8.06112875577e-23
233.182880236  7.9576840554e-23
242.305531726  7.85824045054e-23
251.785082359  7.76291334269e-23
261.635494852  7.67179776585e-23
271.871278176  7.58496706923e-23
282.507508925  7.50247187746e-23
293.559853524  7.42433936403e-23
305.044591308  7.35057286595e-23
316.978638492  7.28115185961e-23
329.379573097  7.21603230899e-23
342.265660832  7.15514738838e-23
355.655882008  7.0984085745e-23
369.569959484  7.04570709633e-23
384.028387728  6.99691572774e-23
399.052462994  6.95189090852e-23
414.664314697  6.91047518602e-23
430.886938006  6.872499986e-23
447.744227714  6.83778875707e-23
465.261013431  6.80616061144e-23
483.463096161  6.77743478838e-23
502.377286302  6.75144159201e-23
522.031443137  6.72913588151e-23
542.454515866  6.71127678001e-23
563.676586253  6.6977767431e-23
585.728912925  6.68853602494e-23
608.643977422  6.64432924219e-23
632.455532034  6.64663601727e-23
657.19864952  6.65259792217e-23
682.909774767  6.66224980569e-23
709.626778467  6.67561696051e-23
737.389012904  6.69271492485e-23
766.237369911  6.71354936905e-23
796.214341107  6.73811606926e-23
827.364080478  6.7664009687e-23
859.732469416  6.7983803251e-23
893.367184302  6.83402094145e-23
928.317766723  6.87328047573e-23
964.635696448  7.06166803202e-23
1002.37446725  7.1549184106e-23
1041.58966572  7.24077009603e-23
1082.33905309  7.32001448249e-23
1124.68265038  7.39335965433e-23
1168.68282675  7.46144290732e-23
1214.40439138  7.52484085257e-23
1261.91468896  7.58407763237e-23
1311.28369884  7.63963164724e-23
1362.58413812  7.69194109858e-23
1415.89156877  7.74140858173e-23
1471.28450892  7.78840491202e-23
1528.84454851  7.81641315551e-23
1588.65646945  7.85200442174e-23
1650.80837054  7.88391484231e-23
1715.39179718  7.91241741894e-23
1782.50187627  7.9377627197e-23
1852.23745626  7.9601813872e-23
1924.7012528  7.97988629818e-23
2000  7.99707442935e-23
2078.24460767  8.01192847428e-23
2159.55032466  8.0246182485e-23
2244.0369086  8.03530191326e-23
2331.82880236  8.04412704384e-23
2423.05531726  8.05123156383e-23
2517.85082359  8.05674456378e-23
2616.35494852  8.0607870198e-23
2718.71278176  8.06347242562e-23
2825.07508925  8.06490734954e-23
2935.59853524  8.06519192647e-23
3050.44591308  8.06442029363e-23
3169.78638492  8.06268097764e-23
3293.79573097  8.06005723961e-23
3422.65660832  8.05662738406e-23
3556.55882008  8.05246503679e-23
3695.69959484  8.04763939611e-23
3840.28387728  8.04221546142e-23
3990.52462994  8.03625424238e-23
4146.64314697  8.02981295178e-23
4308.86938006  8.02294518451e-23
4477.44227714  8.01570108488e-23
4652.61013431  8.00812750416e-23
4834.63096161  8.00026814982e-23
5023.77286302  7.9921637279e-23
5220.31443137  7.98385207948e-23
5424.54515866  7.97536831223e-23
5636.76586253  7.9667449277e-23
5857.28912925  7.95801194486e-23
6086.43977422  7.94919702037e-23
6324.55532034  7.9403255659e-23
6571.9864952  7.93142086263e-23
6829.09774767  7.92250417303e-23
7096.26778467  7.91359485013e-23
7373.89012904  7.90471044418e-23
7662.37369911  7.89586680655e-23
7962.14341107  7.8870781911e-23
8273.64080478  7.87835735262e-23
8597.32469416  7.86971564245e-23
8933.67184302  7.86116310105e-23
9283.17766723  7.85270854751e-23
9646.35696448  7.84435966584e-23
10023.7446725  7.83612308794e-23
10415.8966572  7.82800447323e-23
10823.3905309  7.82000858478e-23
11246.8265038  7.81213936207e-23
11686.8282675  7.80439999009e-23
12144.0439138  7.79679296499e-23
12619.1468896  7.78932015622e-23
13112.8369884  7.78198286513e-23
13625.8413812  7.77478188011e-23
14158.9156877  7.76771752832e-23
14712.8450892  7.76078972415e-23
15288.4454851  7.7539980143e-23
15886.5646945  7.74734161983e-23
16508.0837054  7.74081947503e-23
17153.9179718  7.73443026348e-23
17825.0187627  7.72817245117e-23
18522.3745626  7.73697161465e-23
19247.012528  7.7328144581e-23
20000  7.72870942206e-23

