0.964635696448 20000 260
260
0.964635696448  0
1.00237446725  8.37301464846e-29
1.04158966572  5.57943256585e-28
1.08233905309  1.09935756038e-27
1.12468265038  1.66195323907e-27
1.16868282675  2.24655895684e-27
1.21440439138  2.85403579713e-27
1.26191468896  3.48527853093e-27
1.31128369884  4.14121693476e-27
1.36258413812  4.82281716012e-27
1.41589156877  5.53108315659e-27
1.47128450892  6.26705815057e-27
1.52884454851  7.03182618188e-27
1.58865646945  7.82651370047e-27
1.65080837054  8.65229122562e-27
1.71539179718  9.51037507001e-27
1.78250187627  1.04020291313e-26
1.85223745626  1.13285667536e-26
1.9247012528  1.22913526624e-26
2  2.42846679758e-26
2.07824460767  1.01252488618e-25
2.15955032466  1.91769058282e-25
2.2440369086  2.85826844687e-25
2.33182880236  3.8356438839e-25
2.42305531726  4.85125649973e-25
2.51785082359  5.9066022209e-25
2.61635494852  7.00323549802e-25
2.71871278176  8.14277159541e-25
2.82507508925  9.32688897024e-25
2.93559853524  1.05573317448e-24
3.05044591308  1.63482835266e-24
3.16978638492  2.80516430684e-24
3.29379573097  4.0231652109e-24
3.42265660832  5.2888171164e-24
3.55655882008  6.60398424029e-24
3.69569959484  7.970603732e-24
3.84028387728  9.39068852669e-24
3.99052462994  1.10773005067e-23
4.14664314697  1.44297120824e-23
4.30886938006  1.82453272533e-23
4.47744227714  2.22102180803e-23
4.65261013431  2.63302245708e-23
4.83463096161  3.0611415207e-23
5.02377286302  3.5171090101e-23
5.22031443137  4.03204588454e-23
5.42454515866  4.57099736112e-23
5.63676586253  5.13103386112e-23
5.85728912925  5.71298027923e-23
6.08643977422  6.27789822276e-23
6.32455532034  6.80225538909e-23
6.5719864952  7.34635321169e-23
6.82909774767  7.91173739462e-23
7.09626778467  8.44871029548e-23
7.37389012904  8.92230057311e-23
7.66237369911  9.413098699e-23
7.96214341107  9.91428794658e-23
8.27364080478  1.03462270315e-22
8.59732469416  1.07719680659e-22
8.93367184302  1.12092968185e-22
9.28317766723  1.15897238054e-22
9.64635696448  1.19605536392e-22
10.0237446725  1.23323563805e-22
10.4158966572  1.26560138922e-22
10.8233905309  1.29841999313e-22
11.2468265038  1.32856302592e-22
11.6868282675  1.35700075042e-22
12.1440439138  1.38462530023e-22
12.6191468896  1.40957429123e-22
13.1128369884  1.434112462e-22
13.6258413812  1.45624617718e-22
14.1589156877  1.4778318337e-22
14.7128450892  1.49770422787e-22
15.2884454851  1.51655375958e-22
15.8865646945  1.53427210709e-22
16.5080837054  1.55047761315e-22
17.1539179718  1.5658819433e-22
17.8250187627  1.57999019705e-22
18.5223745626  1.58037005267e-22
19.247012528  1.57590486229e-22
20  1.57126498336e-22
20.7824460767  1.56644358169e-22
21.5955032466  1.56143355567e-22
22.440369086  1.55622752589e-22
23.3182880236  1.55081782424e-22
24.2305531726  1.54719035152e-22
25.1785082359  1.54902660927e-22
26.1635494852  1.5501381368e-22
27.1871278176  1.55054975083e-22
28.2507508925  1.55028533101e-22
29.3559853524  1.54936786517e-22
30.5044591308  1.54781949387e-22
31.6978638492  1.54566155417e-22
32.9379573097  1.5429146228e-22
34.2265660832  1.53959855883e-22
35.5655882008  1.53573254589e-22
36.9569959484  1.53133513407e-22
38.4028387728  1.52642428157e-22
39.9052462994  1.5210173962e-22
41.4664314697  1.51513137686e-22
43.0886938006  1.50878265505e-22
44.7744227714  1.50198723652e-22
46.5261013431  1.49476074319e-22
48.3463096161  1.48711845528e-22
50.2377286302  1.479075354e-22
52.2031443137  1.47064616462e-22
54.2454515866  1.46184540007e-22
56.3676586253  1.45268740522e-22
58.5728912925  1.44318640175e-22
60.8643977422  1.4333565337e-22
63.2455532034  1.42321191369e-22
65.719864952  1.4127666698e-22
68.2909774767  1.40203499304e-22
70.9626778467  1.39103118529e-22
73.7389012904  1.37976970772e-22
76.6237369911  1.36826522923e-22
79.6214341107  1.35653267504e-22
82.7364080478  1.34458727472e-22
85.9732469416  1.33244460966e-22
89.3367184302  1.32012065922e-22
92.8317766723  1.3076318452e-22
96.4635696448  1.29499507392e-22
100.237446725  1.28222777505e-22
104.158966572  1.26934793655e-22
108.233905309  1.25637413454e-22
112.468265038  1.2433255571e-22
116.868282675  1.23022202081e-22
121.440439138  1.21708397871e-22
126.191468896  1.20393251835e-22
131.128369884  1.19078934846e-22
136.258413812  1.17767677285e-22
141.589156877  1.16461765007e-22
147.128450892  1.15163533756e-22
152.884454851  1.13875361898e-22
158.865646945  1.12599661384e-22
165.080837054  1.11338866865e-22
171.539179718  1.10095422929e-22
178.250187627  1.08871769471e-22
185.223745626  1.07670325266e-22
192.47012528  1.06493469872e-22
200  1.05419490779e-22
207.824460767  1.04296815158e-22
215.955032466  1.03205527605e-22
224.40369086  1.02147635365e-22
233.182880236  1.01125000324e-22
242.305531726  1.00139317455e-22
251.785082359  9.9192094326e-23
261.635494852  9.82846322252e-23
271.871278176  9.74180094578e-23
282.507508925  9.65930673433e-23
293.559853524  9.58103993848e-23
305.044591308  9.50703440174e-23
316.978638492  9.43729812513e-23
329.379573097  9.37181334324e-23
342.265660832  9.31053702372e-23
355.655882008  9.25340179237e-23
369.569959484  9.20031727773e-23
384.028387728  9.15117186339e-23
399.052462994  9.10583483454e-23
414.664314697  9.06415891067e-23
430.886938006  9.02598317169e-23
447.744227714  8.9911364216e-23
465.261013431  8.95944111593e-23
483.463096161  8.9307181958e-23
502.377286302  8.90479883052e-23
522.031443137  8.88270852e-23
542.454515866  8.86526642799e-23
563.676586253  8.85239087099e-23
585.728912925  8.84398519527e-23
608.643977422  8.79825404863e-23
632.455532034  8.80203250986e-23
657.19864952  8.80965938359e-23
682.909774767  8.82117346573e-23
709.626778467  8.83660204577e-23
737.389012904  8.85596070067e-23
766.237369911  8.87925320148e-23
796.214341107  8.90647153472e-23
827.364080478  8.93759603806e-23
859.732469416  8.97259564744e-23
893.367184302  9.01142825031e-23
928.317766723  9.05404113788e-23
964.635696448  9.25448021885e-23
1002.37446725  9.3538142676e-23
1041.58966572  9.44513762935e-23
1082.33905309  9.52932953471e-23
1124.68265038  9.60717109377e-23
1168.68282675  9.67936084254e-23
1214.40439138  9.74652716337e-23
1261.91468896  9.80923829239e-23
1311.28369884  9.86801044447e-23
1362.58413812  9.9233144556e-23
1415.89156877  9.97558124695e-23
1471.28450892  1.00252063457e-22
1528.84454851  1.00549985012e-22
1588.65646945  1.00926486336e-22
1650.80837054  1.01264271836e-22
1715.39179718  1.01566249341e-22
1782.50187627  1.01835080381e-22
1852.23745626  1.02073208663e-22
1924.7012528  1.02282884474e-22
2000  1.02466185662e-22
2078.24460767  1.02625035735e-22
2159.55032466  1.02761219534e-22
2244.0369086  1.02876396827e-22
2331.82880236  1.02972114133e-22
2423.05531726  1.03049815034e-22
2517.85082359  1.03110849181e-22
2616.35494852  1.03156480173e-22
2718.71278176  1.0318789247e-22
2825.07508925  1.03206197471e-22
2935.59853524  1.03212438861e-22
3050.44591308  1.03207597342e-22
3169.78638492  1.03192594817e-22
3293.79573097  1.0316829811e-22
3422.65660832  1.03135522293e-22
3556.55882008  1.03095033661e-22
3695.69959484  1.03047552415e-22
3840.28387728  1.02993755099e-22
3990.52462994  1.02934276816e-22
4146.64314697  1.02869713271e-22
4308.86938006  1.02800622653e-22
4477.44227714  1.02727527394e-22
4652.61013431  1.02650915814e-22
4834.63096161  1.02571243684e-22
5023.77286302  1.024889357e-22
5220.31443137  1.02404386905e-22
5424.54515866  1.02317964044e-22
5636.76586253  1.02230006886e-22
5857.28912925  1.02140829495e-22
6086.43977422  1.02050721467e-22
6324.55532034  1.01959949141e-22
6571.9864952  1.01868756778e-22
6829.09774767  1.01777367705e-22
7096.26778467  1.01685985442e-22
7373.89012904  1.01594794798e-22
7662.37369911  1.0150396294e-22
7962.14341107  1.01413640431e-22
8273.64080478  1.01323962249e-22
8597.32469416  1.01235048768e-22
8933.67184302  1.0114700671e-22
9283.17766723  1.01059930071e-22
9646.35696448  1.00973901006e-22
10023.7446725  1.00888990691e-22
10415.8966572  1.00805260141e-22
10823.3905309  1.00722760997e-22
11246.8265038  1.00641536282e-22
11686.8282675  1.00561621111e-22
12144.0439138  1.00483043375e-22
12619.1468896  1.00405824385e-22
13112.8369884  1.00329979479e-22
13625.8413812  1.00255518592e-22
14158.9156877  1.001824468e-22
14712.8450892  1.00110764817e-22
15288.4454851  1.0004046947e-22
15886.5646945  9.99715541332e-23
16508.0837054  9.99040091354e-23
17153.9179718  9.98378221353e-23
17825.0187627  9.97729784682e-23
18522.3745626  9.98653898078e-23
19247.012528  9.98224524739e-23
20000  9.97800375395e-23

