0.964635696448 20000 260
260
0.964635696448  0
1.00237446725  3.82009257133e-27
1.04158966572  2.47935052129e-26
1.08233905309  4.8626869865e-26
1.12468265038  7.33926506503e-26
1.16868282675  9.91273258363e-26
1.21440439138  1.25868800804e-25
1.26191468896  1.5365646388e-25
1.31128369884  1.82531244354e-25
1.36258413812  2.12535672763e-25
1.41589156877  2.43713943537e-25
1.47128450892  2.76111980093e-25
1.52884454851  3.09777502479e-25
1.58865646945  3.4476009766e-25
1.65080837054  3.81111292559e-25
1.71539179718  4.18884629949e-25
1.78250187627  4.58135747322e-25
1.85223745626  4.98922458834e-25
1.9247012528  5.41304840467e-25
2  6.85202107388e-25
2.07824460767  1.42068114724e-24
2.15955032466  2.28065501405e-24
2.2440369086  3.17427303978e-24
2.33182880236  4.10285146142e-24
2.42305531726  5.0677580102e-24
2.51785082359  6.07041392616e-24
2.61635494852  7.11229605151e-24
2.71871278176  8.19493900592e-24
2.82507508925  9.31993744694e-24
2.93559853524  1.04889484188e-23
3.05044591308  1.26024727496e-23
3.16978638492  1.59311972115e-23
3.29379573097  1.93938910803e-23
3.42265660832  2.29920535106e-23
3.55655882008  2.67309843448e-23
3.69569959484  3.0616190767e-23
3.84028387728  3.46533954155e-23
3.99052462994  3.88540274097e-23
4.14664314697  4.32605730927e-23
4.30886938006  4.78481421492e-23
4.47744227714  5.26151874762e-23
4.65261013431  5.75687305988e-23
4.83463096161  6.27160677406e-23
5.02377286302  6.7789381862e-23
5.22031443137  7.20406366963e-23
5.42454515866  7.63622107198e-23
5.63676586253  8.08528546754e-23
5.85728912925  8.55191829681e-23
6.08643977422  8.98364944726e-23
6.32455532034  9.34856978488e-23
6.5719864952  9.72673356234e-23
6.82909774767  1.0119691978e-22
7.09626778467  1.04841176547e-22
7.37389012904  1.07894733212e-22
7.66237369911  1.11056281669e-22
7.96214341107  1.1427597163e-22
8.27364080478  1.16960531854e-22
8.59732469416  1.19578283113e-22
8.93367184302  1.22264958009e-22
9.28317766723  1.24567708531e-22
9.64635696448  1.26798792465e-22
10.0237446725  1.29027929029e-22
10.4158966572  1.30930964253e-22
10.8233905309  1.32854841376e-22
11.2468265038  1.34595356313e-22
11.6868282675  1.36215548646e-22
12.1440439138  1.37779292158e-22
12.6191468896  1.3917046518e-22
13.1128369884  1.40529300707e-22
13.6258413812  1.41730732324e-22
14.1589156877  1.42880858393e-22
14.7128450892  1.43895629546e-22
15.2884454851  1.44829976066e-22
15.8865646945  1.4567764839e-22
16.5080837054  1.46427520721e-22
17.1539179718  1.47123109392e-22
17.8250187627  1.47737149848e-22
18.5223745626  1.5166869128e-22
19.247012528  1.56903662576e-22
20  1.62343438009e-22
20.7824460767  1.67996029989e-22
21.5955032466  1.73869764391e-22
22.440369086  1.79973292814e-22
23.3182880236  1.86315605331e-22
24.2305531726  1.91123748443e-22
25.1785082359  1.90615388551e-22
26.1635494852  1.90044767252e-22
27.1871278176  1.89413863864e-22
28.2507508925  1.88724586379e-22
29.3559853524  1.87978775501e-22
30.5044591308  1.87178208651e-22
31.6978638492  1.86324603945e-22
32.9379573097  1.85419624157e-22
34.2265660832  1.84464880677e-22
35.5655882008  1.83461937473e-22
36.9569959484  1.82412315065e-22
38.4028387728  1.81317494519e-22
39.9052462994  1.8017892148e-22
41.4664314697  1.78998010245e-22
43.0886938006  1.77776147888e-22
44.7744227714  1.76514698444e-22
46.5261013431  1.75215007165e-22
48.3463096161  1.73878404861e-22
50.2377286302  1.72506212312e-22
52.2031443137  1.71099744785e-22
54.2454515866  1.69660316645e-22
56.3676586253  1.68189246059e-22
58.5728912925  1.66687859812e-22
60.8643977422  1.65157498217e-22
63.2455532034  1.6359952012e-22
65.719864952  1.62015307994e-22
68.2909774767  1.60406273111e-22
70.9626778467  1.58773860765e-22
73.7389012904  1.57119555539e-22
76.6237369911  1.55444886565e-22
79.6214341107  1.53751432765e-22
82.7364080478  1.52040828e-22
85.9732469416  1.50314766096e-22
89.3367184302  1.48575005664e-22
92.8317766723  1.46823374652e-22
96.4635696448  1.45061774518e-22
100.237446725  1.43292183955e-22
104.158966572  1.41516662024e-22
108.233905309  1.39737350583e-22
112.468265038  1.37956475883e-22
116.868282675  1.36176349152e-22
121.440439138  1.34399366052e-22
126.191468896  1.32628004802e-22
131.128369884  1.30864822834e-22
136.258413812  1.29112451801e-22
141.589156877  1.27373590788e-22
147.128450892  1.25650997586e-22
152.884454851  1.23947477905e-22
158.865646945  1.22265872452e-22
165.080837054  1.20609041825e-22
171.539179718  1.18979849224e-22
178.250187627  1.17381141051e-22
185.223745626  1.15815725542e-22
192.47012528  1.14286349615e-22
200  1.12890809362e-22
207.824460767  1.11438880431e-22
215.955032466  1.10030742734e-22
224.40369086  1.08668630903e-22
233.182880236  1.07354589025e-22
242.305531726  1.06090445636e-22
251.785082359  1.04877790403e-22
261.635494852  1.03717953139e-22
271.871278176  1.02611985753e-22
282.507508925  1.01560647725e-22
293.559853524  1.00564395581e-22
305.044591308  9.96233767785e-23
316.978638492  9.87374282943e-23
329.379573097  9.79060800993e-23
342.265660832  9.71285635727e-23
355.655882008  9.64038248189e-23
369.569959484  9.57305427557e-23
384.028387728  9.51071517925e-23
399.052462994  9.45318689166e-23
414.664314697  9.40027250857e-23
430.886938006  9.35176010311e-23
447.744227714  9.30742680311e-23
465.261013431  9.26704352284e-23
483.463096161  9.2303807698e-23
502.377286302  9.19722283499e-23
522.031443137  9.16880828321e-23
542.454515866  9.14612308584e-23
563.676586253  9.12905773531e-23
585.728912925  9.11748625098e-23
608.643977422  9.06063550646e-23
632.455532034  9.06397771622e-23
657.19864952  9.07203885915e-23
682.909774767  9.08486443503e-23
709.626778467  9.1024871199e-23
737.389012904  9.12492651043e-23
766.237369911  9.15218898572e-23
796.214341107  9.18426768932e-23
827.364080478  9.22114263158e-23
859.732469416  9.26278091042e-23
893.367184302  9.3091370458e-23
928.317766723  9.36015342161e-23
964.635696448  9.60381918504e-23
1002.37446725  9.72443872698e-23
1041.58966572  9.83543867177e-23
1082.33905309  9.93785599673e-23
1124.68265038  1.00326165824e-22
1168.68282675  1.01205521781e-22
1214.40439138  1.02024140526e-22
1261.91468896  1.02788840636e-22
1311.28369884  1.03505836991e-22
1362.58413812  1.04180815098e-22
1415.89156877  1.04818992546e-22
1471.28450892  1.05425170098e-22
1528.84454851  1.05787015961e-22
1588.65646945  1.06246237617e-22
1650.80837054  1.06658012209e-22
1715.39179718  1.07025872777e-22
1782.50187627  1.07353059348e-22
1852.23745626  1.0764255204e-22
1924.7012528  1.07897099511e-22
2000  1.08119243509e-22
2078.24460767  1.08311340114e-22
2159.55032466  1.08475578186e-22
2244.0369086  1.086139954e-22
2331.82880236  1.08728492243e-22
2423.05531726  1.0882084423e-22
2517.85082359  1.08892712609e-22
2616.35494852  1.08945653746e-22
2718.71278176  1.08981127368e-22
2825.07508925  1.09000503827e-22
2935.59853524  1.09005070509e-22
3050.44591308  1.08996037505e-22
3169.78638492  1.08974542643e-22
3293.79573097  1.08941655974e-22
3422.65660832  1.0889838378e-22
3556.55882008  1.0884567218e-22
3695.69959484  1.08784410384e-22
3840.28387728  1.08715433647e-22
3990.52462994  1.08639525982e-22
4146.64314697  1.08557422642e-22
4308.86938006  1.08469812435e-22
4477.44227714  1.08377339875e-22
4652.61013431  1.08280607216e-22
4834.63096161  1.08180176367e-22
5023.77286302  1.08076570724e-22
5220.31443137  1.07970276922e-22
5424.54515866  1.07861746523e-22
5636.76586253  1.07751397646e-22
5857.28912925  1.07639616557e-22
6086.43977422  1.07526759205e-22
6324.55532034  1.07413152724e-22
6571.9864952  1.07299096906e-22
6829.09774767  1.07184865625e-22
7096.26778467  1.07070708244e-22
7373.89012904  1.06956850973e-22
7662.37369911  1.06843498206e-22
7962.14341107  1.06730833815e-22
8273.64080478  1.06619022414e-22
8597.32469416  1.06508210584e-22
8933.67184302  1.06398528054e-22
9283.17766723  1.06290088856e-22
9646.35696448  1.06182992425e-22
10023.7446725  1.06077324665e-22
10415.8966572  1.05973158969e-22
10823.3905309  1.058705572e-22
11246.8265038  1.05769570616e-22
11686.8282675  1.05670240763e-22
12144.0439138  1.05572600319e-22
12619.1468896  1.05476673884e-22
13112.8369884  1.05382478741e-22
13625.8413812  1.05290025558e-22
14158.9156877  1.05199319057e-22
14712.8450892  1.05110358632e-22
15288.4454851  1.05023138935e-22
15886.5646945  1.04937650408e-22
16508.0837054  1.04853879792e-22
17153.9179718  1.04771810583e-22
17825.0187627  1.04691423463e-22
18522.3745626  1.04804788094e-22
19247.012528  1.04751423141e-22
20000  1.04698722482e-22

