0.964635696448 20 80
80
0.964635696448  0
1.00237446725  1.54261013722e-41
1.04158966572  1.02906866222e-40
1.08233905309  2.02804372795e-40
1.12468265038  3.06610099973e-40
1.16868282675  4.14476946349e-40
1.21440439138  5.26563792264e-40
1.26191468896  6.43035733819e-40
1.31128369884  7.64064326061e-40
1.36258413812  8.89827835661e-40
1.41589156877  1.0205115035e-39
1.47128450892  1.15630781749e-39
1.52884454851  1.29741679614e-39
1.58865646945  1.44404628312e-39
1.65080837054  1.59641225345e-39
1.71539179718  1.75473913156e-39
1.78250187627  1.9192601219e-39
1.85223745626  2.09021755242e-39
1.9247012528  2.26786323147e-39
2  2.71158022648e-35
2.07824460767  2.1438919257e-34
2.15955032466  4.34979592318e-34
2.2440369086  6.64199996709e-34
2.33182880236  9.02388031405e-34
2.42305531726  1.14989453076e-33
2.51785082359  1.40708405459e-33
2.61635494852  1.67433542512e-33
2.71871278176  1.95204228496e-33
2.82507508925  2.24061367695e-33
2.93559853524  2.54047464661e-33
3.05044591308  2.66251121901e-31
3.16978638492  8.72176992445e-31
3.29379573097  1.5029047324e-30
3.42265660832  2.15830799463e-30
3.55655882008  2.83935214242e-30
3.69569959484  3.54704030628e-30
3.84028387728  4.28241486151e-30
3.99052462994  4.96332920978e-30
4.14664314697  5.03974004976e-30
4.30886938006  4.9881435524e-30
4.47744227714  4.93452848118e-30
4.65261013431  4.87881586486e-30
4.83463096161  4.82092364263e-30
5.02377286302  4.7607665433e-30
5.22031443137  4.69825595965e-30
5.42454515866  4.63329981795e-30
5.63676586253  4.56580244234e-30
5.85728912925  4.4956644139e-30
6.08643977422  4.42278242419e-30
6.32455532034  4.34704912314e-30
6.5719864952  4.26835296088e-30
6.82909774767  4.18657802344e-30
7.09626778467  4.10160386206e-30
7.37389012904  4.01330531572e-30
7.66237369911  3.92155232681e-30
7.96214341107  3.8262097496e-30
8.27364080478  3.72713715112e-30
8.59732469416  3.62418860433e-30
8.93367184302  3.51721247322e-30
9.28317766723  3.40605118941e-30
9.64635696448  3.29054102007e-30
10.0237446725  3.54920272285e-25
10.4158966572  6.21650636633e-24
10.8233905309  1.23074112125e-23
11.2468265038  1.86366062887e-23
11.6868282675  2.52134140577e-23
12.1440439138  3.20475216985e-23
12.6191468896  3.91489953749e-23
13.1128369884  4.65282950621e-23
13.6258413812  5.41962899537e-23
14.1589156877  6.21642744714e-23
14.7128450892  7.04439849003e-23
15.2884454851  7.90476166762e-23
15.8865646945  8.79878423486e-23
16.5080837054  9.7277830246e-23
17.1539179718  1.06931263873e-22
17.8250187627  1.16962362063e-22
18.5223745626  1.27385899924e-22
19.247012528  1.382172306e-22
20  1.49472307886e-22

