0.964635696448 20 80
80
0.964635696448  0
1.00237446725  4.04296442866e-29
1.04158966572  2.69558049089e-28
1.08233905309  5.31182742115e-28
1.12468265038  8.03042795872e-28
1.16868282675  1.08553864125e-27
1.21440439138  1.37908637493e-27
1.26191468896  1.68411837223e-27
1.31128369884  2.00108392401e-27
1.36258413812  2.33044989842e-27
1.41589156877  2.67270142855e-27
1.47128450892  3.02834262702e-27
1.52884454851  3.39789732852e-27
1.58865646945  3.78190986134e-27
1.65080837054  4.18094584914e-27
1.71539179718  4.59559304409e-27
1.78250187627  5.0264621926e-27
1.85223745626  5.47418793484e-27
1.9247012528  5.93942973961e-27
2  1.36687576464e-26
2.07824460767  6.42187854165e-26
2.15955032466  1.23692241192e-25
2.2440369086  1.85492435575e-25
2.33182880236  2.4971039594e-25
2.42305531726  3.16440710861e-25
2.51785082359  3.85781669438e-25
2.61635494852  4.57835406065e-25
2.71871278176  5.32708050868e-25
2.82507508925  6.1050988603e-25
2.93559853524  6.91355508227e-25
3.05044591308  1.15193279216e-24
3.16978638492  2.10502768415e-24
3.29379573097  3.09697767601e-24
3.42265660832  4.12773503684e-24
3.55655882008  5.19881800032e-24
3.69569959484  6.31180419693e-24
3.84028387728  7.46833297768e-24
3.99052462994  8.89677944858e-24
4.14664314697  1.20999914961e-23
4.30886938006  1.57852828429e-23
4.47744227714  1.96147512776e-23
4.65261013431  2.35940373399e-23
4.83463096161  2.77290022405e-23
5.02377286302  3.22292609771e-23
5.22031443137  3.76597764685e-23
5.42454515866  4.33736916971e-23
5.63676586253  4.93111484534e-23
5.85728912925  5.54808921969e-23
6.08643977422  6.15411147506e-23
6.32455532034  6.72859103716e-23
6.5719864952  7.32486361721e-23
6.82909774767  7.9444637543e-23
7.09626778467  8.53623905491e-23
7.37389012904  9.06421279887e-23
7.66237369911  9.61148190636e-23
7.96214341107  1.01706170098e-22
8.27364080478  1.0655361773e-22
8.59732469416  1.11340490505e-22
8.93367184302  1.16259959783e-22
9.28317766723  1.20573448541e-22
9.64635696448  1.24791593766e-22
10.0237446725  1.2902746121e-22
10.4158966572  1.32746770019e-22
10.8233905309  1.3652296325e-22
11.2468265038  1.39999087149e-22
11.6868282675  1.43284972857e-22
12.1440439138  1.46484188025e-22
12.6191468896  1.49388754404e-22
13.1128369884  1.52253880214e-22
13.6258413812  1.54860108952e-22
14.1589156877  1.57404848142e-22
14.7128450892  1.59751541427e-22
15.2884454851  1.6198518607e-22
15.8865646945  1.64094749478e-22
16.5080837054  1.66049300057e-22
17.1539179718  1.67925711425e-22
17.8250187627  1.69670361245e-22
18.5223745626  1.69425428072e-22
19.247012528  1.68468853931e-22
20  1.67474856405e-22

