0.964635696448 20 80
80
0.964635696448  0
1.00237446725  2.05347059685e-31
1.04158966572  1.36984808466e-30
1.08233905309  2.69963234877e-30
1.12468265038  4.08144083689e-30
1.16868282675  5.51730885653e-30
1.21440439138  7.0093513411e-30
1.26191468896  8.55976596509e-30
1.31128369884  1.01708363811e-29
1.36258413812  1.18449355834e-29
1.41589156877  1.35845294033e-29
1.47128450892  1.53921801412e-29
1.52884454851  1.72705503405e-29
1.58865646945  1.92224067095e-29
1.65080837054  2.12506241963e-29
1.71539179718  2.3358190224e-29
1.78250187627  2.55482090901e-29
1.85223745626  2.78239065397e-29
1.9247012528  3.01886345163e-29
2  2.48467938784e-28
2.07824460767  1.74171457964e-27
2.15955032466  3.5002642019e-27
2.2440369086  5.32761233678e-27
2.33182880236  7.22645054061e-27
2.42305531726  9.19957566958e-27
2.51785082359  1.12498939994e-26
2.61635494852  1.33804255058e-26
2.71871278176  1.55943083131e-26
2.82507508925  1.78948033163e-26
2.93559853524  2.0285298984e-26
3.05044591308  6.04428106635e-26
3.16978638492  1.49642188748e-25
3.29379573097  2.42488104373e-25
3.42265660832  3.38966366118e-25
3.55655882008  4.39219079733e-25
3.69569959484  5.4339391047e-25
3.84028387728  6.51644300587e-25
3.99052462994  8.44147937383e-25
4.14664314697  1.65097187979e-24
4.30886938006  2.61530268691e-24
4.47744227714  3.61736033685e-24
4.65261013431  4.65862079064e-24
4.83463096161  5.74061775227e-24
5.02377286302  7.30807928905e-24
5.22031443137  1.05789769309e-23
5.42454515866  1.41323093508e-23
5.63676586253  1.78246563212e-23
5.85728912925  2.16614564117e-23
6.08643977422  2.63175199321e-23
6.32455532034  3.22093900576e-23
6.5719864952  3.83447684409e-23
6.82909774767  4.47201769615e-23
7.09626778467  5.12769538058e-23
7.37389012904  5.79765934571e-23
7.66237369911  6.49365605959e-23
7.96214341107  7.20844539619e-23
8.27364080478  7.86610982176e-23
8.59732469416  8.52738668328e-23
8.93367184302  9.20814116443e-23
9.28317766723  9.82217131887e-23
9.64635696448  1.04293444401e-22
10.0237446725  1.10411425422e-22
10.4158966572  1.15882730796e-22
10.8233905309  1.21452890721e-22
11.2468265038  1.26642078527e-22
11.6868282675  1.31597977682e-22
12.1440439138  1.36452145657e-22
12.6191468896  1.40919592053e-22
13.1128369884  1.45340444607e-22
13.6258413812  1.49395663857e-22
14.1589156877  1.53368179216e-22
14.7128450892  1.57055672105e-22
15.2884454851  1.60588420748e-22
15.8865646945  1.63950398167e-22
16.5080837054  1.67090057909e-22
17.1539179718  1.70119614011e-22
17.8250187627  1.7295563302e-22
18.5223745626  1.73830597799e-22
19.247012528  1.74043668658e-22
20  1.7426507534e-22

