0.964635696448 20000 260
260
0.964635696448  0
1.00237446725  2.6803558932e-30
1.04158966572  1.78792937004e-29
1.08233905309  3.52353034946e-29
1.12468265038  5.32703203773e-29
1.16868282675  7.20109086702e-29
1.21440439138  9.14846719523e-29
1.26191468896  1.11720293718e-28
1.31128369884  1.32747579627e-28
1.36258413812  1.54597501405e-28
1.41589156877  1.77302242461e-28
1.47128450892  2.00895245294e-28
1.52884454851  2.25411260754e-28
1.58865646945  2.50886399218e-28
1.65080837054  2.7735818379e-28
1.71539179718  3.04865605561e-28
1.78250187627  3.33449181045e-28
1.85223745626  3.63151011853e-28
1.9247012528  3.9401484671e-28
2  1.630788793e-27
2.07824460767  9.98505335746e-27
2.15955032466  1.98209655542e-26
2.2440369086  3.00416812964e-26
2.33182880236  4.06622549853e-26
2.42305531726  5.1698329985e-26
2.51785082359  6.31661616639e-26
2.61635494852  7.50826413381e-26
2.71871278176  8.74653211508e-26
2.82507508925  1.00332439925e-25
2.93559853524  1.1370295003e-25
3.05044591308  2.49085697379e-25
3.16978638492  5.42848385529e-25
3.29379573097  8.48609562954e-25
3.42265660832  1.16633282206e-24
3.55655882008  1.49648614705e-24
3.69569959484  1.83955583073e-24
3.84028387728  2.19604719081e-24
3.99052462994  2.71914029816e-24
4.14664314697  4.42030134211e-24
4.30886938006  6.42828196507e-24
4.47744227714  8.51481941605e-24
4.65261013431  1.06829870192e-23
4.83463096161  1.2935978334e-23
5.02377286302  1.57111019448e-23
5.22031443137  2.02030224376e-23
5.42454515866  2.50219593833e-23
5.63676586253  3.00294242444e-23
5.85728912925  3.52327926673e-23
6.08643977422  4.08028581595e-23
6.32455532034  4.68476991393e-23
6.5719864952  5.31321985501e-23
6.82909774767  5.96625620563e-23
7.09626778467  6.60971584162e-23
7.37389012904  7.2196872564e-23
7.66237369911  7.8526045263e-23
7.96214341107  8.50059668967e-23
8.27364080478  9.07624404884e-23
8.59732469416  9.64901834985e-23
8.93367184302  1.02380645149e-22
9.28317766723  1.07605466119e-22
9.64635696448  1.12738298479e-22
10.0237446725  1.17900044156e-22
10.4158966572  1.22467540324e-22
10.8233905309  1.27110269308e-22
11.2468265038  1.31405852989e-22
11.6868282675  1.35484264575e-22
12.1440439138  1.39467003704e-22
12.6191468896  1.43107709428e-22
13.1128369884  1.4670635654e-22
13.6258413812  1.49998107099e-22
14.1589156877  1.5321828855e-22
14.7128450892  1.56198904523e-22
15.2884454851  1.59047785622e-22
15.8865646945  1.61751760729e-22
16.5080837054  1.64271463022e-22
17.1539179718  1.6669860881e-22
17.8250187627  1.68964177297e-22
18.5223745626  1.69579253288e-22
19.247012528  1.69632335588e-22
20  1.69687494589e-22
20.7824460767  1.69744811537e-22
21.5955032466  1.69804370857e-22
22.440369086  1.69866260274e-22
23.3182880236  1.69930570948e-22
24.2305531726  1.70128484283e-22
25.1785082359  1.70662230366e-22
26.1635494852  1.71102079805e-22
27.1871278176  1.71451322432e-22
28.2507508925  1.71713122756e-22
29.3559853524  1.71890525774e-22
30.5044591308  1.71986462681e-22
31.6978638492  1.72003756458e-22
32.9379573097  1.71945127375e-22
34.2265660832  1.71813198401e-22
35.5655882008  1.71610500546e-22
36.9569959484  1.7133947814e-22
38.4028387728  1.71002494059e-22
39.9052462994  1.70601834913e-22
41.4664314697  1.70139716209e-22
43.0886938006  1.69618287497e-22
44.7744227714  1.69039637507e-22
46.5261013431  1.68405799299e-22
48.3463096161  1.67718755427e-22
50.2377286302  1.66980443128e-22
52.2031443137  1.66192759553e-22
54.2454515866  1.65357567037e-22
56.3676586253  1.64476698428e-22
58.5728912925  1.6355196247e-22
60.8643977422  1.62585149248e-22
63.2455532034  1.61578035699e-22
65.719864952  1.60532391184e-22
68.2909774767  1.59449983119e-22
70.9626778467  1.58332582656e-22
73.7389012904  1.57181970397e-22
76.6237369911  1.55999942129e-22
79.6214341107  1.54788314551e-22
82.7364080478  1.53548930959e-22
85.9732469416  1.52283666852e-22
89.3367184302  1.50994435411e-22
92.8317766723  1.49683192784e-22
96.4635696448  1.48351943113e-22
100.237446725  1.47002743222e-22
104.158966572  1.45637706864e-22
108.233905309  1.44259008424e-22
112.468265038  1.42868885958e-22
116.868282675  1.41469643438e-22
121.440439138  1.40063652053e-22
126.191468896  1.38653350414e-22
131.128369884  1.37241243507e-22
136.258413812  1.35829900234e-22
141.589156877  1.34421949365e-22
147.128450892  1.33020073767e-22
152.884454851  1.31627002749e-22
158.865646945  1.30245502423e-22
165.080837054  1.28878363984e-22
171.539179718  1.27528389866e-22
178.250187627  1.26198377772e-22
185.223745626  1.24891102657e-22
192.47012528  1.23609296779e-22
200  1.22439995444e-22
207.824460767  1.21214991168e-22
215.955032466  1.20023279332e-22
224.40369086  1.18867182105e-22
233.182880236  1.1774886054e-22
242.305531726  1.16670290266e-22
251.785082359  1.15633238268e-22
261.635494852  1.14639241409e-22
271.871278176  1.13689587301e-22
282.507508925  1.12785298149e-22
293.559853524  1.11927118106e-22
305.044591308  1.11115504613e-22
316.978638492  1.10350624098e-22
329.379573097  1.09632352307e-22
342.265660832  1.08960279409e-22
355.655882008  1.08333719922e-22
369.569959484  1.07751727401e-22
384.028387728  1.07213113766e-22
399.052462994  1.06716473128e-22
414.664314697  1.06260210019e-22
430.886938006  1.0584257211e-22
447.744227714  1.05461687902e-22
465.261013431  1.05115610807e-22
483.463096161  1.0480237343e-22
502.377286302  1.04520119226e-22
522.031443137  1.04280354753e-22
542.454515866  1.04092281342e-22
563.676586253  1.03955017287e-22
585.728912925  1.03867509039e-22
608.643977422  1.03361801963e-22
632.455532034  1.03410181844e-22
657.19864952  1.03501431575e-22
682.909774767  1.03635997054e-22
709.626778467  1.03814192569e-22
737.389012904  1.04036198513e-22
766.237369911  1.04302060393e-22
796.214341107  1.04611689178e-22
827.364080478  1.04964862954e-22
859.732469416  1.05361229878e-22
893.367184302  1.05800312338e-22
928.317766723  1.06281512261e-22
964.635696448  1.08528324013e-22
1002.37446725  1.09643240668e-22
1041.58966572  1.10668162449e-22
1082.33905309  1.11612997292e-22
1124.68265038  1.12486538333e-22
1168.68282675  1.13296641906e-22
1214.40439138  1.14050369524e-22
1261.91468896  1.14754102117e-22
1311.28369884  1.15413632657e-22
1362.58413812  1.16034241791e-22
1415.89156877  1.16620759987e-22
1471.28450892  1.17177618895e-22
1528.84454851  1.17512957116e-22
1588.65646945  1.17935876776e-22
1650.80837054  1.18315462502e-22
1715.39179718  1.18654971721e-22
1782.50187627  1.18957384898e-22
1852.23745626  1.19225437715e-22
1924.7012528  1.19461648611e-22
2000  1.19668342456e-22
2078.24460767  1.19847670954e-22
2159.55032466  1.20001630299e-22
2244.0369086  1.20132076484e-22
2331.82880236  1.20240738613e-22
2423.05531726  1.20329230493e-22
2517.85082359  1.20399060767e-22
2616.35494852  1.20451641767e-22
2718.71278176  1.20488297285e-22
2825.07508925  1.20510269394e-22
2935.59853524  1.20518724452e-22
3050.44591308  1.20514758414e-22
3169.78638492  1.20499401522e-22
3293.79573097  1.20473622479e-22
3422.65660832  1.20438332177e-22
3556.55882008  1.2039438703e-22
3695.69959484  1.2034259198e-22
3840.28387728  1.20283703223e-22
3990.52462994  1.20218430692e-22
4146.64314697  1.20147440338e-22
4308.86938006  1.20071356235e-22
4477.44227714  1.19990762545e-22
4652.61013431  1.19906205361e-22
4834.63096161  1.19818194442e-22
5023.77286302  1.19727204866e-22
5220.31443137  1.1963367861e-22
5424.54515866  1.19538026071e-22
5636.76586253  1.1944062753e-22
5857.28912925  1.19341834572e-22
6086.43977422  1.1924197147e-22
6324.55532034  1.1914133653e-22
6571.9864952  1.19040203403e-22
6829.09774767  1.18938822366e-22
7096.26778467  1.18837421574e-22
7373.89012904  1.18736208283e-22
7662.37369911  1.18635370039e-22
7962.14341107  1.18535075844e-22
8273.64080478  1.18435477277e-22
8597.32469416  1.18336709601e-22
8933.67184302  1.18238892818e-22
9283.17766723  1.18142132703e-22
9646.35696448  1.18046521793e-22
10023.7446725  1.17952140345e-22
10415.8966572  1.17859057249e-22
10823.3905309  1.17767330912e-22
11246.8265038  1.17677010091e-22
11686.8282675  1.17588134698e-22
12144.0439138  1.17500736552e-22
12619.1468896  1.17414840106e-22
13112.8369884  1.17330463117e-22
13625.8413812  1.17247617295e-22
14158.9156877  1.17166308896e-22
14712.8450892  1.17086539287e-22
15288.4454851  1.17008305473e-22
15886.5646945  1.16931600584e-22
16508.0837054  1.16856414329e-22
17153.9179718  1.16782733415e-22
17825.0187627  1.16710541935e-22
18522.3745626  1.16813987565e-22
19247.012528  1.16766247161e-22
20000  1.16719081177e-22

