0.964635696448 20000 260
260
0.964635696448  0
1.00237446725  1.16111865993e-36
1.04158966572  7.74577320102e-36
1.08233905309  1.52650326798e-35
1.12468265038  2.30784629124e-35
1.16868282675  3.11975725367e-35
1.21440439138  3.96343204345e-35
1.26191468896  4.8401133347e-35
1.31128369884  5.75109241778e-35
1.36258413812  6.69771110135e-35
1.41589156877  7.68136368867e-35
1.47128450892  8.70349903138e-35
1.52884454851  9.76562266353e-35
1.58865646945  1.08692990191e-34
1.65080837054  1.20161537364e-34
1.71539179718  1.32078760525e-34
1.78250187627  1.4446221291e-34
1.85223745626  1.57330134482e-34
1.9247012528  1.70701478792e-34
2  4.84513628044e-32
2.07824460767  3.81846658467e-31
2.15955032466  7.74552931625e-31
2.2440369086  1.18262277892e-30
2.33182880236  1.60665725877e-30
2.42305531726  2.04728094437e-30
2.51785082359  2.50514284368e-30
2.61635494852  2.98091735532e-30
2.71871278176  3.47530526197e-30
2.82507508925  3.98903476252e-30
2.93559853524  4.52286254467e-30
3.05044591308  7.56019066255e-29
3.16978638492  2.3832652023e-28
3.29379573097  4.0771092137e-28
3.42265660832  5.83722030516e-28
3.55655882008  7.66619099753e-28
3.69569959484  9.56671523704e-28
3.84028387728  1.15415923633e-27
3.99052462994  2.11988560578e-27
4.14664314697  8.89046212676e-27
4.30886938006  1.7122902552e-26
4.47744227714  2.56774150129e-26
4.65261013431  3.45665997095e-26
4.83463096161  4.38035497905e-26
5.02377286302  7.47960245353e-26
5.22031443137  1.86280848717e-25
5.42454515866  3.0958488442e-25
5.63676586253  4.37712858071e-25
5.85728912925  5.70853493238e-25
6.08643977422  9.61010820831e-25
6.32455532034  1.76292610902e-24
6.5719864952  2.60110791481e-24
6.82909774767  3.47208132387e-24
7.09626778467  5.09701006462e-24
7.37389012904  7.98777415663e-24
7.66237369911  1.10104383074e-23
7.96214341107  1.43503637539e-23
8.27364080478  1.98281434043e-23
8.59732469416  2.60419478171e-23
8.93367184302  3.25765783431e-23
9.28317766723  4.05019079582e-23
9.64635696448  4.91127302277e-23
10.0237446725  5.80479253265e-23
10.4158966572  6.72747768985e-23
10.8233905309  7.68518482724e-23
11.2468265038  8.62367774096e-23
11.6868282675  9.55759287235e-23
12.1440439138  1.04859419341e-22
12.6191468896  1.13684845639e-22
13.1128369884  1.22495090898e-22
13.6258413812  1.30765030487e-22
14.1589156877  1.38934012529e-22
14.7128450892  1.4664121114e-22
15.2884454851  1.54088117968e-22
15.8865646945  1.61242991235e-22
16.5080837054  1.67993105622e-22
17.1539179718  1.74552699719e-22
17.8250187627  1.80754546119e-22
18.5223745626  1.83937353679e-22
19.247012528  1.86167089043e-22
20  1.88484056792e-22
20.7824460767  1.90891669657e-22
21.5955032466  1.93393473884e-22
22.440369086  1.95993154456e-22
23.3182880236  1.98694540521e-22
24.2305531726  2.01460074709e-22
25.1785082359  2.04012591661e-22
26.1635494852  2.06365235402e-22
27.1871278176  2.08525378335e-22
28.2507508925  2.10500107805e-22
29.3559853524  2.12296238289e-22
30.5044591308  2.13920323261e-22
31.6978638492  2.15378666756e-22
32.9379573097  2.16677334648e-22
34.2265660832  2.17822165677e-22
35.5655882008  2.1881878222e-22
36.9569959484  2.19672600851e-22
38.4028387728  2.20388842692e-22
39.9052462994  2.2097254359e-22
41.4664314697  2.21428564128e-22
43.0886938006  2.21761599492e-22
44.7744227714  2.21976189225e-22
46.5261013431  2.22076726866e-22
48.3463096161  2.22067469521e-22
50.2377286302  2.2195254735e-22
52.2031443137  2.21735973025e-22
54.2454515866  2.21421651136e-22
56.3676586253  2.21013387595e-22
58.5728912925  2.20514899023e-22
60.8643977422  2.19929822149e-22
63.2455532034  2.19261723215e-22
65.719864952  2.18514107397e-22
68.2909774767  2.17690428241e-22
70.9626778467  2.16794097109e-22
73.7389012904  2.15828492614e-22
76.6237369911  2.14796970042e-22
79.6214341107  2.13702870712e-22
82.7364080478  2.1254953126e-22
85.9732469416  2.11340292783e-22
89.3367184302  2.10078509784e-22
92.8317766723  2.08767558863e-22
96.4635696448  2.07410847035e-22
100.237446725  2.06011819609e-22
104.158966572  2.04573967471e-22
108.233905309  2.03100833656e-22
112.468265038  2.01596019052e-22
116.868282675  2.00063187047e-22
121.440439138  1.98506066941e-22
126.191468896  1.96928455922e-22
131.128369884  1.95334219378e-22
136.258413812  1.93727289328e-22
141.589156877  1.92111660753e-22
147.128450892  1.90491385599e-22
152.884454851  1.88870564265e-22
158.865646945  1.87253334382e-22
165.080837054  1.85643856763e-22
171.539179718  1.84046298424e-22
178.250187627  1.82464812665e-22
185.223745626  1.80903516263e-22
192.47012528  1.79366463922e-22
200  1.77968211598e-22
207.824460767  1.76488854204e-22
215.955032466  1.75045372734e-22
224.40369086  1.73641261341e-22
233.182880236  1.72279795899e-22
242.305531726  1.70964001161e-22
251.785082359  1.69696619126e-22
261.635494852  1.68480079478e-22
271.871278176  1.67316472981e-22
282.507508925  1.66207528669e-22
293.559853524  1.65154595616e-22
305.044591308  1.64158629979e-22
316.978638492  1.63220187856e-22
329.379573097  1.62339424388e-22
342.265660832  1.61516099361e-22
355.655882008  1.60749589391e-22
369.569959484  1.60038906676e-22
384.028387728  1.59382724176e-22
399.052462994  1.58779407043e-22
414.664314697  1.58227050186e-22
430.886938006  1.57723522091e-22
447.744227714  1.57266515524e-22
465.261013431  1.56853606995e-22
483.463096161  1.5648233008e-22
502.377286302  1.56150352379e-22
522.031443137  1.55873199658e-22
542.454515866  1.55663329198e-22
563.676586253  1.55519710007e-22
585.728912925  1.55441066173e-22
608.643977422  1.5480082886e-22
632.455532034  1.54901086281e-22
657.19864952  1.55057457869e-22
682.909774767  1.55270616063e-22
709.626778467  1.55541047738e-22
737.389012904  1.55869051214e-22
766.237369911  1.56254735123e-22
796.214341107  1.56698019164e-22
827.364080478  1.57198636735e-22
859.732469416  1.57756139387e-22
893.367184302  1.58369902999e-22
928.317766723  1.59039135549e-22
964.635696448  1.62071033513e-22
1002.37446725  1.63585709861e-22
1041.58966572  1.64978664177e-22
1082.33905309  1.66263326769e-22
1124.68265038  1.67451596795e-22
1168.68282675  1.68554090154e-22
1214.40439138  1.69580336631e-22
1261.91468896  1.70538938085e-22
1311.28369884  1.71437696385e-22
1362.58413812  1.72283717625e-22
1415.89156877  1.73083497575e-22
1471.28450892  1.73842992158e-22
1528.84454851  1.74306394658e-22
1588.65646945  1.74885975007e-22
1650.80837054  1.75407171004e-22
1715.39179718  1.75874359925e-22
1782.50187627  1.76291545353e-22
1852.23745626  1.76662400909e-22
1924.7012528  1.76990307642e-22
2000  1.77278386117e-22
2078.24460767  1.77529524048e-22
2159.55032466  1.77746400175e-22
2244.0369086  1.77931504957e-22
2331.82880236  1.78087158539e-22
2423.05531726  1.78215526397e-22
2517.85082359  1.7831863299e-22
2616.35494852  1.78398373692e-22
2718.71278176  1.78456525243e-22
2825.07508925  1.78494754933e-22
2935.59853524  1.78514628675e-22
3050.44591308  1.78517618133e-22
3169.78638492  1.78505107026e-22
3293.79573097  1.78478396733e-22
3422.65660832  1.78438711285e-22
3556.55882008  1.78387201835e-22
3695.69959484  1.7832495069e-22
3840.28387728  1.78252974954e-22
3990.52462994  1.78172229852e-22
4146.64314697  1.78083611779e-22
4308.86938006  1.77987961116e-22
4477.44227714  1.77886064853e-22
4652.61013431  1.77778659046e-22
4834.63096161  1.77666431133e-22
5023.77286302  1.77550022144e-22
5220.31443137  1.77430028801e-22
5424.54515866  1.77307005549e-22
5636.76586253  1.77181466501e-22
5857.28912925  1.77053887342e-22
6086.43977422  1.76924707161e-22
6324.55532034  1.76794330249e-22
6571.9864952  1.76663127846e-22
6829.09774767  1.7653143985e-22
7096.26778467  1.76399576483e-22
7373.89012904  1.76267819922e-22
7662.37369911  1.76136425888e-22
7962.14341107  1.76005625193e-22
8273.64080478  1.75875625248e-22
8597.32469416  1.75746611524e-22
8933.67184302  1.75618748979e-22
9283.17766723  1.75492183422e-22
9646.35696448  1.75367042844e-22
10023.7446725  1.75243438696e-22
10415.8966572  1.75121467107e-22
10823.3905309  1.75001210068e-22
11246.8265038  1.74882736547e-22
11686.8282675  1.74766103563e-22
12144.0439138  1.74651357196e-22
12619.1468896  1.74538533556e-22
13112.8369884  1.7442765969e-22
13625.8413812  1.74318754438e-22
14158.9156877  1.74211829239e-22
14712.8450892  1.74106888886e-22
15288.4454851  1.7400393223e-22
15886.5646945  1.73902952836e-22
16508.0837054  1.73803939593e-22
17153.9179718  1.73706877278e-22
17825.0187627  1.73611747077e-22
18522.3745626  1.73751345176e-22
19247.012528  1.73688798409e-22
20000  1.73626969099e-22

