0.0682909774767 20 149
149
0.0682909774767  0
0.0709626778467  5.39151486963e-26
0.0737389012904  1.75938948114e-25
0.0766237369911  3.02904474794e-25
0.0796214341107  4.34837185386e-25
0.0827364080478  5.71931407567e-25
0.0859732469416  7.14389071562e-25
0.0893367184302  8.62420007572e-25
0.0928317766723  1.01624225484e-24
0.0964635696448  1.1760823828e-24
0.100237446725  1.34217582481e-24
0.104158966572  1.51476722492e-24
0.108233905309  1.69411079823e-24
0.112468265038  1.8804707053e-24
0.116868282675  2.07412144129e-24
0.121440439138  2.2753482402e-24
0.126191468896  2.48444749508e-24
0.131128369884  2.70172719454e-24
0.136258413812  2.92750737642e-24
0.141589156877  3.16212059917e-24
0.147128450892  3.40591243171e-24
0.152884454851  3.6592419624e-24
0.158865646945  3.92248232795e-24
0.165080837054  4.19602126307e-24
0.171539179718  4.48026167152e-24
0.178250187627  4.77562221959e-24
0.185223745626  5.08253795276e-24
0.19247012528  5.4014609365e-24
0.2  5.73286092211e-24
0.207824460767  6.07722603864e-24
0.215955032466  6.4350635119e-24
0.22440369086  6.8069004115e-24
0.233182880236  7.19328442727e-24
0.242305531726  7.5947846759e-24
0.251785082359  8.01199253925e-24
0.261635494852  8.44552253539e-24
0.271871278176  8.89601322377e-24
0.282507508925  9.36412814572e-24
0.293559853524  9.85055680189e-24
0.305044591308  1.03560156677e-23
0.316978638492  1.08812492489e-23
0.329379573097  1.14270311778e-23
0.342265660832  1.19941653532e-23
0.355655882008  1.25834871241e-23
0.369569959484  1.31958645204e-23
0.384028387728  1.38321995312e-23
0.399052462994  1.44934294336e-23
0.414664314697  1.51805281733e-23
0.430886938006  1.58945077985e-23
0.447744227714  1.66364199516e-23
0.465261013431  1.74073574174e-23
0.483463096161  1.82084557329e-23
0.502377286302  1.90408948602e-23
0.522031443137  1.99059009239e-23
0.542454515866  2.08047480177e-23
0.563676586253  2.17387600805e-23
0.585728912925  2.27093128471e-23
0.608643977422  2.37178358739e-23
0.632455532034  2.47658146449e-23
0.65719864952  2.58547927599e-23
0.682909774767  2.69863742075e-23
0.709626778467  2.81622257284e-23
0.737389012904  2.93840792697e-23
0.766237369911  3.06537345365e-23
0.796214341107  3.19730616424e-23
0.827364080478  3.33440038642e-23
0.859732469416  3.47685805042e-23
0.893367184302  3.62488898643e-23
0.928317766723  3.77871123369e-23
0.964635696448  3.93855136165e-23
1.00237446725  4.10464480368e-23
1.04158966572  4.27723620388e-23
1.08233905309  4.45657977728e-23
1.12468265038  4.64293968445e-23
1.16868282675  4.83659042054e-23
1.21440439138  5.03781721956e-23
1.26191468896  5.24691647455e-23
1.31128369884  5.46419617413e-23
1.36258413812  5.68997635613e-23
1.41589156877  5.92458957901e-23
1.47128450892  6.16838141168e-23
1.52884454851  6.4217109425e-23
1.58865646945  6.68495130819e-23
1.65080837054  6.95849024346e-23
1.71539179718  7.24273065206e-23
1.78250187627  7.53809120029e-23
1.85223745626  7.84500693362e-23
1.9247012528  8.16392991753e-23
2  8.46568555738e-23
2.07824460767  8.60529576483e-23
2.15955032466  8.72195122804e-23
2.2440369086  8.84317052173e-23
2.33182880236  8.96913219345e-23
2.42305531726  9.10002177597e-23
2.51785082359  9.2360320605e-23
2.61635494852  9.37736338071e-23
2.71871278176  9.52422390777e-23
2.82507508925  9.67682995699e-23
2.93559853524  9.83540630643e-23
3.05044591308  9.94785550618e-23
3.16978638492  9.99876382147e-23
3.29379573097  1.00514459088e-22
3.42265660832  1.01061890408e-22
3.55655882008  1.01630738502e-22
3.69569959484  1.02221841245e-22
3.84028387728  1.02836069288e-22
3.99052462994  1.03437896221e-22
4.14664314697  1.03787005864e-22
4.30886938006  1.0409243392e-22
4.47744227714  1.04409811024e-22
4.65261013431  1.04739604652e-22
4.83463096161  1.05082300567e-22
5.02377286302  1.05382865756e-22
5.22031443137  1.05489384601e-22
5.42454515866  1.05580711104e-22
5.63676586253  1.05675610511e-22
5.85728912925  1.05774222601e-22
6.08643977422  1.05791360336e-22
6.32455532034  1.05674805215e-22
6.5719864952  1.05552031805e-22
6.82909774767  1.05424455217e-22
7.09626778467  1.05253087544e-22
7.37389012904  1.05010216167e-22
7.66237369911  1.04756829462e-22
7.96214341107  1.0448951117e-22
8.27364080478  1.0417120408e-22
8.59732469416  1.03829909085e-22
8.93367184302  1.03473848824e-22
9.28317766723  1.03083224501e-22
9.64635696448  1.02670492979e-22
10.0237446725  1.02241929195e-22
10.4158966572  1.01798056862e-22
10.8233905309  1.01337096799e-22
11.2468265038  1.00873484506e-22
11.6868282675  1.00402940391e-22
12.1440439138  9.99220114053e-23
12.6191468896  9.94379186965e-23
13.1128369884  9.89366665847e-23
13.6258413812  9.84193831059e-23
14.1589156877  9.78795986959e-23
14.7128450892  9.73136349937e-23
15.2884454851  9.69059092931e-23
15.8865646945  9.66402114702e-23
16.5080837054  9.60647912833e-23
17.1539179718  9.5378755114e-23
17.8250187627  9.46883609959e-23
18.5223745626  9.40825745923e-23
19.247012528  9.34836851296e-23
20  9.28613657315e-23

