0.964635696448 20 80
80
0.964635696448  0
1.00237446725  2.15428209965e-32
1.04158966572  1.43711242707e-31
1.08233905309  2.83219861909e-31
1.12468265038  4.28186379698e-31
1.16868282675  5.78824321643e-31
1.21440439138  7.35355566921e-31
1.26191468896  8.98010675137e-31
1.31128369884  1.06702922592e-30
1.36258413812  1.24266017179e-30
1.41589156877  1.4251622049e-30
1.47128450892  1.61480413799e-30
1.52884454851  1.81186530041e-30
1.58865646945  2.0166359495e-30
1.65080837054  2.22941769815e-30
1.71539179718  2.45052395901e-30
1.78250187627  2.68028040619e-30
1.85223745626  2.9190254549e-30
1.9247012528  3.16711075995e-30
2  4.91400835962e-29
2.07824460767  3.65164898433e-28
2.15955032466  7.37375207129e-28
2.2440369086  1.12414724061e-27
2.33182880236  1.52605068711e-27
2.42305531726  1.94367752234e-27
2.51785082359  2.37764288152e-27
2.61635494852  2.82858596533e-27
2.71871278176  3.29717098148e-27
2.82507508925  3.78408812301e-27
2.93559853524  4.29005458488e-27
3.05044591308  1.71780613997e-26
3.16978638492  4.61474313446e-26
3.29379573097  7.63016195906e-26
3.42265660832  1.07635509151e-25
3.55655882008  1.40195252659e-25
3.69569959484  1.74028808346e-25
3.84028387728  2.09186010677e-25
3.99052462994  2.83809215667e-25
4.14664314697  6.50197795679e-25
4.30886938006  1.09087173106e-24
4.47744227714  1.54878584604e-24
4.65261013431  2.02461461615e-24
4.83463096161  2.51905890398e-24
5.02377286302  3.36027707354e-24
5.22031443137  5.44775619471e-24
5.42454515866  7.73103932788e-24
5.63676586253  1.01036497575e-23
5.85728912925  1.25690821733e-23
6.08643977422  1.60324506707e-23
6.32455532034  2.10507792719e-23
6.5719864952  2.62829562536e-23
6.82909774767  3.17198280529e-23
7.09626778467  3.76703973112e-23
7.37389012904  4.43564538792e-23
7.66237369911  5.13119477903e-23
7.96214341107  5.84902499119e-23
8.27364080478  6.54520767935e-23
8.59732469416  7.25570031528e-23
8.93367184302  7.98815330392e-23
9.28317766723  8.66404269517e-23
9.64635696448  9.33818695571e-23
10.0237446725  1.00188100436e-22
10.4158966572  1.06339091598e-22
10.8233905309  1.12610715405e-22
11.2468265038  1.18472347141e-22
11.6868282675  1.2408586361e-22
12.1440439138  1.2959068644e-22
12.6191468896  1.34670478144e-22
13.1128369884  1.39703028509e-22
13.6258413812  1.443339942e-22
14.1589156877  1.48878194819e-22
14.7128450892  1.5311128336e-22
15.2884454851  1.57175049603e-22
15.8865646945  1.61051166909e-22
16.5080837054  1.64677033263e-22
17.1539179718  1.68180285212e-22
17.8250187627  1.71466424197e-22
18.5223745626  1.7299418738e-22
19.247012528  1.73954389677e-22
20  1.74952157301e-22

