0.964635696448 20 80
80
0.964635696448  0
1.00237446725  8.16928315341e-31
1.04158966572  5.44954937673e-30
1.08233905309  1.07396847686e-29
1.12468265038  1.62367824446e-29
1.16868282675  2.19489392461e-29
1.21440439138  2.78845687816e-29
1.26191468896  3.40524138191e-29
1.31128369884  4.04615591643e-29
1.36258413812  4.7121445041e-29
1.41589156877  5.40418809964e-29
1.47128450892  6.12330603499e-29
1.52884454851  6.87055752071e-29
1.58865646945  7.64704320609e-29
1.65080837054  8.45390680038e-29
1.71539179718  9.29233675736e-29
1.78250187627  1.01635680259e-28
1.85223745626  1.10688838688e-28
1.9247012528  1.20096177531e-28
2  6.7959015837e-28
2.07824460767  4.48668055797e-27
2.15955032466  8.96966496293e-27
2.2440369086  1.36280340459e-26
2.33182880236  1.84686492595e-26
2.42305531726  2.34986404922e-26
2.51785082359  2.87254165702e-26
2.61635494852  3.415667617e-26
2.71871278176  3.98004191581e-26
2.82507508925  4.56649583741e-26
2.93559853524  5.17589318752e-26
3.05044591308  1.30498568651e-25
3.16978638492  3.03556066197e-25
3.29379573097  4.83685436986e-25
3.42265660832  6.70861883747e-25
3.55655882008  8.6536110433e-25
3.69569959484  1.06746958252e-24
3.84028387728  1.27748500999e-24
3.99052462994  1.61479684453e-24
4.14664314697  2.86830570093e-24
4.30886938006  4.35827690941e-24
4.47744227714  5.90653922421e-24
4.65261013431  7.51537312772e-24
4.83463096161  9.18714832001e-24
5.02377286302  1.14061486035e-23
5.22031443137  1.54974363884e-23
5.42454515866  1.99167402e-23
5.63676586253  2.4508937358e-23
5.85728912925  2.92807918486e-23
6.08643977422  3.46777393522e-23
6.32455532034  4.09761390371e-23
6.5719864952  4.75294668208e-23
6.82909774767  5.43391758851e-23
7.09626778467  6.11638684324e-23
7.37389012904  6.78356517373e-23
7.66237369911  7.47618820813e-23
7.96214341107  8.1861601533e-23
8.27364080478  8.82558867384e-23
8.59732469416  9.46447736085e-23
8.93367184302  1.01218223528e-22
9.28317766723  1.07094033759e-22
9.64635696448  1.12883901314e-22
10.0237446725  1.18711496903e-22
10.4158966572  1.23892660813e-22
10.8233905309  1.29162907391e-22
11.2468265038  1.3405979958e-22
11.6868282675  1.38726065406e-22
12.1440439138  1.43291469012e-22
12.6191468896  1.47482651249e-22
13.1128369884  1.51627368709e-22
13.6258413812  1.55422579186e-22
14.1589156877  1.59137874034e-22
14.7128450892  1.62581949368e-22
15.2884454851  1.65878383199e-22
15.8865646945  1.69012005835e-22
16.5080837054  1.71934134928e-22
17.1539179718  1.74750764794e-22
17.8250187627  1.77383248025e-22
18.5223745626  1.77591469467e-22
19.247012528  1.76951234336e-22
20  1.76285951732e-22

