0.964635696448 20 80
80
0.964635696448  0
1.00237446725  5.92711800329e-28
1.04158966572  3.9323092655e-27
1.08233905309  7.74217507478e-27
1.12468265038  1.17010916118e-26
1.16868282675  1.58148900845e-26
1.21440439138  2.00896298309e-26
1.26191468896  2.45316072445e-26
1.31128369884  2.91473650481e-26
1.36258413812  3.39437019309e-26
1.41589156877  3.89276825626e-26
1.47128450892  4.41066479988e-26
1.52884454851  4.94882264943e-26
1.58865646945  5.50803447389e-26
1.65080837054  6.08912395326e-26
1.71539179718  6.69294699179e-26
1.78250187627  7.3203929787e-26
1.85223745626  7.97238609814e-26
1.9247012528  8.64988669051e-26
2  1.30182176069e-25
2.07824460767  3.90594328072e-25
2.15955032466  6.96320062556e-25
2.2440369086  1.01400649212e-24
2.33182880236  1.3441215467e-24
2.42305531726  1.68715146274e-24
2.51785082359  2.04360149939e-24
2.61635494852  2.41399668267e-24
2.71871278176  2.79888257886e-24
2.82507508925  3.19882609801e-24
2.93559853524  3.61441632904e-24
3.05044591308  4.82089120106e-24
3.16978638492  7.05064007417e-24
3.29379573097  9.37084698948e-24
3.42265660832  1.17818257447e-23
3.55655882008  1.42871275433e-23
3.69569959484  1.689044252e-23
3.84028387728  1.95956051763e-23
3.99052462994  2.25518646368e-23
4.14664314697  2.67253408965e-23
4.30886938006  3.1290727567e-23
4.47744227714  3.60347226819e-23
4.65261013431  4.09643138151e-23
4.83463096161  4.60867619104e-23
5.02377286302  5.12772772517e-23
5.22031443137  5.61804675895e-23
5.42454515866  6.12293522084e-23
5.63676586253  6.64757608254e-23
5.85728912925  7.19274210344e-23
6.08643977422  7.70636473329e-23
6.32455532034  8.1568304905e-23
6.5719864952  8.62389197754e-23
6.82909774767  9.10922598598e-23
7.09626778467  9.56483185348e-23
7.37389012904  9.95690285533e-23
7.66237369911  1.03630398971e-22
7.96214341107  1.07773328465e-22
8.27364080478  1.1129837875e-22
8.59732469416  1.14758604852e-22
8.93367184302  1.18310950769e-22
9.28317766723  1.21370665915e-22
9.64635696448  1.24341170252e-22
10.0237446725  1.27312375615e-22
10.4158966572  1.29864789072e-22
10.8233905309  1.32447712223e-22
11.2468265038  1.3480519865e-22
11.6868282675  1.37017064114e-22
12.1440439138  1.39160772066e-22
12.6191468896  1.41086608766e-22
13.1128369884  1.42974581166e-22
13.6258413812  1.44661452436e-22
14.1589156877  1.4629474537e-22
14.7128450892  1.47774611136e-22
15.2884454851  1.49167667274e-22
15.8865646945  1.5046550848e-22
16.5080837054  1.51638548364e-22
17.1539179718  1.52739443036e-22
17.8250187627  1.53722080299e-22
18.5223745626  1.53385875858e-22
19.247012528  1.52570030079e-22
20  1.51722266535e-22

