0.964635696448 20 80
80
0.964635696448  0
1.00237446725  1.07419817048e-34
1.04158966572  7.16593031242e-34
1.08233905309  1.41223035533e-33
1.12468265038  2.13508261417e-33
1.16868282675  2.88621451871e-33
1.21440439138  3.66673243385e-33
1.26191468896  4.477786008e-33
1.31128369884  5.32056986651e-33
1.36258413812  6.1963253712e-33
1.41589156877  7.10634244883e-33
1.47128450892  8.05196149106e-33
1.52884454851  9.03457532878e-33
1.58865646945  1.00556312836e-32
1.65080837054  1.11166332997e-32
1.71539179718  1.22191441591e-32
1.78250187627  1.33647877833e-32
1.85223745626  1.45552516254e-32
1.9247012528  1.57922891557e-32
2  1.12218699631e-30
2.07824460767  8.75656510843e-30
2.15955032466  1.774895855e-29
2.2440369086  2.70931551401e-29
2.33182880236  3.68029182282e-29
2.42305531726  4.6892549618e-29
2.51785082359  5.73769106327e-29
2.61635494852  6.82714440044e-29
2.71871278176  7.95921966209e-29
2.82507508925  9.13558431609e-29
2.93559853524  1.03579710655e-28
3.05044591308  8.85263889226e-28
3.16978638492  2.66649187469e-27
3.29379573097  4.5206072345e-27
3.42265660832  6.44725985875e-27
3.55655882008  8.44928757236e-27
3.69569959484  1.05296392225e-26
3.84028387728  1.26913790219e-26
3.99052462994  1.98857444957e-26
4.14664314697  6.48833265556e-26
4.30886938006  1.19429141986e-25
4.47744227714  1.7610891538e-25
4.65261013431  2.35006132091e-25
4.83463096161  2.96207543608e-25
5.02377286302  4.49262397547e-25
5.22031443137  9.39811766205e-25
5.42454515866  1.48073660401e-24
5.63676586253  2.04282366768e-24
5.85728912925  2.62690087223e-24
6.08643977422  3.88156655568e-24
6.32455532034  6.20523914102e-24
6.5719864952  8.63240757217e-24
6.82909774767  1.11545324241e-23
7.09626778467  1.47416546505e-23
7.37389012904  2.00829629313e-23
7.66237369911  2.56584805244e-23
7.96214341107  3.15587094999e-23
8.27364080478  3.87647764833e-23
8.59732469416  4.65321842746e-23
8.93367184302  5.45926458405e-23
9.28317766723  6.28103734056e-23
9.64635696448  7.12973106642e-23
10.0237446725  7.99461056434e-23
10.4158966572  8.81450582306e-23
10.8233905309  9.65610640705e-23
11.2468265038  1.04572199902e-22
11.6868282675  1.12361927884e-22
12.1440439138  1.20041605181e-22
12.6191468896  1.27212619643e-22
13.1128369884  1.34339961541e-22
13.6258413812  1.40954914299e-22
14.1589156877  1.47466974346e-22
14.7128450892  1.53572061672e-22
15.2884454851  1.59453614502e-22
15.8865646945  1.65086253468e-22
16.5080837054  1.70383338865e-22
17.1539179718  1.75521035324e-22
17.8250187627  1.80367413172e-22
18.5223745626  1.82703991473e-22
19.247012528  1.84236835586e-22
20  1.85829648092e-22

