0.964635696448 20000 260
260
0.964635696448  0
1.00237446725  4.46716156303e-38
1.04158966572  2.98002448101e-37
1.08233905309  5.87290253775e-37
1.12468265038  8.87895664878e-37
1.16868282675  1.20026145221e-36
1.21440439138  1.52484770878e-36
1.26191468896  1.8621325275e-36
1.31128369884  2.21261270538e-36
1.36258413812  2.57680447526e-36
1.41589156877  2.95524426622e-36
1.47128450892  3.34848949367e-36
1.52884454851  3.75711938039e-36
1.58865646945  4.18173580968e-36
1.65080837054  4.62296421195e-36
1.71539179718  5.08145448582e-36
1.78250187627  5.55788195549e-36
1.85223745626  6.05294836539e-36
1.9247012528  6.5673829138e-36
2  5.29040433924e-33
2.07824460767  4.17829810991e-32
2.15955032466  8.4767724509e-32
2.2440369086  1.29434130111e-31
2.33182880236  1.75847988404e-31
2.42305531726  2.24077663763e-31
2.51785082359  2.74194195136e-31
2.61635494852  3.26271400676e-31
2.71871278176  3.80385986474e-31
2.82507508925  4.3661765954e-31
2.93559853524  4.95049245204e-31
3.05044591308  1.37045758067e-29
3.16978638492  4.39991598709e-29
3.29379573097  7.5533682496e-29
3.42265660832  1.08301908297e-28
3.55655882008  1.42352102583e-28
3.69569959484  1.77734418916e-28
3.84028387728  2.14500972979e-28
3.99052462994  4.5238239275e-28
4.14664314697  2.21374390617e-27
4.30886938006  4.3582880906e-27
4.47744227714  6.5867317842e-27
4.65261013431  8.90235732906e-27
4.83463096161  1.13085754801e-26
5.02377286302  2.11449524191e-26
5.22031443137  5.85510887838e-26
5.42454515866  9.99778622241e-26
5.63676586253  1.43025346482e-25
5.85728912925  1.87756947498e-25
6.08643977422  3.4538300301e-25
6.32455532034  6.84182636111e-25
6.5719864952  1.0383969207e-24
6.82909774767  1.40646888416e-24
7.09626778467  2.22091087756e-24
7.37389012904  3.7886439972e-24
7.66237369911  5.42899556225e-24
7.96214341107  7.31526557894e-24
8.27364080478  1.11083991427e-23
8.59732469416  1.55263917605e-23
8.93367184302  2.0244722933e-23
9.28317766723  2.7009462265e-23
9.64635696448  3.46546789259e-23
10.0237446725  4.27754007381e-23
10.4158966572  5.2030910479e-23
10.8233905309  6.17500933125e-23
11.2468265038  7.16403883946e-23
11.6868282675  8.17652636676e-23
12.1440439138  9.19288219151e-23
12.6191468896  1.01792812002e-22
13.1128369884  1.11681678149e-22
13.6258413812  1.21062486501e-22
14.1589156877  1.30356033236e-22
14.7128450892  1.39171380789e-22
15.2884454851  1.47713072197e-22
15.8865646945  1.5594511526e-22
16.5080837054  1.63731570212e-22
17.1539179718  1.71311338655e-22
17.8250187627  1.78494341037e-22
18.5223745626  1.82353101209e-22
19.247012528  1.85175341758e-22
20  1.88107994858e-22
20.7824460767  1.91155380104e-22
21.5955032466  1.94321986082e-22
22.440369086  1.97612476981e-22
23.3182880236  2.01031699465e-22
24.2305531726  2.04493185029e-22
25.1785082359  2.07584687561e-22
26.1635494852  2.10449674737e-22
27.1871278176  2.13096553477e-22
28.2507508925  2.15533405178e-22
29.3559853524  2.17767999499e-22
30.5044591308  2.1980780777e-22
31.6978638492  2.21660016051e-22
32.9379573097  2.23331537859e-22
34.2265660832  2.24829026584e-22
35.5655882008  2.26158887624e-22
36.9569959484  2.27327290258e-22
38.4028387728  2.28340179267e-22
39.9052462994  2.29203286347e-22
41.4664314697  2.29922141318e-22
43.0886938006  2.30502083162e-22
44.7744227714  2.30948270904e-22
46.5261013431  2.31265694361e-22
48.3463096161  2.31459184781e-22
50.2377286302  2.31533425386e-22
52.2031443137  2.3149296185e-22
54.2454515866  2.3134221271e-22
56.3676586253  2.31085479749e-22
58.5728912925  2.30726958345e-22
60.8643977422  2.30270747812e-22
63.2455532034  2.29720861731e-22
65.719864952  2.29081238284e-22
68.2909774767  2.28355750583e-22
70.9626778467  2.27548216999e-22
73.7389012904  2.26662411466e-22
76.6237369911  2.25702073756e-22
79.6214341107  2.2467091968e-22
82.7364080478  2.23572651203e-22
85.9732469416  2.22410966392e-22
89.3367184302  2.21189569161e-22
92.8317766723  2.19912178731e-22
96.4635696448  2.18582538703e-22
100.237446725  2.17204425655e-22
104.158966572  2.15781657123e-22
108.233905309  2.14318098824e-22
112.468265038  2.12817670966e-22
116.868282675  2.11284353458e-22
121.440439138  2.09722189813e-22
126.191468896  2.0813528955e-22
131.128369884  2.06527828845e-22
136.258413812  2.04904049218e-22
141.589156877  2.03268254002e-22
147.128450892  2.01624802375e-22
152.884454851  1.99978100746e-22
158.865646945  1.98332591292e-22
165.080837054  1.96692737515e-22
171.539179718  1.95063006719e-22
178.250187627  1.93447849377e-22
185.223745626  1.9185167545e-22
192.47012528  1.90278827807e-22
200  1.88849118637e-22
207.824460767  1.8733287582e-22
215.955032466  1.85852417284e-22
224.40369086  1.84411491653e-22
233.182880236  1.83013617156e-22
242.305531726  1.81662047172e-22
251.785082359  1.80359737e-22
261.635494852  1.79109312771e-22
271.871278176  1.77913043422e-22
282.507508925  1.76772816628e-22
293.559853524  1.75690119518e-22
305.044591308  1.74666024901e-22
316.978638492  1.737011836e-22
329.379573097  1.72795823333e-22
342.265660832  1.71949754416e-22
355.655882008  1.7116238241e-22
369.569959484  1.70432727663e-22
384.028387728  1.69759451638e-22
399.052462994  1.69140889817e-22
414.664314697  1.68575091092e-22
430.886938006  1.6805986374e-22
447.744227714  1.67592828656e-22
465.261013431  1.67171481805e-22
483.463096161  1.66793271242e-22
502.377286302  1.66455782822e-22
522.031443137  1.66175324591e-22
542.454515866  1.65964989802e-22
563.676586253  1.6582372832e-22
585.728912925  1.65750230504e-22
608.643977422  1.6508738685e-22
632.455532034  1.65200805179e-22
657.19864952  1.65372771592e-22
682.909774767  1.65604009266e-22
709.626778467  1.65895045151e-22
737.389012904  1.66246206839e-22
766.237369911  1.66657621411e-22
796.214341107  1.67129216269e-22
827.364080478  1.67660721963e-22
859.732469416  1.6825167693e-22
893.367184302  1.68901434064e-22
928.317766723  1.69609168962e-22
964.635696448  1.72794923212e-22
1002.37446725  1.74388951884e-22
1041.58966572  1.75855082732e-22
1082.33905309  1.77207422921e-22
1124.68265038  1.78458469212e-22
1168.68282675  1.79619369123e-22
1214.40439138  1.80700128537e-22
1261.91468896  1.81709778231e-22
1311.28369884  1.8265650851e-22
1362.58413812  1.83547778857e-22
1415.89156877  1.84390407798e-22
1471.28450892  1.85190647008e-22
1528.84454851  1.85680285641e-22
1588.65646945  1.86291603882e-22
1650.80837054  1.86841574421e-22
1715.39179718  1.87334792035e-22
1782.50187627  1.8777545923e-22
1852.23745626  1.88167432183e-22
1924.7012528  1.88514260009e-22
2000  1.88819218457e-22
2078.24460767  1.89085338924e-22
2159.55032466  1.89315433525e-22
2244.0369086  1.89512116809e-22
2331.82880236  1.89677824622e-22
2423.05531726  1.89814830526e-22
2517.85082359  1.89925260123e-22
2616.35494852  1.9001110358e-22
2718.71278176  1.90074226593e-22
2825.07508925  1.90116380023e-22
2935.59853524  1.90139208364e-22
3050.44591308  1.90144257224e-22
3169.78638492  1.90132979938e-22
3293.79573097  1.90106743444e-22
3422.65660832  1.90066833522e-22
3556.55882008  1.90014459485e-22
3695.69959484  1.899507584e-22
3840.28387728  1.89876798918e-22
3990.52462994  1.89793584752e-22
4146.64314697  1.89702057883e-22
4308.86938006  1.89603101504e-22
4477.44227714  1.89497542777e-22
4652.61013431  1.89386155407e-22
4834.63096161  1.89269662073e-22
5023.77286302  1.89148736742e-22
5220.31443137  1.89024006872e-22
5424.54515866  1.88896055542e-22
5636.76586253  1.88765423497e-22
5857.28912925  1.88632611134e-22
6086.43977422  1.88498080431e-22
6324.55532034  1.88362256833e-22
6571.9864952  1.88225531078e-22
6829.09774767  1.88088260995e-22
7096.26778467  1.87950773251e-22
7373.89012904  1.87813365059e-22
7662.37369911  1.87676305846e-22
7962.14341107  1.87539838876e-22
8273.64080478  1.87404182832e-22
8597.32469416  1.87269533351e-22
8933.67184302  1.87136064515e-22
9283.17766723  1.87003930288e-22
9646.35696448  1.86873265913e-22
10023.7446725  1.86744189244e-22
10415.8966572  1.86616802038e-22
10823.3905309  1.86491191186e-22
11246.8265038  1.86367429889e-22
11686.8282675  1.86245578782e-22
12144.0439138  1.86125687e-22
12619.1468896  1.86007793187e-22
13112.8369884  1.85891926452e-22
13625.8413812  1.85778107272e-22
14158.9156877  1.85666348329e-22
14712.8450892  1.85556655312e-22
15288.4454851  1.85449027649e-22
15886.5646945  1.85343459202e-22
16508.0837054  1.852399389e-22
17153.9179718  1.85138451341e-22
17825.0187627  1.85038977331e-22
18522.3745626  1.85185721461e-22
19247.012528  1.85120403973e-22
20000  1.85055827608e-22

