0.964635696448 20000 260
260
0.964635696448  0
1.00237446725  1.52586412568e-30
1.04158966572  1.01785093298e-29
1.08233905309  2.00592025013e-29
1.12468265038  3.03264511531e-29
1.16868282675  4.09953782262e-29
1.21440439138  5.20816983059e-29
1.26191468896  6.36017407682e-29
1.31128369884  7.55724738318e-29
1.36258413812  8.80115295515e-29
1.41589156877  1.00937229788e-28
1.47128450892  1.14368613197e-28
1.52884454851  1.28325463269e-28
1.58865646945  1.4282833747e-28
1.65080837054  1.57898597521e-28
1.71539179718  1.73558440866e-28
1.78250187627  1.89830933359e-28
1.85223745626  2.06740043248e-28
1.9247012528  2.24310676472e-28
2  1.07166026709e-27
2.07824460767  6.81720745079e-27
2.15955032466  1.35822881762e-26
2.2440369086  2.06120344451e-26
2.33182880236  2.79168005835e-26
2.42305531726  3.55073460022e-26
2.51785082359  4.33948510451e-26
2.61635494852  5.15909334567e-26
2.71871278176  6.01076654947e-26
2.82507508925  6.89575917112e-26
2.93559853524  7.815374743e-26
3.05044591308  1.82756525902e-25
3.16978638492  4.11216208085e-25
3.29379573097  6.49009483828e-25
3.42265660832  8.96105780355e-25
3.55655882008  1.15286905327e-24
3.69569959484  1.41967749696e-24
3.84028387728  1.69692410166e-24
3.99052462994  2.12036778567e-24
4.14664314697  3.58675906086e-24
4.30886938006  5.32354944734e-24
4.47744227714  7.12828707502e-24
4.65261013431  9.00363019651e-24
4.83463096161  1.09523410614e-23
5.02377286302  1.34300534722e-23
5.22031443137  1.76824955431e-23
5.42454515866  2.22591292346e-23
5.63676586253  2.70148113799e-23
5.85728912925  3.1956546767e-23
6.08643977422  3.73709624279e-23
6.32455532034  4.343706124e-23
6.5719864952  4.97459087866e-23
6.82909774767  5.63015729837e-23
7.09626778467  6.28030036158e-23
7.37389012904  6.90398783956e-23
7.66237369911  7.55126369621e-23
7.96214341107  8.21426333979e-23
8.27364080478  8.80638432475e-23
8.59732469416  9.39650521786e-23
8.93367184302  1.00034786246e-22
9.28317766723  1.05431583953e-22
9.64635696448  1.10738388171e-22
10.0237446725  1.16076594931e-22
10.4158966572  1.20807460321e-22
10.8233905309  1.25617349504e-22
11.2468265038  1.30072999656e-22
11.6868282675  1.34307807693e-22
12.1440439138  1.38445766464e-22
12.6191468896  1.4223353406e-22
13.1128369884  1.45978269994e-22
13.6258413812  1.49405235298e-22
14.1589156877  1.5275767448e-22
14.7128450892  1.55860477119e-22
15.2884454851  1.58832057504e-22
15.8865646945  1.616589917e-22
16.5080837054  1.64295776614e-22
17.1539179718  1.66837266076e-22
17.8250187627  1.6921151416e-22
18.5223745626  1.70007787309e-22
19.247012528  1.70274028863e-22
20  1.70550686399e-22
20.7824460767  1.70838167416e-22
21.5955032466  1.71136895352e-22
22.440369086  1.71447310213e-22
23.3182880236  1.71769869219e-22
24.2305531726  1.72182338278e-22
25.1785082359  1.7277031075e-22
26.1635494852  1.73261174728e-22
27.1871278176  1.73658341686e-22
28.2507508925  1.73965093015e-22
29.3559853524  1.74184586035e-22
30.5044591308  1.74319859887e-22
31.6978638492  1.74373841303e-22
32.9379573097  1.74349350289e-22
34.2265660832  1.74249105702e-22
35.5655882008  1.74075730764e-22
36.9569959484  1.738317585e-22
38.4028387728  1.73519637122e-22
39.9052462994  1.73141735376e-22
41.4664314697  1.72700347851e-22
43.0886938006  1.72197700277e-22
44.7744227714  1.71635954802e-22
46.5261013431  1.7101721529e-22
48.3463096161  1.7034353262e-22
50.2377286302  1.69616910015e-22
52.2031443137  1.68839308409e-22
54.2454515866  1.6801265185e-22
56.3676586253  1.67138832963e-22
58.5728912925  1.66219718462e-22
60.8643977422  1.6525715473e-22
63.2455532034  1.64252973456e-22
65.719864952  1.6320899734e-22
68.2909774767  1.6212704585e-22
70.9626778467  1.61008941033e-22
73.7389012904  1.59856513355e-22
76.6237369911  1.58671607568e-22
79.6214341107  1.57456088561e-22
82.7364080478  1.56211847169e-22
85.9732469416  1.54940805911e-22
89.3367184302  1.53644924585e-22
92.8317766723  1.52326205676e-22
96.4635696448  1.50986699506e-22
100.237446725  1.4962850903e-22
104.158966572  1.48253794194e-22
108.233905309  1.46864775739e-22
112.468265038  1.4546373834e-22
116.868282675  1.44053032928e-22
121.440439138  1.42635078066e-22
126.191468896  1.41212360211e-22
131.128369884  1.39787432715e-22
136.258413812  1.38362913378e-22
141.589156877  1.36941480405e-22
147.128450892  1.3552586661e-22
152.884454851  1.34118851709e-22
158.865646945  1.32723252596e-22
165.080837054  1.3134191151e-22
171.539179718  1.29977682038e-22
178.250187627  1.28633412967e-22
185.223745626  1.2731193004e-22
192.47012528  1.26016015753e-22
200  1.24833921354e-22
207.824460767  1.23595130606e-22
215.955032466  1.2238987729e-22
224.40369086  1.21220528323e-22
233.182880236  1.20089287259e-22
242.305531726  1.18998169604e-22
251.785082359  1.17948979219e-22
261.635494852  1.16943286482e-22
271.871278176  1.15982408825e-22
282.507508925  1.15067394286e-22
293.559853524  1.1419900861e-22
305.044591308  1.13377726397e-22
316.978638492  1.12603726675e-22
329.379573097  1.11876893172e-22
342.265660832  1.11196819438e-22
355.655882008  1.1056281887e-22
369.569959484  1.09973939569e-22
384.028387728  1.09428983927e-22
399.052462994  1.08926532773e-22
414.664314697  1.08464974018e-22
430.886938006  1.08042535843e-22
447.744227714  1.07657324968e-22
465.261013431  1.07307371383e-22
483.463096161  1.06990683474e-22
502.377286302  1.06705381647e-22
522.031443137  1.06463146658e-22
542.454515866  1.0627332044e-22
563.676586253  1.06135012596e-22
585.728912925  1.06047157796e-22
608.643977422  1.05534853707e-22
632.455532034  1.05584828575e-22
657.19864952  1.0567827818e-22
682.909774767  1.0581565675e-22
709.626778467  1.05997284604e-22
737.389012904  1.06223345827e-22
766.237369911  1.06493887284e-22
796.214341107  1.06808818974e-22
827.364080478  1.07167915736e-22
859.732469416  1.0757082026e-22
893.367184302  1.08017047343e-22
928.317766723  1.085059893e-22
964.635696448  1.1078659803e-22
1002.37446725  1.11918505972e-22
1041.58966572  1.12959043174e-22
1082.33905309  1.1391827231e-22
1124.68265038  1.14805122784e-22
1168.68282675  1.15627571837e-22
1214.40439138  1.16392788986e-22
1261.91468896  1.17107252216e-22
1311.28369884  1.17776842175e-22
1362.58413812  1.18406919081e-22
1415.89156877  1.19002385903e-22
1471.28450892  1.19567740573e-22
1528.84454851  1.19908343359e-22
1588.65646945  1.20337779629e-22
1650.80837054  1.20723237254e-22
1715.39179718  1.21068022314e-22
1782.50187627  1.21375159673e-22
1852.23745626  1.2164742567e-22
1924.7012528  1.21887376097e-22
2000  1.22097370242e-22
2078.24460767  1.22279591612e-22
2159.55032466  1.22436065866e-22
2244.0369086  1.22568676357e-22
2331.82880236  1.22679177654e-22
2423.05531726  1.22769207311e-22
2517.85082359  1.22840296155e-22
2616.35494852  1.22893877277e-22
2718.71278176  1.22931293916e-22
2825.07508925  1.22953806386e-22
2935.59853524  1.22962598178e-22
3050.44591308  1.2295878134e-22
3169.78638492  1.22943401245e-22
3293.79573097  1.22917440831e-22
3422.65660832  1.22881824376e-22
3556.55882008  1.22837420884e-22
3695.69959484  1.22785047142e-22
3840.28387728  1.22725470478e-22
3990.52462994  1.22659411283e-22
4146.64314697  1.22587545329e-22
4308.86938006  1.22510505901e-22
4477.44227714  1.22428885793e-22
4652.61013431  1.22343239177e-22
4834.63096161  1.22254083362e-22
5023.77286302  1.22161900473e-22
5220.31443137  1.22067139055e-22
5424.54515866  1.21970215609e-22
5636.76586253  1.21871516087e-22
5857.28912925  1.21771397325e-22
6086.43977422  1.2167018845e-22
6324.55532034  1.21568192243e-22
6571.9864952  1.21465686469e-22
6829.09774767  1.21362925182e-22
7096.26778467  1.21260139988e-22
7373.89012904  1.21157541287e-22
7662.37369911  1.21055319485e-22
7962.14341107  1.20953646164e-22
8273.64080478  1.20852675238e-22
8597.32469416  1.20752544055e-22
8933.67184302  1.20653374483e-22
9283.17766723  1.20555273953e-22
9646.35696448  1.20458336462e-22
10023.7446725  1.20362643543e-22
10415.8966572  1.20268265197e-22
10823.3905309  1.20175260784e-22
11246.8265038  1.20083679874e-22
11686.8282675  1.19993563054e-22
12144.0439138  1.19904942704e-22
12619.1468896  1.19817843721e-22
13112.8369884  1.19732284213e-22
13625.8413812  1.19648276142e-22
14158.9156877  1.19565825939e-22
14712.8450892  1.19484935071e-22
15288.4454851  1.19405600575e-22
15886.5646945  1.19327815555e-22
16508.0837054  1.19251569639e-22
17153.9179718  1.19176849411e-22
17825.0187627  1.19103638798e-22
18522.3745626  1.19208626124e-22
19247.012528  1.19160220777e-22
20000  1.19112396939e-22

