0.964635696448 20000 260
260
0.964635696448  0
1.00237446725  8.86142203443e-31
1.04158966572  5.91123527124e-30
1.08233905309  1.16495424575e-29
1.12468265038  1.7612345441e-29
1.16868282675  2.38084270146e-29
1.21440439138  3.0246913574e-29
1.26191468896  3.69372885609e-29
1.31128369884  4.38894064308e-29
1.36258413812  5.11135071683e-29
1.41589156877  5.86202313697e-29
1.47128450892  6.64206359162e-29
1.52884454851  7.45262102594e-29
1.58865646945  8.29488933448e-29
1.65080837054  9.1701091197e-29
1.71539179718  1.00795695193e-28
1.78250187627  1.10246101049e-28
1.85223745626  1.20066228555e-28
1.9247012528  1.30270542073e-28
2  7.11061436287e-28
2.07824460767  4.66039108415e-27
2.15955032466  9.31080050438e-27
2.2440369086  1.41431446549e-26
2.33182880236  1.91645412415e-26
2.42305531726  2.43823864311e-26
2.51785082359  2.98043657455e-26
2.61635494852  3.54384653821e-26
2.71871278176  4.12929839765e-26
2.82507508925  4.73765448261e-26
2.93559853524  5.36981085917e-26
3.05044591308  1.33111325834e-25
3.16978638492  3.07419510291e-25
3.29379573097  4.8885031754e-25
3.42265660832  6.77379115954e-25
3.55655882008  8.73283595302e-25
3.69569959484  1.07685230921e-24
3.84028387728  1.2883851002e-24
3.99052462994  1.62433323482e-24
4.14664314697  2.85412739186e-24
4.30886938006  4.31482814121e-24
4.47744227714  5.83267486909e-24
4.65261013431  7.40990325783e-24
4.83463096161  9.04883645481e-24
5.02377286302  1.12051731453e-23
5.22031443137  1.51255978023e-23
5.42454515866  1.93574064632e-23
5.63676586253  2.37547732282e-23
5.85728912925  2.8324175112e-23
6.08643977422  3.3465594971e-23
6.32455532034  3.94273701835e-23
6.5719864952  4.56300264153e-23
6.82909774767  5.20753448487e-23
7.09626778467  5.85252811205e-23
7.37389012904  6.48141437249e-23
7.66237369911  7.13425742578e-23
7.96214341107  7.80331185298e-23
8.27364080478  8.40444555007e-23
8.59732469416  9.00463902659e-23
8.93367184302  9.62198622607e-23
9.28317766723  1.017108971e-22
9.64635696448  1.07111140284e-22
10.0237446725  1.1254805727e-22
10.4158966572  1.17388978375e-22
10.8233905309  1.22314270111e-22
11.2468265038  1.26906051411e-22
11.6868282675  1.31294128388e-22
12.1440439138  1.35586100885e-22
12.6191468896  1.39523664167e-22
13.1128369884  1.43418803339e-22
13.6258413812  1.46989041821e-22
14.1589156877  1.5048373749e-22
14.7128450892  1.537220877e-22
15.2884454851  1.56819890873e-22
15.8865646945  1.59763047378e-22
16.5080837054  1.62509711022e-22
17.1539179718  1.6515854117e-22
17.8250187627  1.6763562841e-22
18.5223745626  1.68579371217e-22
19.247012528  1.69014079754e-22
20  1.69465795089e-22
20.7824460767  1.69935182569e-22
21.5955032466  1.70422933569e-22
22.440369086  1.70929766512e-22
23.3182880236  1.71456427927e-22
24.2305531726  1.7204122295e-22
25.1785082359  1.72683092462e-22
26.1635494852  1.7322528704e-22
27.1871278176  1.73671319122e-22
28.2507508925  1.74024567095e-22
29.3559853524  1.74288281458e-22
30.5044591308  1.74465590865e-22
31.6978638492  1.74559508043e-22
32.9379573097  1.74572935612e-22
34.2265660832  1.74508671799e-22
35.5655882008  1.74369416083e-22
36.9569959484  1.74157774757e-22
38.4028387728  1.7387626644e-22
39.9052462994  1.73527327538e-22
41.4664314697  1.73113317671e-22
43.0886938006  1.72636525077e-22
44.7744227714  1.7209917201e-22
46.5261013431  1.71503420128e-22
48.3463096161  1.70851375905e-22
50.2377286302  1.70145096053e-22
52.2031443137  1.69386592991e-22
54.2454515866  1.68577840338e-22
56.3676586253  1.67720778469e-22
58.5728912925  1.6681732012e-22
60.8643977422  1.65869356051e-22
63.2455532034  1.64878760773e-22
65.719864952  1.63847398332e-22
68.2909774767  1.62777128157e-22
70.9626778467  1.6166981094e-22
73.7389012904  1.6052731457e-22
76.6237369911  1.59351520064e-22
79.6214341107  1.58144327502e-22
82.7364080478  1.56907661909e-22
85.9732469416  1.55643479069e-22
89.3367184302  1.54353771185e-22
92.8317766723  1.53040572369e-22
96.4635696448  1.51705963846e-22
100.237446725  1.50352078826e-22
104.158966572  1.48981106921e-22
108.233905309  1.47595298012e-22
112.468265038  1.46196965442e-22
116.868282675  1.44788488392e-22
121.440439138  1.43372313303e-22
126.191468896  1.4195095419e-22
131.128369884  1.40526991664e-22
136.258413812  1.39103070529e-22
141.589156877  1.37681895754e-22
147.128450892  1.36266226688e-22
152.884454851  1.3485886936e-22
158.865646945  1.33462666745e-22
165.080837054  1.32080486912e-22
171.539179718  1.30715208997e-22
178.250187627  1.29369707009e-22
185.223745626  1.28046831527e-22
192.47012528  1.26749389437e-22
200  1.25566000425e-22
207.824460767  1.24325476878e-22
215.955032466  1.23118425303e-22
224.40369086  1.21947234244e-22
233.182880236  1.20814127929e-22
242.305531726  1.19721141459e-22
251.785082359  1.18670097095e-22
261.635494852  1.17662582309e-22
271.871278176  1.16699930209e-22
282.507508925  1.15783203e-22
293.559853524  1.14913179e-22
305.044591308  1.14090343726e-22
316.978638492  1.13314885425e-22
329.379573097  1.12586695325e-22
342.265660832  1.11905372759e-22
355.655882008  1.11270235223e-22
369.569959484  1.10680333291e-22
384.028387728  1.10134470277e-22
399.052462994  1.09631226498e-22
414.664314697  1.09168988042e-22
430.886938006  1.08745980128e-22
447.744227714  1.08360305546e-22
465.261013431  1.08009989627e-22
483.463096161  1.07693035626e-22
502.377286302  1.07407558997e-22
522.031443137  1.07165297968e-22
542.454515866  1.06975641473e-22
563.676586253  1.06837698703e-22
585.728912925  1.06750402777e-22
608.643977422  1.06236635949e-22
632.455532034  1.06287735412e-22
657.19864952  1.0638248019e-22
682.909774767  1.06521328756e-22
709.626778467  1.06704604853e-22
737.389012904  1.06932495162e-22
766.237369911  1.07205048314e-22
796.214341107  1.07522175252e-22
827.364080478  1.07883650953e-22
859.732469416  1.08289117458e-22
893.367184302  1.08738088159e-22
928.317766723  1.09229953247e-22
964.635696448  1.11521887416e-22
1002.37446725  1.12659689531e-22
1041.58966572  1.13705668304e-22
1082.33905309  1.14669935754e-22
1124.68265038  1.15561464836e-22
1168.68282675  1.16388271529e-22
1214.40439138  1.17157560036e-22
1261.91468896  1.17875839596e-22
1311.28369884  1.18549019166e-22
1362.58413812  1.19182484725e-22
1415.89156877  1.19781162775e-22
1471.28450892  1.20349572825e-22
1528.84454851  1.20692171298e-22
1588.65646945  1.21124001613e-22
1650.80837054  1.21511634859e-22
1715.39179718  1.2185839298e-22
1782.50187627  1.22167315354e-22
1852.23745626  1.2244119165e-22
1924.7012528  1.22682589935e-22
2000  1.22893880837e-22
2078.24460767  1.23077258372e-22
2159.55032466  1.23234757955e-22
2244.0369086  1.23368272026e-22
2331.82880236  1.23479563631e-22
2423.05531726  1.23570278248e-22
2517.85082359  1.23641954122e-22
2616.35494852  1.23696031304e-22
2718.71278176  1.23733859567e-22
2825.07508925  1.23756705369e-22
2935.59853524  1.2376575798e-22
3050.44591308  1.23762134892e-22
3169.78638492  1.23746886606e-22
3293.79573097  1.23721000891e-22
3422.65660832  1.2368540658e-22
3556.55882008  1.23640976971e-22
3695.69959484  1.23588532894e-22
3840.28387728  1.23528845487e-22
3990.52462994  1.2346263873e-22
4146.64314697  1.23390591766e-22
4308.86938006  1.23313341054e-22
4477.44227714  1.23231482365e-22
4652.61013431  1.23145572663e-22
4834.63096161  1.23056131875e-22
5023.77286302  1.22963644574e-22
5220.31443137  1.22868561589e-22
5424.54515866  1.22771301555e-22
5636.76586253  1.22672252406e-22
5857.28912925  1.22571772823e-22
6086.43977422  1.22470193642e-22
6324.55532034  1.22367819224e-22
6571.9864952  1.22264928796e-22
6829.09774767  1.22161777754e-22
7096.26778467  1.22058598938e-22
7373.89012904  1.2195560388e-22
7662.37369911  1.21852984016e-22
7962.14341107  1.2175091187e-22
8273.64080478  1.21649542206e-22
8597.32469416  1.21549013143e-22
8933.67184302  1.21449447244e-22
9283.17766723  1.21350952559e-22
9646.35696448  1.2125362364e-22
10023.7446725  1.21157542512e-22
10415.8966572  1.21062779611e-22
10823.3905309  1.20969394676e-22
11246.8265038  1.20877437606e-22
11686.8282675  1.20786949275e-22
12144.0439138  1.20697962303e-22
12619.1468896  1.20610501792e-22
13112.8369884  1.20524586017e-22
13625.8413812  1.20440227079e-22
14158.9156877  1.20357431515e-22
14712.8450892  1.20276200872e-22
15288.4454851  1.20196532244e-22
15886.5646945  1.20118418772e-22
16508.0837054  1.20041850101e-22
17153.9179718  1.19966812814e-22
17825.0187627  1.19893290822e-22
18522.3745626  1.19998808792e-22
19247.012528  1.1995020688e-22
20000  1.19902187964e-22

