0.964635696448 20 80
80
0.964635696448  0
1.00237446725  1.43728967902e-33
1.04158966572  9.5880983245e-33
1.08233905309  1.88958068435e-32
1.12468265038  2.85676543632e-32
1.16868282675  3.86178868402e-32
1.21440439138  4.90613075659e-32
1.26191468896  5.99132989702e-32
1.31128369884  7.11898452794e-32
1.36258413812  8.29075560596e-32
1.41589156877  9.50836906811e-32
1.47128450892  1.07736183741e-31
1.52884454851  1.20883671478e-31
1.58865646945  1.34545519226e-31
1.65080837054  1.48741849932e-31
1.71539179718  1.63493573801e-31
1.78250187627  1.78822419094e-31
1.85223745626  1.94750964129e-31
1.9247012528  2.11302670543e-31
2  7.12431935327e-30
2.07824460767  5.47719309412e-29
2.15955032466  1.10893852127e-28
2.2440369086  1.69211392165e-28
2.33182880236  2.29810448723e-28
2.42305531726  2.92780279984e-28
2.51785082359  3.58213636116e-28
2.61635494852  4.26206895887e-28
2.71871278176  4.96860208626e-28
2.82507508925  5.70277641733e-28
2.93559853524  6.46567333965e-28
3.05044591308  3.81291067559e-27
3.16978638492  1.09930166574e-26
3.29379573097  1.84668778384e-26
3.42265660832  2.62331336874e-26
3.55655882008  3.43032233574e-26
3.69569959484  4.26890335274e-26
3.84028387728  5.14029159107e-26
3.99052462994  7.46525840461e-26
4.14664314697  2.06453511366e-25
4.30886938006  3.65752352129e-25
4.47744227714  5.3128333054e-25
4.65261013431  7.03290262183e-25
4.83463096161  8.82026501268e-25
5.02377286302  1.25285810512e-24
5.22031443137  2.32412889776e-24
5.42454515866  3.50183421778e-24
5.63676586253  4.72561408316e-24
5.85728912925  5.99727103626e-24
6.08643977422  8.20754286679e-24
6.32455532034  1.1903882669e-23
6.5719864952  1.57621063814e-23
6.82909774767  1.97712726941e-23
7.09626778467  2.46983375395e-23
7.37389012904  3.1089182207e-23
7.66237369911  3.77499337014e-23
7.96214341107  4.46906450085e-23
8.27364080478  5.20983176399e-23
8.59732469416  5.98465915401e-23
8.93367184302  6.78535094108e-23
9.28317766723  7.55240474467e-23
9.64635696448  8.32797995677e-23
10.0237446725  9.11354538576e-23
10.4158966572  9.8355765003e-23
10.8233905309  1.05735480187e-22
11.2468265038  1.12683254581e-22
11.6868282675  1.1937783405e-22
12.1440439138  1.25960185043e-22
12.6191468896  1.32070267728e-22
13.1128369884  1.38135927311e-22
13.6258413812  1.43748647402e-22
14.1589156877  1.49268829401e-22
14.7128450892  1.54434720514e-22
15.2884454851  1.59403477104e-22
15.8865646945  1.64152795664e-22
16.5080837054  1.68605197154e-22
17.1539179718  1.72915010965e-22
17.8250187627  1.76970092033e-22
18.5223745626  1.79261172695e-22
19.247012528  1.8100928419e-22
20  1.82825785835e-22

