0.964635696448 20 80
80
0.964635696448  0
1.00237446725  3.05977617116e-37
1.04158966572  2.04116367134e-36
1.08233905309  4.02263651919e-36
1.12468265038  6.08162914982e-36
1.16868282675  8.22117431575e-36
1.21440439138  1.04444234177e-35
1.26191468896  1.27546511466e-35
1.31128369884  1.51552603066e-35
1.36258413812  1.76497868275e-35
1.41589156877  2.02419049729e-35
1.47128450892  2.2935432752e-35
1.52884454851  2.57343375432e-35
1.58865646945  2.86427419381e-35
1.65080837054  3.16649298134e-35
1.71539179718  3.4805352641e-35
1.78250187627  3.80686360446e-35
1.85223745626  4.1459586613e-35
1.9247012528  4.49831989799e-35
2  1.96820303971e-32
2.07824460767  1.55294565486e-31
2.15955032466  3.15032839042e-31
2.2440369086  4.8102044187e-31
2.33182880236  6.53501862128e-31
2.42305531726  8.32731152916e-31
2.51785082359  1.01897230647e-30
2.61635494852  1.21249964303e-30
2.71871278176  1.41359821484e-30
2.82507508925  1.62256422609e-30
2.93559853524  1.83970546911e-30
3.05044591308  3.77591701566e-29
3.16978638492  1.2006020392e-28
3.29379573097  2.05729653826e-28
3.42265660832  2.94750689981e-28
3.55655882008  3.8725443416e-28
3.69569959484  4.83377137924e-28
3.84028387728  5.83260383311e-28
3.99052462994  1.13006758863e-27
4.14664314697  5.057719475e-27
4.30886938006  9.83630093288e-27
4.47744227714  1.48018315065e-26
4.65261013431  1.99616250758e-26
4.83463096161  2.5323281657e-26
5.02377286302  4.4820350888e-26
5.22031443137  1.16684178278e-25
5.42454515866  1.96213749343e-25
5.63676586253  2.78854700452e-25
5.85728912925  3.64728755959e-25
6.08643977422  6.3666701121e-25
6.32455532034  1.20692887176e-24
6.5719864952  1.80305145042e-24
6.82909774767  2.42249571773e-24
7.09626778467  3.66535740263e-24
7.37389012904  5.95753161889e-24
7.66237369911  8.35503448642e-24
7.96214341107  1.10461564129e-23
8.27364080478  1.58579751048e-23
8.59732469416  2.1381902592e-23
8.93367184302  2.7224100207e-23
9.28317766723  3.47867081103e-23
9.64635696448  4.31386356561e-23
10.0237446725  5.18774138317e-23
10.4158966572  6.12364648831e-23
10.8233905309  7.09939682298e-23
11.2468265038  8.06852560227e-23
11.6868282675  9.04293487127e-23
12.1440439138  1.00149578751e-22
12.6191468896  1.09459953931e-22
13.1128369884  1.1876860681e-22
13.6258413812  1.27539939809e-22
14.1589156877  1.36212585322e-22
14.7128450892  1.44409102434e-22
15.2884454851  1.52336455005e-22
15.8865646945  1.59961033629e-22
16.5080837054  1.67160943913e-22
17.1539179718  1.74162991542e-22
17.8250187627  1.80791226909e-22
18.5223745626  1.84189738346e-22
19.247012528  1.86568423287e-22
20  1.89040167864e-22

