0.964635696448 20000 260
260
0.964635696448  0
1.00237446725  1.83503997614e-25
1.04158966572  6.61862913486e-25
1.08233905309  1.16242052651e-24
1.12468265038  1.68256110656e-24
1.16868282675  2.22305078442e-24
1.21440439138  2.78468566367e-24
1.26191468896  3.36829299332e-24
1.31128369884  3.97473238624e-24
1.36258413812  4.60489708534e-24
1.41589156877  5.25971527927e-24
1.47128450892  5.94015146954e-24
1.52884454851  6.64720789118e-24
1.58865646945  7.38192598898e-24
1.65080837054  8.14538795144e-24
1.71539179718  8.93871830476e-24
1.78250187627  9.7630855692e-24
1.85223745626  1.06197039802e-23
1.9247012528  1.1509835277e-23
2  1.26440055275e-23
2.07824460767  1.50502049327e-23
2.15955032466  1.77510906734e-23
2.2440369086  2.05576412867e-23
2.33182880236  2.34739906259e-23
2.42305531726  2.65044342699e-23
2.51785082359  2.9653435851e-23
2.61635494852  3.29256336286e-23
2.71871278176  3.6325847322e-23
2.82507508925  3.98590852085e-23
2.93559853524  4.35305515012e-23
3.05044591308  4.70446059084e-23
3.16978638492  5.03167999534e-23
3.29379573097  5.3715756364e-23
3.42265660832  5.72476877801e-23
3.55655882008  6.09177964901e-23
3.69569959484  6.47314883083e-23
3.84028387728  6.86943805364e-23
3.99052462994  7.26747130981e-23
4.14664314697  7.57673477695e-23
4.30886938006  7.8764406987e-23
4.47744227714  8.18787180659e-23
4.65261013431  8.51148681691e-23
4.83463096161  8.84776239199e-23
5.02377286302  9.17230076824e-23
5.22031443137  9.41729010845e-23
5.42454515866  9.66318665872e-23
5.63676586253  9.91870324855e-23
5.85728912925  1.0184216236e-22
6.08643977422  1.04229673856e-22
6.32455532034  1.06125641054e-22
6.5719864952  1.08088563098e-22
6.82909774767  1.10128279175e-22
7.09626778467  1.11995407804e-22
7.37389012904  1.13514076233e-22
7.66237369911  1.15085564953e-22
7.96214341107  1.16681607014e-22
8.27364080478  1.179676456e-22
8.59732469416  1.19207188853e-22
8.93367184302  1.20475984907e-22
9.28317766723  1.21513445381e-22
9.64635696448  1.2249855717e-22
10.0237446725  1.23467393728e-22
10.4158966572  1.24220239016e-22
10.8233905309  1.24969759915e-22
11.2468265038  1.25614983856e-22
11.6868282675  1.26188105961e-22
12.1440439138  1.26723008454e-22
12.6191468896  1.27160551019e-22
13.1128369884  1.27570824024e-22
13.6258413812  1.27889336866e-22
14.1589156877  1.2817437212e-22
14.7128450892  1.28387299116e-22
15.2884454851  1.28554844337e-22
15.8865646945  1.28673978469e-22
16.5080837054  1.28739972077e-22
17.1539179718  1.28771809995e-22
17.8250187627  1.28757520438e-22
18.5223745626  1.29826016181e-22
19.247012528  1.31311062448e-22
20  1.32854207147e-22
20.7824460767  1.34457723221e-22
21.5955032466  1.36123972539e-22
22.440369086  1.37855409369e-22
23.3182880236  1.39654583996e-22
24.2305531726  1.40899377409e-22
25.1785082359  1.40265007327e-22
26.1635494852  1.39594472817e-22
27.1871278176  1.38888845923e-22
28.2507508925  1.38149162287e-22
29.3559853524  1.37376423571e-22
30.5044591308  1.36571599872e-22
31.6978638492  1.35735632151e-22
32.9379573097  1.34869434662e-22
34.2265660832  1.33973897404e-22
35.5655882008  1.33049888592e-22
36.9569959484  1.32098257157e-22
38.4028387728  1.31119835287e-22
39.9052462994  1.30115441007e-22
41.4664314697  1.29085880799e-22
43.0886938006  1.28031952293e-22
44.7744227714  1.26954447001e-22
46.5261013431  1.25854153132e-22
48.3463096161  1.24731858461e-22
50.2377286302  1.23588353288e-22
52.2031443137  1.22424433464e-22
54.2454515866  1.21240903499e-22
56.3676586253  1.20038579755e-22
58.5728912925  1.18818293712e-22
60.8643977422  1.17580895314e-22
63.2455532034  1.16327256384e-22
65.719864952  1.15058274101e-22
68.2909774767  1.13774874533e-22
70.9626778467  1.12478016194e-22
73.7389012904  1.11168693627e-22
76.6237369911  1.0984794097e-22
79.6214341107  1.08516835484e-22
82.7364080478  1.07176500996e-22
85.9732469416  1.0582811123e-22
89.3367184302  1.04472892954e-22
92.8317766723  1.03112128897e-22
96.4635696448  1.01747160359e-22
100.237446725  1.00379389448e-22
104.158966572  9.90102808418e-23
108.233905309  9.76413629997e-23
112.468265038  9.62742287046e-23
116.868282675  9.49105348385e-23
121.440439138  9.35520012736e-23
126.191468896  9.2200408764e-23
131.128369884  9.08575957223e-23
136.258413812  8.95254537706e-23
141.589156877  8.82059219613e-23
147.128450892  8.69009795816e-23
152.884454851  8.56126374691e-23
158.865646945  8.43429277969e-23
165.080837054  8.30938923157e-23
171.539179718  8.18675690804e-23
178.250187627  8.06659777323e-23
185.223745626  7.94911034587e-23
192.47012528  7.83448798049e-23
200  7.72993875039e-23
207.824460767  7.62140526611e-23
215.955032466  7.51627753236e-23
224.40369086  7.41470878343e-23
233.182880236  7.31683777865e-23
242.305531726  7.22278705715e-23
251.785082359  7.13266133217e-23
261.635494852  7.04654606917e-23
271.871278176  6.9645062894e-23
282.507508925  6.8865856366e-23
293.559853524  6.81280573876e-23
305.044591308  6.74316589e-23
316.978638492  6.67764306982e-23
329.379573097  6.61619230881e-23
342.265660832  6.55874740187e-23
355.655882008  6.50522196294e-23
369.569959484  6.4555108099e-23
384.028387728  6.40949166498e-23
399.052462994  6.3670271572e-23
414.664314697  6.32796711946e-23
430.886938006  6.29215118893e-23
447.744227714  6.25941175264e-23
465.261013431  6.22957735406e-23
483.463096161  6.2024768676e-23
502.377286302  6.17794974348e-23
522.031443137  6.15689053087e-23
542.454515866  6.14000993613e-23
563.676586253  6.12722450316e-23
585.728912925  6.1184395865e-23
608.643977422  6.07686977439e-23
632.455532034  6.07892443147e-23
657.19864952  6.08441053228e-23
682.909774767  6.09336067109e-23
709.626778467  6.10579864979e-23
737.389012904  6.12173929144e-23
766.237369911  6.14118833099e-23
796.214341107  6.16414238484e-23
827.364080478  6.19058899978e-23
859.732469416  6.22050678042e-23
893.367184302  6.2538655924e-23
928.317766723  6.29062683775e-23
964.635696448  6.46738797632e-23
1002.37446725  6.55488973914e-23
1041.58966572  6.63546883955e-23
1082.33905309  6.7098626489e-23
1124.68265038  6.77873164807e-23
1168.68282675  6.84267088494e-23
1214.40439138  6.90221923415e-23
1261.91468896  6.95786693731e-23
1311.28369884  7.01006178491e-23
1362.58413812  7.05921421612e-23
1415.89156877  7.10570154966e-23
1471.28450892  7.14987151205e-23
1528.84454851  7.17617784724e-23
1588.65646945  7.20962527003e-23
1650.80837054  7.23961270921e-23
1715.39179718  7.26639621826e-23
1782.50187627  7.29021091474e-23
1852.23745626  7.31127330817e-23
1924.7012528  7.32978330586e-23
2000  7.3459259473e-23
2078.24460767  7.35987290812e-23
2159.55032466  7.37178380795e-23
2244.0369086  7.38180735016e-23
2331.82880236  7.39008231731e-23
2423.05531726  7.3967384423e-23
2517.85082359  7.40189717195e-23
2616.35494852  7.40567233769e-23
2718.71278176  7.40817074566e-23
2825.07508925  7.40949269699e-23
2935.59853524  7.4097324476e-23
3050.44591308  7.40897861558e-23
3169.78638492  7.40731454323e-23
3293.79573097  7.40481862005e-23
3422.65660832  7.40156457196e-23
3556.55882008  7.39762172158e-23
3695.69959484  7.39305522376e-23
3840.28387728  7.38792627988e-23
3990.52462994  7.38229233418e-23
4146.64314697  7.37620725482e-23
4308.86938006  7.36972150202e-23
4477.44227714  7.36288228535e-23
4652.61013431  7.35573371187e-23
4834.63096161  7.34831692657e-23
5023.77286302  7.3406702464e-23
5220.31443137  7.3328292888e-23
5424.54515866  7.32482709563e-23
5636.76586253  7.31669425314e-23
5857.28912925  7.30845900839e-23
6086.43977422  7.30014738274e-23
6324.55532034  7.29178328237e-23
6571.9864952  7.28338860629e-23
6829.09774767  7.27498335186e-23
7096.26778467  7.26658571774e-23
7373.89012904  7.25821220452e-23
7662.37369911  7.24987771276e-23
7962.14341107  7.24159563856e-23
8273.64080478  7.23337796638e-23
8597.32469416  7.22523535925e-23
8933.67184302  7.21717724607e-23
9283.17766723  7.20921190594e-23
9646.35696448  7.20134654956e-23
10023.7446725  7.19358739744e-23
10415.8966572  7.18593975493e-23
10823.3905309  7.17840808402e-23
11246.8265038  7.17099607182e-23
11686.8282675  7.16370669575e-23
12144.0439138  7.15654228537e-23
12619.1468896  7.14950458087e-23
13112.8369884  7.14259478831e-23
13625.8413812  7.13581363154e-23
14158.9156877  7.12916140093e-23
14712.8450892  7.12263799892e-23
15288.4454851  7.11624298259e-23
15886.5646945  7.10997560311e-23
16508.0837054  7.10383484242e-23
17153.9179718  7.0978194471e-23
17825.0187627  7.09192795959e-23
18522.3745626  7.10020160836e-23
19247.012528  7.09628661463e-23
20000  7.09242085984e-23

