0.964635696448 20 80
80
0.964635696448  0
1.00237446725  2.8776261037e-33
1.04158966572  1.91965213598e-32
1.08233905309  3.78316687424e-32
1.12468265038  5.71958660229e-32
1.16868282675  7.7317635313e-32
1.21440439138  9.82266145749e-32
1.26191468896  1.19953601276e-31
1.31128369884  1.42530597753e-31
1.36258413812  1.65990858346e-31
1.41589156877  1.90368938381e-31
1.47128450892  2.1570074507e-31
1.52884454851  2.42023590398e-31
1.58865646945  2.69376246078e-31
1.65080837054  2.97799000665e-31
1.71539179718  3.27333718892e-31
1.78250187627  3.58023903339e-31
1.85223745626  3.89914758507e-31
1.9247012528  4.23053257401e-31
2  1.17268939917e-29
2.07824460767  8.96009985975e-29
2.15955032466  1.81324397826e-28
2.2440369086  2.76636227748e-28
2.33182880236  3.7567687604e-28
2.42305531726  4.78592222665e-28
2.51785082359  5.85533854751e-28
2.61635494852  6.9665928986e-28
2.71871278176  8.12132208005e-28
2.82507508925  9.32122692739e-28
2.93559853524  1.05680748167e-27
3.05044591308  5.598993707e-27
3.16978638492  1.58790450659e-26
3.29379573097  2.65796475318e-26
3.42265660832  3.76988822186e-26
3.55655882008  4.92531269832e-26
3.69569959484  6.12594004221e-26
3.84028387728  7.37353869384e-26
3.99052462994  1.05131591308e-25
4.14664314697  2.77529403669e-25
4.30886938006  4.85682451867e-25
4.47744227714  7.0197892686e-25
4.65261013431  9.26737418266e-25
4.83463096161  1.16028897966e-24
5.02377286302  1.62391013199e-24
5.22031443137  2.92437404744e-24
5.42454515866  4.35272873636e-24
5.63676586253  5.83696395141e-24
5.85728912925  7.3792658675e-24
6.08643977422  9.94510864039e-24
6.32455532034  1.41279815387e-23
6.5719864952  1.84932173542e-23
6.82909774767  2.30292312516e-23
7.09626778467  2.84649947914e-23
7.37389012904  3.53197063685e-23
7.66237369911  4.24614597093e-23
7.96214341107  4.98864827161e-23
8.27364080478  5.76410005176e-23
8.59732469416  6.57090328564e-23
8.93367184302  7.40415952342e-23
9.28317766723  8.19537938386e-23
9.64635696448  8.99286678861e-23
10.0237446725  9.80003074595e-23
10.4158966572  1.05390818657e-22
10.8233905309  1.1294041807e-22
11.2468265038  1.200406334e-22
11.6868282675  1.26876067984e-22
12.1440439138  1.33592740996e-22
12.6191468896  1.39818908444e-22
13.1128369884  1.45997387077e-22
13.6258413812  1.51708560274e-22
14.1589156877  1.5732288875e-22
14.7128450892  1.62571783712e-22
15.2884454851  1.67617212601e-22
15.8865646945  1.72436623125e-22
16.5080837054  1.76954674049e-22
17.1539179718  1.81327290577e-22
17.8250187627  1.85439472642e-22
18.5223745626  1.87006535064e-22
19.247012528  1.87730008476e-22
20  1.88481785835e-22

