0.964635696448 20 80
80
0.964635696448  0
1.00237446725  9.45079245582e-27
1.04158966572  5.93185581918e-26
1.08233905309  1.15652457409e-25
1.12468265038  1.74190268548e-25
1.16868282675  2.3501821372e-25
1.21440439138  2.98225888244e-25
1.26191468896  3.63906392616e-25
1.31128369884  4.32156469636e-25
1.36258413812  5.03076646907e-25
1.41589156877  5.767713849e-25
1.47128450892  6.53349230824e-25
1.52884454851  7.32922978503e-25
1.58865646945  8.15609834517e-25
1.65080837054  9.01531590834e-25
1.71539179718  9.90814804209e-25
1.78250187627  1.08359098258e-24
1.85223745626  1.1799967788e-24
1.9247012528  1.28017419186e-24
2  1.53233287388e-24
2.07824460767  2.66317391762e-24
2.15955032466  3.98018613352e-24
2.2440369086  5.34872290149e-24
2.33182880236  6.77079998071e-24
2.42305531726  8.24851199149e-24
2.51785082359  9.78403550055e-24
2.61635494852  1.13796322269e-23
2.71871278176  1.30376523731e-23
2.82507508925  1.47605380873e-23
2.93559853524  1.65508270598e-23
3.05044591308  1.91650610257e-23
3.16978638492  2.28315340592e-23
3.29379573097  2.66445868227e-23
3.42265660832  3.0606814995e-23
3.55655882008  3.47240546618e-23
3.69569959484  3.90023702297e-23
3.84028387728  4.34480633591e-23
3.99052462994  4.80041686236e-23
4.14664314697  5.22568868592e-23
4.30886938006  5.65760160741e-23
4.47744227714  6.10641195744e-23
4.65261013431  6.57278080236e-23
4.83463096161  7.05739507092e-23
5.02377286302  7.53100099946e-23
5.22031443137  7.91208532064e-23
5.42454515866  8.29763231208e-23
5.63676586253  8.69826279007e-23
5.85728912925  9.11456685534e-23
6.08643977422  9.49737358917e-23
6.32455532034  9.81676707568e-23
6.5719864952  1.01476884454e-22
6.82909774767  1.04915562215e-22
7.09626778467  1.08094359922e-22
7.37389012904  1.10738821681e-22
7.66237369911  1.13476437038e-22
7.96214341107  1.16261881103e-22
8.27364080478  1.18558470483e-22
8.59732469416  1.20789516511e-22
8.93367184302  1.23078379558e-22
9.28317766723  1.25026490391e-22
9.64635696448  1.26908488002e-22
10.0237446725  1.2878744146e-22
10.4158966572  1.30384770746e-22
10.8233905309  1.31998488151e-22
11.2468265038  1.33446598785e-22
11.6868282675  1.34784722369e-22
12.1440439138  1.36069462386e-22
12.6191468896  1.37198220793e-22
13.1128369884  1.38297344322e-22
13.6258413812  1.39260883905e-22
14.1589156877  1.40181017438e-22
14.7128450892  1.40988890126e-22
15.2884454851  1.41722571692e-22
15.8865646945  1.42375683421e-22
16.5080837054  1.42933104743e-22
17.1539179718  1.43435874342e-22
17.8250187627  1.43860437006e-22
18.5223745626  1.46253395536e-22
19.247012528  1.49420921701e-22
20  1.52712368788e-22

