0.964635696448 20 80
80
0.964635696448  0
1.00237446725  3.91881996109e-36
1.04158966572  2.61422813031e-35
1.08233905309  5.15200701156e-35
1.12468265038  7.78906964926e-35
1.16868282675  1.05293002527e-34
1.21440439138  1.33767349904e-34
1.26191468896  1.6335567935e-34
1.31128369884  1.94101572412e-34
1.36258413812  2.26050315643e-34
1.41589156877  2.59248967314e-34
1.47128450892  2.93746426722e-34
1.52884454851  3.29593506219e-34
1.58865646945  3.66843006052e-34
1.65080837054  4.05549792135e-34
1.71539179718  4.45770876863e-34
1.78250187627  4.87565503089e-34
1.85223745626  5.30995231381e-34
1.9247012528  5.76124030698e-34
2  1.18446708774e-31
2.07824460767  9.32309279141e-31
2.15955032466  1.89095601813e-30
2.2440369086  2.88710722611e-30
2.33182880236  3.92223016431e-30
2.42305531726  4.99784949661e-30
2.51785082359  6.11554953524e-30
2.61635494852  7.27697657438e-30
2.71871278176  8.48384131503e-30
2.82507508925  9.73792138474e-30
2.93559853524  1.1041063956e-29
3.05044591308  1.63368825096e-28
3.16978638492  5.11891634527e-28
3.29379573097  8.74678033028e-28
3.42265660832  1.25165747124e-27
3.55655882008  1.64338521357e-27
3.69569959484  2.05043824766e-27
3.84028387728  2.47341613422e-27
3.99052462994  4.37474628325e-27
4.14664314697  1.74355206868e-26
4.30886938006  3.33080211283e-26
4.47744227714  4.98014903546e-26
4.65261013431  6.69402220953e-26
4.83463096161  8.47494605065e-26
5.02377286302  1.39784052724e-25
5.22031443137  3.32335023284e-25
5.42454515866  5.45152336986e-25
5.63676586253  7.66295554296e-25
5.85728912925  9.96090403744e-25
6.08643977422  1.60327475211e-24
6.32455532034  2.81429136125e-24
6.5719864952  4.07984536319e-24
6.82909774767  5.39491075332e-24
7.09626778467  7.59604470215e-24
7.37389012904  1.12771812537e-23
7.66237369911  1.51241365918e-23
7.96214341107  1.9287133053e-23
8.27364080478  2.52826229749e-23
8.59732469416  3.19466506011e-23
8.93367184302  3.8907136477e-23
9.28317766723  4.6661929135e-23
9.64635696448  5.48927657572e-23
10.0237446725  6.33553480533e-23
10.4158966572  7.17309198677e-23
10.8233905309  8.03776477181e-23
11.2468265038  8.87270708613e-23
11.6868282675  9.69401080765e-23
12.1440439138  1.05068775783e-22
12.6191468896  1.12724136229e-22
13.1128369884  1.2034736431e-22
13.6258413812  1.27457052104e-22
14.1589156877  1.3446812464e-22
14.7128450892  1.41062818456e-22
15.2884454851  1.47429286871e-22
15.8865646945  1.5354059321e-22
16.5080837054  1.59301394317e-22
17.1539179718  1.64897512533e-22
17.8250187627  1.70186996097e-22
18.5223745626  1.73716658578e-22
19.247012528  1.76748604042e-22
20  1.79899166197e-22

