0.964635696448 20 80
80
0.964635696448  0
1.00237446725  2.55202682828e-30
1.04158966572  1.70233053349e-29
1.08233905309  3.3548389734e-29
1.12468265038  5.07199735059e-29
1.16868282675  6.85633491955e-29
1.21440439138  8.71047988502e-29
1.26191468896  1.06371632732e-28
1.31128369884  1.26392229543e-28
1.36258413812  1.47196078225e-28
1.41589156877  1.68813821396e-28
1.47128450892  1.91277300484e-28
1.52884454851  2.14619602625e-28
1.58865646945  2.38875109404e-28
1.65080837054  2.64079547488e-28
1.71539179718  2.90270041257e-28
1.78250187627  3.17485167481e-28
1.85223745626  3.45765012142e-28
1.9247012528  3.75151229478e-28
2  1.56701548713e-27
2.07824460767  9.62009645433e-27
2.15955032466  1.91014641513e-26
2.2440369086  2.89537647962e-26
2.33182880236  3.91915101403e-26
2.42305531726  4.98297796684e-26
2.51785082359  6.08842428093e-26
2.61635494852  7.23711820158e-26
2.71871278176  8.43075167482e-26
2.82507508925  9.67108283946e-26
2.93559853524  1.09599386168e-25
3.05044591308  2.41137408133e-25
3.16978638492  5.26691423658e-25
3.29379573097  8.2390886398e-25
3.42265660832  1.13275413531e-24
3.55655882008  1.45368214518e-24
3.69569959484  1.78716559816e-24
3.84028387728  2.13369569211e-24
3.99052462994  2.64372352239e-24
4.14664314697  4.3107252179e-24
4.30886938006  6.27893801259e-24
4.47744227714  8.32415182624e-24
4.65261013431  1.04493791161e-23
4.83463096161  1.26577501938e-23
5.02377286302  1.53846822624e-23
5.22031443137  1.98197605462e-23
5.42454515866  2.45789950887e-23
5.63676586253  2.9524421851e-23
5.85728912925  3.46633251017e-23
6.08643977422  4.01745449472e-23
6.32455532034  4.61710577044e-23
6.5719864952  5.24054964075e-23
6.82909774767  5.88838407159e-23
7.09626778467  6.527492414e-23
7.37389012904  7.13470280467e-23
7.66237369911  7.7647785719e-23
7.96214341107  8.40991083259e-23
8.27364080478  8.98352204064e-23
8.59732469416  9.55442372854e-23
8.93367184302  1.01415502998e-22
9.28317766723  1.06624214702e-22
9.64635696448  1.11741576933e-22
10.0237446725  1.16887983042e-22
10.4158966572  1.21442947577e-22
10.8233905309  1.2607309338e-22
11.2468265038  1.30357189597e-22
11.6868282675  1.34424821189e-22
12.1440439138  1.38396793878e-22
12.6191468896  1.42027161032e-22
13.1128369884  1.45615691678e-22
13.6258413812  1.48898507769e-22
14.1589156877  1.52110169686e-22
14.7128450892  1.55083341711e-22
15.2884454851  1.57925022265e-22
15.8865646945  1.60622066002e-22
16.5080837054  1.63135440536e-22
17.1539179718  1.65556749568e-22
17.8250187627  1.67817436847e-22
18.5223745626  1.68531212366e-22
19.247012528  1.68722940553e-22
20  1.68922169589e-22

