0.964635696448 20 80
80
0.964635696448  0
1.00237446725  6.41497336339e-34
1.04158966572  4.27940144949e-33
1.08233905309  8.43365811017e-33
1.12468265038  1.27504388621e-32
1.16868282675  1.72361020222e-32
1.21440439138  2.18972546594e-32
1.26191468896  2.67407623263e-32
1.31128369884  3.17737591717e-32
1.36258413812  3.7003658449e-32
1.41589156877  4.24381634348e-32
1.47128450892  4.80852787758e-32
1.52884454851  5.3953322279e-32
1.58865646945  6.0050937163e-32
1.65080837054  6.63871047892e-32
1.71539179718  7.29711578905e-32
1.78250187627  7.98127943176e-32
1.85223745626  8.69220913238e-32
1.9247012528  9.43095204074e-32
2  3.98403108698e-30
2.07824460767  3.08054784199e-29
2.15955032466  6.23975117226e-29
2.2440369086  9.52254981509e-29
2.33182880236  1.29337791039e-28
2.42305531726  1.64784635413e-28
2.51785082359  2.01618242003e-28
2.61635494852  2.39892864142e-28
2.71871278176  2.79664877677e-28
2.82507508925  3.2099286401e-28
2.93559853524  3.6393769638e-28
3.05044591308  2.40408553457e-27
3.16978638492  7.03852453539e-27
3.29379573097  1.18625817616e-26
3.42265660832  1.68753672204e-26
3.55655882008  2.20842643949e-26
3.69569959484  2.74969456273e-26
3.84028387728  3.31213834195e-26
3.99052462994  4.91974363663e-26
4.14664314697  1.43489828367e-25
4.30886938006  2.57574802211e-25
4.47744227714  3.76123043066e-25
4.65261013431  4.99309164218e-25
4.83463096161  6.2731461023e-25
5.02377286302  9.09465176596e-25
5.22031443137  1.75530880717e-24
5.42454515866  2.6862307093e-24
5.63676586253  3.65357242093e-24
5.85728912925  4.65875876891e-24
6.08643977422  6.53122046538e-24
6.32455532034  9.78061875843e-24
6.5719864952  1.31732317397e-23
6.82909774767  1.66985715569e-23
7.09626778467  2.12258589182e-23
7.37389012904  2.73732672416e-23
7.66237369911  3.37837488607e-23
7.96214341107  4.04915467459e-23
8.27364080478  4.79310039863e-23
8.59732469416  5.57834764788e-23
8.93367184302  6.39069910858e-23
9.28317766723  7.18202075186e-23
9.64635696448  7.98683268786e-23
10.0237446725  8.80339674782e-23
10.4158966572  9.56050216427e-23
10.8233905309  1.03352745055e-22
11.2468265038  1.10673026209e-22
11.6868282675  1.17747474315e-22
12.1440439138  1.24709383382e-22
12.6191468896  1.31184279203e-22
13.1128369884  1.37614678099e-22
13.6258413812  1.43570973575e-22
14.1589156877  1.49430216387e-22
14.7128450892  1.54915165374e-22
15.2884454851  1.60192367044e-22
15.8865646945  1.65238465659e-22
16.5080837054  1.6997411151e-22
17.1539179718  1.74561211504e-22
17.8250187627  1.78880849185e-22
18.5223745626  1.81052960175e-22
19.247012528  1.82542757672e-22
20  1.84090839479e-22

