0.964635696448 20 80
80
0.964635696448  0
1.00237446725  3.91955646779e-38
1.04158966572  2.6147194508e-37
1.08233905309  5.15297528459e-37
1.12468265038  7.79053353432e-37
1.16868282675  1.05312791393e-36
1.21440439138  1.33792490265e-36
1.26191468896  1.6338638057e-36
1.31128369884  1.94138052043e-36
1.36258413812  2.26092799751e-36
1.41589156877  2.59297690808e-36
1.47128450892  2.93801633701e-36
1.52884454851  3.29655450332e-36
1.58865646945  3.66911950871e-36
1.65080837054  4.05626011543e-36
1.71539179718  4.4585465546e-36
1.78250187627  4.87657136607e-36
1.85223745626  5.31095027123e-36
1.9247012528  5.76232307989e-36
2  4.72985967154e-33
2.07824460767  3.73566728186e-32
2.15955032466  7.57879200139e-32
2.2440369086  1.15722686139e-31
2.33182880236  1.57219792318e-31
2.42305531726  2.00340360893e-31
2.51785082359  2.45147905453e-31
2.61635494852  2.91708424385e-31
2.71871278176  3.40090498087e-31
2.82507508925  3.90365389975e-31
2.93559853524  4.4260715146e-31
3.05044591308  1.24629969644e-29
3.16978638492  4.00316451534e-29
3.29379573097  6.87286628589e-29
3.42265660832  9.85483740103e-29
3.55655882008  1.29534700962e-28
3.69569959484  1.61733284411e-28
3.84028387728  1.95191550624e-28
3.99052462994  4.14735699356e-28
4.14664314697  2.04405720802e-27
4.30886938006  4.02794501844e-27
4.47744227714  6.08944709054e-27
4.65261013431  8.23159987307e-27
4.83463096161  1.04575586076e-26
5.02377286302  1.9662952402e-26
5.22031443137  5.47693160066e-26
5.42454515866  9.36516872908e-26
5.63676586253  1.34055226518e-25
5.85728912925  1.76039445283e-25
6.08643977422  3.25521854879e-25
6.32455532034  6.4753158695e-25
6.5719864952  9.84196326473e-25
6.82909774767  1.33403216623e-24
7.09626778467  2.11468865664e-24
7.37389012904  3.62253718035e-24
7.66237369911  5.20027374087e-24
7.96214341107  7.0181666481e-24
8.27364080478  1.07068385959e-23
8.59732469416  1.50075988226e-23
8.93367184302  1.96043867188e-23
9.28317766723  2.62468510478e-23
9.64635696448  3.37663398046e-23
10.0237446725  4.17633543892e-23
10.4158966572  5.09224595407e-23
10.8233905309  6.05456467962e-23
11.2468265038  7.03581833924e-23
11.6868282675  8.04182801292e-23
12.1440439138  9.05224937537e-23
12.6191468896  1.00340360196e-22
13.1128369884  1.10185502964e-22
13.6258413812  1.19530794633e-22
14.1589156877  1.28790912109e-22
14.7128450892  1.37577634437e-22
15.2884454851  1.46092347514e-22
15.8865646945  1.54299161037e-22
16.5080837054  1.62062772623e-22
17.1539179718  1.69621032685e-22
17.8250187627  1.76784650314e-22
18.5223745626  1.80787765666e-22
19.247012528  1.83817085281e-22
20  1.86964918858e-22

