0.964635696448 20 80
80
0.964635696448  0
1.00237446725  1.03212286461e-35
1.04158966572  6.88524773627e-35
1.08233905309  1.35691465493e-34
1.12468265038  2.05145348825e-34
1.16868282675  2.77316428083e-34
1.21440439138  3.52311006233e-34
1.26191468896  4.30239545054e-34
1.31128369884  5.11216827849e-34
1.36258413812  5.95362128505e-34
1.41589156877  6.82799387179e-34
1.47128450892  7.73657392854e-34
1.52884454851  8.68069973033e-34
1.58865646945  9.66176190859e-34
1.65080837054  1.06812054995e-33
1.71539179718  1.17405320723e-33
1.78250187627  1.28413019411e-33
1.85223745626  1.39851364632e-33
1.9247012528  1.5173720427e-33
2  2.164568264e-31
2.07824460767  1.70032913684e-30
2.15955032466  3.44817323512e-30
2.2440369086  5.26439702128e-30
2.33182880236  7.15167566624e-30
2.42305531726  9.11278899976e-30
2.51785082359  1.1150625605e-29
2.61635494852  1.3268187073e-29
2.71871278176  1.54685924242e-29
2.82507508925  1.77550827021e-29
2.93559853524  2.01310257474e-29
3.05044591308  2.42880806042e-28
3.16978638492  7.51911903279e-28
3.29379573097  1.28177460206e-27
3.42265660832  1.83236675034e-27
3.55655882008  2.40449933193e-27
3.69569959484  2.99901505821e-27
3.84028387728  3.61678960937e-27
3.99052462994  6.13089786698e-27
4.14664314697  2.29402430564e-26
4.30886938006  4.33538403612e-26
4.47744227714  6.45660646221e-26
4.65261013431  8.66081599655e-26
4.83463096161  1.0951259286e-25
5.02377286302  1.76535293776e-25
5.22031443137  4.06347624123e-25
5.42454515866  6.60217324904e-25
5.63676586253  9.24018993253e-25
5.85728912925  1.19814119062e-24
6.08643977422  1.89614327174e-24
6.32455532034  3.27200324909e-24
6.5719864952  4.70971948286e-24
6.82909774767  6.20368248796e-24
7.09626778467  8.65189626321e-24
7.37389012904  1.26919605123e-23
7.66237369911  1.69134840256e-23
7.96214341107  2.147012526e-23
8.27364080478  2.79192668027e-23
8.59732469416  3.506628837e-23
8.93367184302  4.25256863412e-23
9.28317766723  5.07554269588e-23
9.64635696448  5.946541e-23
10.0237446725  6.84095046212e-23
10.4158966572  7.72095599263e-23
10.8233905309  8.62875118927e-23
11.2468265038  9.50333524557e-23
11.6868282675  1.03620668119e-22
12.1440439138  1.12115217524e-22
12.6191468896  1.20105833445e-22
13.1128369884  1.28063365003e-22
13.6258413812  1.35486773295e-22
14.1589156877  1.42807201677e-22
14.7128450892  1.49692617509e-22
15.2884454851  1.56338164012e-22
15.8865646945  1.62715477785e-22
16.5080837054  1.6872395439e-22
17.1539179718  1.74559239806e-22
17.8250187627  1.800735809e-22
18.5223745626  1.82805434236e-22
19.247012528  1.84651012538e-22
20  1.86568794115e-22

