0.964635696448 20000 260
260
0.964635696448  0
1.00237446725  2.13197586931e-34
1.04158966572  1.42223203567e-33
1.08233905309  2.80287299141e-33
1.12468265038  4.23752780211e-33
1.16868282675  5.72830961421e-33
1.21440439138  7.27741424532e-33
1.26191468896  8.88712341847e-33
1.31128369884  1.0559808123e-32
1.36258413812  1.22979321067e-32
1.41589156877  1.41040555051e-32
1.47128450892  1.59808386118e-32
1.52884454851  1.79310457974e-32
1.58865646945  1.99575495811e-32
1.65080837054  2.20633348615e-32
1.71539179718  2.42515033135e-32
1.78250187627  2.65252779565e-32
1.85223745626  2.88880079019e-32
1.9247012528  3.13431732862e-32
2  1.83900129286e-30
2.07824460767  1.430961167e-29
2.15955032466  2.8998448959e-29
2.2440369086  4.42619474034e-29
2.33182880236  6.01225890715e-29
2.42305531726  7.6603735582e-29
2.51785082359  9.37296625138e-29
2.61635494852  1.11525595162e-28
2.71871278176  1.30017745695e-28
2.82507508925  1.4923335176e-28
2.93559853524  1.69200716603e-28
3.05044591308  1.30381315751e-27
3.16978638492  3.88634809122e-27
3.29379573097  6.57455527741e-27
3.42265660832  9.36793132192e-27
3.55655882008  1.22705906728e-26
3.69569959484  1.52868087447e-26
3.84028387728  1.84210282164e-26
3.99052462994  2.82369241654e-26
4.14664314697  8.81750663691e-26
4.30886938006  1.60781539116e-25
4.47744227714  2.3622854435e-25
4.65261013431  3.14627210246e-25
4.83463096161  3.96093012569e-25
5.02377286302  5.9039123375e-25
5.22031443137  1.19860102006e-24
5.42454515866  1.86882601199e-24
5.63676586253  2.56527174969e-24
5.85728912925  3.28896404915e-24
6.08643977422  4.76640655288e-24
6.32455532034  7.44391656973e-24
6.5719864952  1.02402754167e-23
6.82909774767  1.31460342641e-23
7.09626778467  1.71269904595e-23
7.37389012904  2.28695094955e-23
7.66237369911  2.88618085076e-23
7.96214341107  3.5175696276e-23
8.27364080478  4.2615654076e-23
8.59732469416  5.05751701169e-23
8.93367184302  5.88251609418e-23
9.28317766723  6.70924207782e-23
9.64635696448  7.55820693377e-23
10.0237446725  8.4219326039e-23
10.4158966572  9.23397959342e-23
10.8233905309  1.00665792821e-22
11.2468265038  1.08569388014e-22
11.6868282675  1.16237161349e-22
12.1440439138  1.23790584621e-22
12.6191468896  1.30831325934e-22
13.1128369884  1.37826445556e-22
13.6258413812  1.443121567e-22
14.1589156877  1.50694897315e-22
14.7128450892  1.56675009978e-22
15.2884454851  1.62433463619e-22
15.8865646945  1.67945296848e-22
16.5080837054  1.73126282235e-22
17.1539179718  1.78149294689e-22
17.8250187627  1.828842459e-22
18.5223745626  1.85027202125e-22
19.247012528  1.86330684866e-22
20  1.87685162856e-22
20.7824460767  1.89092631145e-22
21.5955032466  1.90555162836e-22
22.440369086  1.92074912136e-22
23.3182880236  1.9365411753e-22
24.2305531726  1.95346138328e-22
25.1785082359  1.97112651893e-22
26.1635494852  1.98718705985e-22
27.1871278176  2.00170144695e-22
28.2507508925  2.01472586863e-22
29.3559853524  2.02631435894e-22
30.5044591308  2.03651889341e-22
31.6978638492  2.04538948252e-22
32.9379573097  2.05297426307e-22
34.2265660832  2.05931958767e-22
35.5655882008  2.06447011237e-22
36.9569959484  2.06846888278e-22
38.4028387728  2.07135741867e-22
39.9052462994  2.07317579737e-22
41.4664314697  2.07396273606e-22
43.0886938006  2.07375567314e-22
44.7744227714  2.07259084885e-22
46.5261013431  2.0705033853e-22
48.3463096161  2.06752736607e-22
50.2377286302  2.06369591552e-22
52.2031443137  2.05904127799e-22
54.2454515866  2.05359489698e-22
56.3676586253  2.04738749447e-22
58.5728912925  2.04044915043e-22
60.8643977422  2.03280938266e-22
63.2455532034  2.02449722693e-22
65.719864952  2.01554131758e-22
68.2909774767  2.00596996837e-22
70.9626778467  1.99581125363e-22
73.7389012904  1.9850930896e-22
76.6237369911  1.97384331571e-22
79.6214341107  1.96208977548e-22
82.7364080478  1.94986039685e-22
85.9732469416  1.93718327138e-22
89.3367184302  1.92408673165e-22
92.8317766723  1.91059942641e-22
96.4635696448  1.89675039247e-22
100.237446725  1.88256912241e-22
104.158966572  1.86808562697e-22
108.233905309  1.85333049085e-22
112.468265038  1.83833492052e-22
116.868282675  1.82313078226e-22
121.440439138  1.80775062884e-22
126.191468896  1.79222771292e-22
131.128369884  1.77659598505e-22
136.258413812  1.76089007442e-22
141.589156877  1.74514525017e-22
147.128450892  1.72939736131e-22
152.884454851  1.71368275343e-22
158.865646945  1.69803816064e-22
165.080837054  1.68250057151e-22
171.539179718  1.66710706816e-22
178.250187627  1.65189463858e-22
185.223745626  1.63689996256e-22
192.47012528  1.62215917279e-22
200  1.60873445428e-22
207.824460767  1.59458214721e-22
215.955032466  1.5807873741e-22
224.40369086  1.56738117407e-22
233.182880236  1.55439259025e-22
242.305531726  1.54184836714e-22
251.785082359  1.52977265959e-22
261.635494852  1.51818676159e-22
271.871278176  1.50710886277e-22
282.507508925  1.49655384041e-22
293.559853524  1.48653309397e-22
305.044591308  1.47705442843e-22
316.978638492  1.4681219914e-22
329.379573097  1.45973626775e-22
342.265660832  1.45189413389e-22
355.655882008  1.4445889727e-22
369.569959484  1.43781084841e-22
384.028387728  1.43154674041e-22
399.052462994  1.42578083414e-22
414.664314697  1.42049486813e-22
430.886938006  1.41566853802e-22
447.744227714  1.41127996369e-22
465.261013431  1.40730623663e-22
483.463096161  1.40372409477e-22
502.377286302  1.40051155362e-22
522.031443137  1.39781152192e-22
542.454515866  1.39573854286e-22
563.676586253  1.39428265304e-22
585.728912925  1.39343166868e-22
608.643977422  1.3874035347e-22
632.455532034  1.38821333738e-22
657.19864952  1.38954516345e-22
682.909774767  1.39140496685e-22
709.626778467  1.39379701364e-22
737.389012904  1.39672385415e-22
766.237369911  1.40018631208e-22
796.214341107  1.40418349077e-22
827.364080478  1.40871279652e-22
859.732469416  1.41376997853e-22
893.367184302  1.41934918449e-22
928.317766723  1.42544303073e-22
964.635696448  1.45333847347e-22
1002.37446725  1.46724014286e-22
1041.58966572  1.4800220591e-22
1082.33905309  1.49180780103e-22
1124.68265038  1.50270689532e-22
1168.68282675  1.51281708443e-22
1214.40439138  1.52222613154e-22
1261.91468896  1.53101326975e-22
1311.28369884  1.53925037485e-22
1362.58413812  1.54700292119e-22
1415.89156877  1.55433076585e-22
1471.28450892  1.56128879566e-22
1528.84454851  1.5655149645e-22
1588.65646945  1.57081574462e-22
1650.80837054  1.57557929412e-22
1715.39179718  1.57984595083e-22
1782.50187627  1.58365260995e-22
1852.23745626  1.58703312642e-22
1924.7012528  1.59001865896e-22
2000  1.59263796537e-22
2078.24460767  1.59491765701e-22
2159.55032466  1.59688241868e-22
2244.0369086  1.59855519919e-22
2331.82880236  1.59995737692e-22
2423.05531726  1.60110890399e-22
2517.85082359  1.60202843205e-22
2616.35494852  1.60273342225e-22
2718.71278176  1.60324024166e-22
2825.07508925  1.60356424786e-22
2935.59853524  1.60371986344e-22
3050.44591308  1.60372064168e-22
3169.78638492  1.60357932478e-22
3293.79573097  1.60330789546e-22
3422.65660832  1.60291762307e-22
3556.55882008  1.60241910486e-22
3695.69959484  1.60182230309e-22
3840.28387728  1.60113657873e-22
3990.52462994  1.60037072211e-22
4146.64314697  1.59953298104e-22
4308.86938006  1.59863108686e-22
4477.44227714  1.59767227858e-22
4652.61013431  1.5966633256e-22
4834.63096161  1.59561054912e-22
5023.77286302  1.59451984248e-22
5220.31443137  1.5933966906e-22
5424.54515866  1.59224618869e-22
5636.76586253  1.59107306026e-22
5857.28912925  1.58988167465e-22
6086.43977422  1.58867606395e-22
6324.55532034  1.58745993965e-22
6571.9864952  1.58623670867e-22
6829.09774767  1.58500948924e-22
7096.26778467  1.58378112621e-22
7373.89012904  1.58255420613e-22
7662.37369911  1.58133107188e-22
7962.14341107  1.580113837e-22
8273.64080478  1.57890439956e-22
8597.32469416  1.57770445569e-22
8933.67184302  1.57651551265e-22
9283.17766723  1.57533890152e-22
9646.35696448  1.57417578944e-22
10023.7446725  1.57302719133e-22
10415.8966572  1.57189398125e-22
10823.3905309  1.57077690318e-22
11246.8265038  1.56967658143e-22
11686.8282675  1.56859353042e-22
12144.0439138  1.5675281641e-22
12619.1468896  1.56648080482e-22
13112.8369884  1.56545169168e-22
13625.8413812  1.56444098845e-22
14158.9156877  1.563448791e-22
14712.8450892  1.56247513423e-22
15288.4454851  1.56151999856e-22
15886.5646945  1.56058331599e-22
16508.0837054  1.5596649757e-22
17153.9179718  1.55876482926e-22
17825.0187627  1.5578826954e-22
18522.3745626  1.55916637721e-22
19247.012528  1.55858519313e-22
20000  1.55801078979e-22

