0.964635696448 20 80
80
0.964635696448  0
1.00237446725  3.1808717216e-33
1.04158966572  2.12194599805e-32
1.08233905309  4.18183881252e-32
1.12468265038  6.32231937953e-32
1.16868282675  8.54654047765e-32
1.21440439138  1.08577782294e-31
1.26191468896  1.32594369266e-31
1.31128369884  1.57550540452e-31
1.36258413812  1.83483054549e-31
1.41589156877  2.10430108341e-31
1.47128450892  2.3843139296e-31
1.52884454851  2.67528152343e-31
1.58865646945  2.97763243988e-31
1.65080837054  3.29181202074e-31
1.71539179718  3.61828303062e-31
1.78250187627  3.95752633855e-31
1.85223745626  4.31004162624e-31
1.9247012528  4.67634812413e-31
2  1.27421875724e-29
2.07824460767  9.72997530118e-29
2.15955032466  1.96895116694e-28
2.2440369086  3.00386880455e-28
2.33182880236  4.07927480443e-28
2.42305531726  5.19675316457e-28
2.51785082359  6.35794985265e-28
2.61635494852  7.56457523038e-28
2.71871278176  8.81840657275e-28
2.82507508925  1.01212906859e-27
2.93559853524  1.14751466271e-27
3.05044591308  6.05334673255e-27
3.16978638492  1.71554745345e-26
3.29379573097  2.87117827e-26
3.42265660832  4.07202002648e-26
3.55655882008  5.31984147902e-26
3.69569959484  6.61648058155e-26
3.84028387728  7.96384719302e-26
3.99052462994  1.13204997887e-25
4.14664314697  2.9645436084e-25
4.30886938006  5.17667705813e-25
4.47744227714  7.4753542648e-25
4.65261013431  9.86396101958e-25
4.83463096161  1.23460155735e-24
5.02377286302  1.71872983734e-24
5.22031443137  3.06006892413e-24
5.42454515866  4.53273841984e-24
5.63676586253  6.06302213901e-24
5.85728912925  7.65317408279e-24
6.08643977422  1.0230618067e-23
6.32455532034  1.43655214013e-23
6.5719864952  1.86801701164e-23
6.82909774767  2.31636178296e-23
7.09626778467  2.84522349091e-23
7.37389012904  3.49995204818e-23
7.66237369911  4.18194034445e-23
7.96214341107  4.89007214036e-23
8.27364080478  5.6204869341e-23
8.59732469416  6.37806824119e-23
8.93367184302  7.16024249629e-23
9.28317766723  7.89934015964e-23
9.64635696448  8.64298317675e-23
10.0237446725  9.39518711474e-23
10.4158966572  1.00817176676e-22
10.8233905309  1.07827035136e-22
11.2468265038  1.14404748341e-22
11.6868282675  1.20725181414e-22
12.1440439138  1.26933451204e-22
12.6191468896  1.32683496611e-22
13.1128369884  1.38388405528e-22
13.6258413812  1.43659214591e-22
14.1589156877  1.48840885345e-22
14.7128450892  1.53686120019e-22
15.2884454851  1.58344704057e-22
15.8865646945  1.62795640052e-22
16.5080837054  1.66965826237e-22
17.1539179718  1.71000109888e-22
17.8250187627  1.74792020929e-22
18.5223745626  1.76749087503e-22
19.247012528  1.78126698434e-22
20  1.79558204679e-22

