0.964635696448 20 80
80
0.964635696448  0
1.00237446725  1.82598519818e-25
1.04158966572  6.58442500928e-25
1.08233905309  1.15635951467e-24
1.12468265038  1.67375618912e-24
1.16868282675  2.21139461346e-24
1.21440439138  2.77006669159e-24
1.26191468896  3.35059530851e-24
1.31128369884  3.95383554236e-24
1.36258413812  4.58067592393e-24
1.41589156877  5.23203974537e-24
1.47128450892  5.90888642013e-24
1.52884454851  6.61221289615e-24
1.58865646945  7.34305512426e-24
1.65080837054  8.10248958408e-24
1.71539179718  8.89163486957e-24
1.78250187627  9.7116533367e-24
1.85223745626  1.05637528154e-23
1.9247012528  1.14491883889e-23
2  1.25774599739e-23
2.07824460767  1.49715491512e-23
2.15955032466  1.76588738612e-23
2.2440369086  2.04513329051e-23
2.33182880236  2.33530393801e-23
2.42305531726  2.63682672975e-23
2.51785082359  2.95014578775e-23
2.61635494852  3.27572260915e-23
2.71871278176  3.61403674587e-23
2.82507508925  3.96558651104e-23
2.93559853524  4.33088971293e-23
3.05044591308  4.68099628206e-23
3.16978638492  5.00764304666e-23
3.29379573097  5.34694621233e-23
3.42265660832  5.69952369955e-23
3.55655882008  6.06589483035e-23
3.69569959484  6.44659924384e-23
3.84028387728  6.84219769107e-23
3.99052462994  7.23963186846e-23
4.14664314697  7.54917310088e-23
4.30886938006  7.84935451256e-23
4.47744227714  8.16127971263e-23
4.65261013431  8.48540814515e-23
4.83463096161  8.82221722869e-23
5.02377286302  9.14736772552e-23
5.22031443137  9.39320709988e-23
5.42454515866  9.64000706687e-23
5.63676586253  9.89646241716e-23
5.85728912925  1.01629508916e-22
6.08643977422  1.04026310841e-22
6.32455532034  1.05930599717e-22
6.5719864952  1.07902152559e-22
6.82909774767  1.0995083709e-22
7.09626778467  1.11825033223e-22
7.37389012904  1.13347284918e-22
7.66237369911  1.14922438262e-22
7.96214341107  1.16522340782e-22
8.27364080478  1.17812920039e-22
8.59732469416  1.19057319151e-22
8.93367184302  1.20331171163e-22
9.28317766723  1.21374033262e-22
9.64635696448  1.22364806908e-22
10.0237446725  1.23339009475e-22
10.4158966572  1.24095034412e-22
10.8233905309  1.24847554059e-22
11.2468265038  1.25495297241e-22
11.6868282675  1.26070602348e-22
12.1440439138  1.26607727128e-22
12.6191468896  1.27047488963e-22
13.1128369884  1.27460101545e-22
13.6258413812  1.27781139033e-22
14.1589156877  1.2806884619e-22
14.7128450892  1.28284639685e-22
15.2884454851  1.28455111778e-22
15.8865646945  1.28577224165e-22
16.5080837054  1.28646187307e-22
17.1539179718  1.28680943295e-22
17.8250187627  1.28669360435e-22
18.5223745626  1.29746151437e-22
19.247012528  1.31241763054e-22
20  1.32795886443e-22

