0.964635696448 20 80
80
0.964635696448  0
1.00237446725  3.66392761207e-26
1.04158966572  2.0053784328e-25
1.08233905309  3.81430199815e-25
1.12468265038  5.69399482083e-25
1.16868282675  7.64722555724e-25
1.21440439138  9.67687117998e-25
1.26191468896  1.17859212154e-24
1.31128369884  1.39774821472e-24
1.36258413812  1.62547819916e-24
1.41589156877  1.86211750525e-24
1.47128450892  2.10801468616e-24
1.52884454851  2.3635319313e-24
1.58865646945  2.62904559974e-24
1.65080837054  2.90494677459e-24
1.71539179718  3.19164183903e-24
1.78250187627  3.48955307489e-24
1.85223745626  3.79911928463e-24
1.9247012528  4.12079643769e-24
2  4.67058945491e-24
2.07824460767  6.50661211695e-24
2.15955032466  8.62106904796e-24
2.2440369086  1.08182484055e-23
2.33182880236  1.31013864814e-23
2.42305531726  1.54738461788e-23
2.51785082359  1.79391219653e-23
2.61635494852  2.05008450202e-23
2.71871278176  2.31627885828e-23
2.82507508925  2.59288735102e-23
2.93559853524  2.88031740526e-23
3.05044591308  3.20538916007e-23
3.16978638492  3.57643995482e-23
3.29379573097  3.96211701361e-23
3.42265660832  4.36288264748e-23
3.55655882008  4.77932715624e-23
3.69569959484  5.21206393361e-23
3.84028387728  5.66173037066e-23
3.99052462994  6.11613415766e-23
4.14664314697  6.49083682161e-23
4.30886938006  6.85996658819e-23
4.47744227714  7.24353756166e-23
4.65261013431  7.64211471529e-23
4.83463096161  8.05628512543e-23
5.02377286302  8.4577072045e-23
5.22031443137  8.76754840602e-23
5.42454515866  9.07941922191e-23
5.63676586253  9.40349114263e-23
5.85728912925  9.74024150349e-23
6.08643977422  1.00458460089e-22
6.32455532034  1.02936201801e-22
6.5719864952  1.05502265078e-22
6.82909774767  1.08168718662e-22
7.09626778467  1.10632360677e-22
7.37389012904  1.12679452942e-22
7.66237369911  1.14798608494e-22
7.96214341107  1.16953635389e-22
8.27364080478  1.18718578601e-22
8.59732469416  1.20429263095e-22
8.93367184302  1.22182473062e-22
9.28317766723  1.23647955858e-22
9.64635696448  1.25052914306e-22
10.0237446725  1.26451966002e-22
10.4158966572  1.27623802919e-22
10.8233905309  1.28804900633e-22
11.2468265038  1.29853580708e-22
11.6868282675  1.30813156173e-22
12.1440439138  1.3172174364e-22
12.6191468896  1.32493193892e-22
13.1128369884  1.33233444137e-22
13.6258413812  1.33854188853e-22
14.1589156877  1.34438595589e-22
14.7128450892  1.34936660584e-22
15.2884454851  1.35382872025e-22
15.8865646945  1.35772979441e-22
16.5080837054  1.36094377695e-22
17.1539179718  1.36373386725e-22
17.8250187627  1.36590149259e-22
18.5223745626  1.38511268682e-22
19.247012528  1.41097382097e-22
20  1.43784670228e-22

