0.964635696448 20 80
80
0.964635696448  0
1.00237446725  1.8846388131e-41
1.04158966572  1.25723453734e-40
1.08233905309  2.47770310342e-40
1.12468265038  3.74591921157e-40
1.16868282675  5.06375085562e-40
1.21440439138  6.43313910967e-40
1.26191468896  7.85610098705e-40
1.31128369884  9.33473241134e-40
1.36258413812  1.08712113035e-39
1.41589156877  1.24678007897e-39
1.47128450892  1.41268525348e-39
1.52884454851  1.58508102065e-39
1.58865646945  1.76422130739e-39
1.65080837054  1.95036997486e-39
1.71539179718  2.14380120706e-39
1.78250187627  2.3447999147e-39
1.85223745626  2.55366215485e-39
1.9247012528  2.77069556702e-39
2  3.23983517634e-35
2.07824460767  2.56154849804e-34
2.15955032466  5.19718910531e-34
2.2440369086  7.93594204522e-34
2.33182880236  1.07818413098e-33
2.42305531726  1.373907871e-33
2.51785082359  1.68120100504e-33
2.61635494852  2.00051615443e-33
2.71871278176  2.33232364811e-33
2.82507508925  2.67711221538e-33
2.93559853524  3.03538970574e-33
3.05044591308  3.10632517375e-31
3.16978638492  1.01738485944e-30
3.29379573097  1.75306610197e-30
3.42265660832  2.51752888959e-30
3.55655882008  3.31189922267e-30
3.69569959484  4.13734715327e-30
3.84028387728  4.99508850861e-30
3.99052462994  5.78587927851e-30
4.14664314697  5.84544641202e-30
4.30886938006  5.74915366106e-30
4.47744227714  5.64909371583e-30
4.65261013431  5.54511919503e-30
4.83463096161  5.43707695143e-30
5.02377286302  5.32480784636e-30
5.22031443137  5.20814651524e-30
5.42454515866  5.08692112408e-30
5.63676586253  4.96095311633e-30
5.85728912925  4.83005694992e-30
6.08643977422  4.69403982391e-30
6.32455532034  4.55270139456e-30
6.5719864952  4.40583348025e-30
6.82909774767  4.25321975476e-30
7.09626778467  4.09463542874e-30
7.37389012904  3.92984691853e-30
7.66237369911  3.75861150215e-30
7.96214341107  3.58067696179e-30
8.27364080478  3.39578121228e-30
8.59732469416  3.20365191508e-30
8.93367184302  3.00400607713e-30
9.28317766723  2.79654963406e-30
9.64635696448  2.58097701699e-30
10.0237446725  3.54919467719e-25
10.4158966572  6.21650558434e-24
10.8233905309  1.2307410454e-23
11.2468265038  1.86366055545e-23
11.6868282675  2.52134133489e-23
12.1440439138  3.2047521016e-23
12.6191468896  3.91489947197e-23
13.1128369884  4.65282944353e-23
13.6258413812  5.41962893565e-23
14.1589156877  6.21642739049e-23
14.7128450892  7.04439843656e-23
15.2884454851  7.90476161747e-23
15.8865646945  8.79878418815e-23
16.5080837054  9.72778298148e-23
17.1539179718  1.06931263479e-22
17.8250187627  1.16962361707e-22
18.5223745626  1.27385899609e-22
19.247012528  1.38217230327e-22
20  1.49472307656e-22

