9.64635696448e-05 20 320
320
9.64635696448e-05  0
0.000100237446725  7.96371476155e-43
0.000104158966572  5.31256024979e-42
0.000108233905309  1.04697625042e-41
0.000112468265038  1.58287263922e-41
0.000116868282675  2.13973452936e-41
0.000121440439138  2.71838213956e-41
0.000126191468896  3.31966777739e-41
0.000131128369884  3.94447709462e-41
0.000136258413812  4.59373039181e-41
0.000141589156877  5.26838397375e-41
0.000147128450892  5.96943155811e-41
0.000152884454851  6.69790573907e-41
0.000158865646945  7.45487950827e-41
0.000165080837054  8.24146783527e-41
0.000171539179718  9.05882930979e-41
0.000178250187627  9.90816784825e-41
0.000185223745626  1.07907344671e-40
0.00019247012528  1.17078291253e-40
0.0002  1.26608026394e-40
0.000207824460767  1.36510586729e-40
0.000215955032466  1.46800558038e-40
0.00022440369086  1.57493096731e-40
0.000233182880236  1.68603952171e-40
0.000242305531726  1.80149489874e-40
0.000251785082359  1.92146715611e-40
0.000261635494852  2.04613300458e-40
0.000271871278176  2.17567606826e-40
0.000282507508925  2.31028715503e-40
0.000293559853524  2.45016453764e-40
0.000305044591308  2.59551424571e-40
0.000316978638492  2.74655036922e-40
0.000329379573097  2.90349537384e-40
0.000342265660832  3.06658042862e-40
0.000355655882008  3.23604574647e-40
0.000369569959484  3.41214093797e-40
0.000384028387728  3.59512537905e-40
0.000399052462994  3.78526859304e-40
0.000414664314697  3.98285064762e-40
0.000430886938006  4.18816256736e-40
0.000447744227714  4.40150676242e-40
0.000465261013431  4.62319747389e-40
0.000483463096161  4.85356123674e-40
0.000502377286302  5.09293736071e-40
0.000522031443137  5.34167843013e-40
0.000542454515866  5.60015082324e-40
0.000563676586253  5.86873525185e-40
0.000585728912925  6.14782732209e-40
0.000608643977422  6.43783811709e-40
0.000632455532034  6.73919480253e-40
0.00065719864952  7.05234125578e-40
0.000682909774767  7.37773871972e-40
0.000709626778467  7.71586648211e-40
0.000737389012904  8.06722258156e-40
0.000766237369911  8.43232454108e-40
0.000796214341107  8.81171013039e-40
0.000827364080478  9.205938158e-40
0.000859732469416  9.61558929429e-40
0.000893367184302  1.00412669268e-39
0.000928317766723  1.0483598049e-39
0.000964635696448  1.09432341837e-39
0.00100237446725  1.24788575609e-30
0.00104158966572  8.32459280316e-30
0.00108233905309  1.64057451567e-29
0.00112468265038  2.48030508079e-29
0.00116868282675  3.35288784022e-29
0.00121440439138  4.25960804748e-29
0.00126191468896  5.20180123819e-29
0.00131128369884  6.18085519718e-29
0.00136258413812  7.19821200262e-29
0.00141589156877  8.25537015011e-29
0.00147128450892  9.35388675985e-29
0.00152884454851  1.04953798702e-28
0.00158865646945  1.16815308208e-28
0.00165080837054  1.29140867293e-28
0.00171539179718  1.41948630645e-28
0.00178250187627  1.55257463206e-28
0.00185223745626  1.69086967959e-28
0.0019247012528  1.83457514799e-28
0.002  1.98390270538e-28
0.00207824460767  2.13907230085e-28
0.00215955032466  2.30031248837e-28
0.0022440369086  2.4678607635e-28
0.00233182880236  2.64196391316e-28
0.00242305531726  2.82287837914e-28
0.00251785082359  3.01087063582e-28
0.00261635494852  3.20621758269e-28
0.00271871278176  3.40920695217e-28
0.00282507508925  3.62013773343e-28
0.00293559853524  3.83932061281e-28
0.00305044591308  4.06707843139e-28
0.00316978638492  4.30374666055e-28
0.00329379573097  4.54967389608e-28
0.00342265660832  4.80522237164e-28
0.00355655882008  5.07076849231e-28
0.00369569959484  5.34670338899e-28
0.00384028387728  5.63343349453e-28
0.00399052462994  5.93138114239e-28
0.00414664314697  6.24098518865e-28
0.00430886938006  6.56270165847e-28
0.00447744227714  6.89700441778e-28
0.00465261013431  7.24438587121e-28
0.00483463096161  7.60535768741e-28
0.00502377286302  7.98045155268e-28
0.00522031443137  8.37021995411e-28
0.00542454515866  8.77523699336e-28
0.00563676586253  9.19609923229e-28
0.00585728912925  9.6334265716e-28
0.00608643977422  1.0087863164e-27
0.00632455532034  1.05600783627e-27
0.0065719864952  1.1050767708e-27
0.00682909774767  1.1560653951e-27
0.00709626778467  1.20904881184e-27
0.00737389012904  1.26410506191e-27
0.00766237369911  1.32131523933e-27
0.00796214341107  1.38076361069e-27
0.00827364080478  1.4425377393e-27
0.00859732469416  1.50672861413e-27
0.00893367184302  1.57343078387e-27
0.00928317766723  1.64274249617e-27
0.00964635696448  1.71476584233e-27
0.0100237446725  2.11695268254e-27
0.0104158966572  4.05108567063e-27
0.0108233905309  6.2517475635e-27
0.0112468265038  8.53850441958e-27
0.0116868282675  1.09147244722e-26
0.0121440439138  1.33839077276e-26
0.0126191468896  1.59496911207e-26
0.0131128369884  1.86158538712e-26
0.0136258413812  2.13863230509e-26
0.0141589156877  2.42651793676e-26
0.0147128450892  2.72566631758e-26
0.0152884454851  3.03651807225e-26
0.0158865646945  3.35953106371e-26
0.0165080837054  3.69518106757e-26
0.0171539179718  4.04396247286e-26
0.0178250187627  4.40638901026e-26
0.0185223745626  4.78299450878e-26
0.019247012528  5.17433368203e-26
0.02  5.70612829885e-26
0.0207824460767  6.9930715355e-26
0.0215955032466  8.45032538077e-26
0.022440369086  9.96459035374e-26
0.0233182880236  1.15380968611e-25
0.0242305531726  1.31731625681e-25
0.0251785082359  1.48721958124e-25
0.0261635494852  1.66376991516e-25
0.0271871278176  1.84722730489e-25
0.0282507508925  2.03786197035e-25
0.0293559853524  2.23595470312e-25
0.0305044591308  2.50339746036e-25
0.0316978638492  2.85892303396e-25
0.0329379573097  3.22861405742e-25
0.0342265660832  3.61276824543e-25
0.0355655882008  4.0119514303e-25
0.0369569959484  4.42675158102e-25
0.0384028387728  4.85777966926e-25
0.0399052462994  5.31830272996e-25
0.0414664314697  5.89263389129e-25
0.0430886938006  6.50931618032e-25
0.0447744227714  7.15012450123e-25
0.0465261013431  7.81600271997e-25
0.0483463096161  8.50793162871e-25
0.0502377286302  9.24566229662e-25
0.0522031443137  1.00816691066e-24
0.0542454515866  1.09569120794e-24
0.0563676586253  1.18663965737e-24
0.0585728912925  1.28114621967e-24
0.0608643977422  1.38156439237e-24
0.0632455532034  1.48939776245e-24
0.065719864952  1.60149285597e-24
0.0682909774767  1.71797336781e-24
0.0709626778467  1.83991179741e-24
0.0737389012904  1.96812537474e-24
0.0766237369911  2.10137849921e-24
0.0796214341107  2.23981670896e-24
0.0827364080478  2.38338768616e-24
0.0859732469416  2.53250186548e-24
0.0893367184302  2.68733428095e-24
0.0928317766723  2.84653813503e-24
0.0964635696448  3.01141275201e-24
0.100237446725  3.18042488692e-24
0.104158966572  3.34533685699e-24
0.108233905309  3.5153520947e-24
0.112468265038  3.69201872019e-24
0.116868282675  3.87559695108e-24
0.121440439138  4.0663571853e-24
0.126191468896  4.26458039936e-24
0.131128369884  4.47055856224e-24
0.136258413812  4.68459506538e-24
0.141589156877  4.90700516963e-24
0.147128450892  5.13811638572e-24
0.152884454851  5.3591295284e-24
0.158865646945  5.56977299193e-24
0.165080837054  5.78865731304e-24
0.171539179718  6.01610489307e-24
0.178250187627  6.25245074642e-24
0.185223745626  6.49804299406e-24
0.19247012528  6.75324337624e-24
0.2  7.01297521337e-24
0.207824460767  7.25087307343e-24
0.215955032466  7.49285129368e-24
0.22440369086  7.74429625938e-24
0.233182880236  8.00557833144e-24
0.242305531726  8.2770823601e-24
0.251785082359  8.54904679931e-24
0.261635494852  8.80126927392e-24
0.271871278176  9.06131793767e-24
0.282507508925  9.33154030425e-24
0.293559853524  9.61233439236e-24
0.305044591308  9.88584698892e-24
0.316978638492  1.01470427852e-23
0.329379573097  1.04183811095e-23
0.342265660832  1.07003348142e-23
0.355655882008  1.09762746262e-23
0.369569959484  1.12401640087e-23
0.384028387728  1.15142573736e-23
0.399052462994  1.17952868733e-23
0.414664314697  1.20585933429e-23
0.430886938006  1.23262404996e-23
0.447744227714  1.26017741938e-23
0.465261013431  1.28610542506e-23
0.483463096161  1.312326579e-23
0.502377286302  1.3388761497e-23
0.522031443137  1.36388000445e-23
0.542454515866  1.38958340401e-23
0.563676586253  1.41420282469e-23
0.585728912925  1.43856243768e-23
0.608643977422  1.46264800731e-23
0.632455532034  1.48574376379e-23
0.65719864952  1.50877722709e-23
0.682909774767  1.53071810331e-23
0.709626778467  1.55239808759e-23
0.737389012904  1.57316005336e-23
0.766237369911  1.59322306843e-23
0.796214341107  1.61272445918e-23
0.827364080478  1.63114187943e-23
0.859732469416  1.64905322037e-23
0.893367184302  1.66602923111e-23
0.928317766723  1.68205851026e-23
0.964635696448  1.69737156284e-23
1.00237446725  1.71165818782e-23
1.04158966572  1.72446202463e-23
1.08233905309  1.73750300716e-23
1.12468265038  1.74975419062e-23
1.16868282675  1.76153760126e-23
1.21440439138  1.77329243867e-23
1.26191468896  1.78455220793e-23
1.31128369884  1.79584885404e-23
1.36258413812  1.80659885991e-23
1.41589156877  1.81749370653e-23
1.47128450892  1.82835192684e-23
1.52884454851  1.8389084218e-23
1.58865646945  1.84911263437e-23
1.65080837054  1.85891137397e-23
1.71539179718  1.86865608351e-23
1.78250187627  1.8782948908e-23
1.85223745626  1.88746311299e-23
1.9247012528  1.89618553251e-23
2  1.90424212714e-23
2.07824460767  1.9115300111e-23
2.15955032466  1.91755273634e-23
2.2440369086  1.92240820523e-23
2.33182880236  1.92629990292e-23
2.42305531726  1.92944394626e-23
2.51785082359  1.9320178985e-23
2.61635494852  1.93394549106e-23
2.71871278176  1.93503410805e-23
2.82507508925  1.93522622855e-23
2.93559853524  1.93447616155e-23
3.05044591308  1.93269656134e-23
3.16978638492  1.93027964503e-23
3.29379573097  1.92709095381e-23
3.42265660832  1.92329558027e-23
3.55655882008  1.91866987017e-23
3.69569959484  1.91317319221e-23
3.84028387728  1.90693312376e-23
3.99052462994  1.8999358679e-23
4.14664314697  1.89218668096e-23
4.30886938006  1.88403847065e-23
4.47744227714  1.87549632245e-23
4.65261013431  1.86583380175e-23
4.83463096161  1.85558351566e-23
5.02377286302  1.84469698227e-23
5.22031443137  1.83251284666e-23
5.42454515866  1.81976295754e-23
5.63676586253  1.80609796385e-23
5.85728912925  1.79165471206e-23
6.08643977422  1.77672531446e-23
6.32455532034  1.76133609133e-23
6.5719864952  1.74536517997e-23
6.82909774767  1.72880932394e-23
7.09626778467  1.71120017193e-23
7.37389012904  1.6922248832e-23
7.66237369911  1.67313274452e-23
7.96214341107  1.65401626454e-23
8.27364080478  1.63640872632e-23
8.59732469416  1.61959566473e-23
8.93367184302  1.60420687045e-23
9.28317766723  1.59185773958e-23
9.64635696448  1.58189772734e-23
10.0237446725  1.5752898371e-23
10.4158966572  1.57455e-23
10.8233905309  1.57455e-23
11.2468265038  1.57455e-23
11.6868282675  1.57455e-23
12.1440439138  1.57455e-23
12.6191468896  1.57455e-23
13.1128369884  1.57455e-23
13.6258413812  1.57455e-23
14.1589156877  1.57455e-23
14.7128450892  1.57455e-23
15.2884454851  1.57455e-23
15.8865646945  1.57455e-23
16.5080837054  1.57455e-23
17.1539179718  1.57455e-23
17.8250187627  1.57455e-23
18.5223745626  1.60747121241e-23
19.247012528  1.65313951652e-23
20  1.7005944699e-23

