0.964635696448 20 80
80
0.964635696448  0
1.00237446725  2.33622671842e-26
1.04158966572  1.36274516969e-25
1.08233905309  2.62223778912e-25
1.12468265038  3.93100466148e-25
1.16868282675  5.29097350908e-25
1.21440439138  6.70414747114e-25
1.26191468896  8.17260805431e-25
1.31128369884  9.69851819859e-25
1.36258413812  1.12841254632e-24
1.41589156877  1.29317653369e-24
1.47128450892  1.46438646784e-24
1.52884454851  1.64229452905e-24
1.58865646945  1.82716276349e-24
1.65080837054  2.01926346916e-24
1.71539179718  2.21887959701e-24
1.78250187627  2.42630516766e-24
1.85223745626  2.64184570452e-24
1.9247012528  2.86581868374e-24
2  3.29571347541e-24
2.07824460767  4.89934380938e-24
2.15955032466  6.75470591622e-24
2.2440369086  8.68265406312e-24
2.33182880236  1.06860279832e-23
2.42305531726  1.27677785065e-23
2.51785082359  1.49309719062e-23
2.61635494852  1.71787944154e-23
2.71871278176  1.95145569198e-23
2.82507508925  2.19416998346e-23
2.93559853524  2.44637981719e-23
3.05044591308  2.75366110931e-23
3.16978638492  3.12992418441e-23
3.29379573097  3.52109574502e-23
3.42265660832  3.92757083828e-23
3.55655882008  4.34994817364e-23
3.69569959484  4.78884988345e-23
3.84028387728  5.2449224393e-23
3.99052462994  5.70764770389e-23
4.14664314697  6.10362132339e-23
4.30886938006  6.49747437127e-23
4.47744227714  6.90673585776e-23
4.65261013431  7.33200859646e-23
4.83463096161  7.77391898447e-23
5.02377286302  8.2028886534e-23
5.22031443137  8.53662064765e-23
5.42454515866  8.87287155381e-23
5.63676586253  9.2222773701e-23
5.85728912925  9.58535274689e-23
6.08643977422  9.91714492998e-23
6.32455532034  1.01902933877e-22
6.5719864952  1.04732440178e-22
6.82909774767  1.07672643284e-22
7.09626778467  1.103852659e-22
7.37389012904  1.12631827019e-22
7.66237369911  1.14957328237e-22
7.96214341107  1.17322115689e-22
8.27364080478  1.19258047022e-22
8.59732469416  1.21134198064e-22
8.93367184302  1.23057693744e-22
9.28317766723  1.24675967153e-22
9.64635696448  1.26231703403e-22
10.0237446725  1.27782521629e-22
10.4158966572  1.29089320016e-22
10.8233905309  1.30407679549e-22
11.2468265038  1.31579888499e-22
11.6868282675  1.32653908744e-22
12.1440439138  1.33674536237e-22
12.6191468896  1.3454898564e-22
13.1128369884  1.35393470974e-22
13.6258413812  1.36116150688e-22
14.1589156877  1.36802296019e-22
14.7128450892  1.37398124501e-22
15.2884454851  1.37936261106e-22
15.8865646945  1.38411536255e-22
16.5080837054  1.38807513862e-22
17.1539179718  1.39154974704e-22
17.8250187627  1.39431025642e-22
18.5223745626  1.42364403298e-22
19.247012528  1.463337418e-22
20  1.50458369969e-22

