0.709626778467 20 88
88
0.709626778467  0
0.737389012904  1.72618056407e-27
0.766237369911  5.49886603441e-25
0.796214341107  1.5553431187e-24
0.827364080478  2.60013540924e-24
0.859732469416  3.68580238122e-24
0.893367184302  4.81394314634e-24
0.928317766723  5.98621937724e-24
0.964635696448  7.20435775502e-24
1.00237446725  8.47015254069e-24
1.04158966572  9.78546826497e-24
1.08233905309  1.11522421871e-23
1.12468265038  1.25724874538e-23
1.16868282675  1.40482959874e-23
1.21440439138  1.55818415509e-23
1.26191468896  1.71753829498e-23
1.31128369884  1.88312673595e-23
1.36258413812  2.05519337822e-23
1.41589156877  2.23399166395e-23
1.47128450892  2.41978495054e-23
1.52884454851  2.61284689854e-23
1.58865646945  2.81346187473e-23
1.65080837054  3.02192537097e-23
1.71539179718  3.23854443944e-23
1.78250187627  3.46363814494e-23
1.85223745626  3.69753803476e-23
1.9247012528  3.94058862715e-23
2  4.18203644983e-23
2.07824460767  4.36772899827e-23
2.15955032466  4.55003498272e-23
2.2440369086  4.73947319729e-23
2.33182880236  4.93632267124e-23
2.42305531726  5.14087335013e-23
2.51785082359  5.35342652282e-23
2.61635494852  5.57429526532e-23
2.71871278176  5.80380490187e-23
2.82507508925  6.04229348415e-23
2.93559853524  6.29011228921e-23
3.05044591308  6.50130412914e-23
3.16978638492  6.66238958233e-23
3.29379573097  6.82958420855e-23
3.42265660832  7.00331987374e-23
3.55655882008  7.1838524784e-23
3.69569959484  7.37144793449e-23
3.84028387728  7.566382557e-23
3.99052462994  7.7621249854e-23
4.14664314697  7.91381981246e-23
4.30886938006  8.06071756172e-23
4.47744227714  8.21336228937e-23
4.65261013431  8.37197883042e-23
4.83463096161  8.53680081599e-23
5.02377286302  8.70077443676e-23
5.22031443137  8.84412430281e-23
5.42454515866  8.99053887168e-23
5.63676586253  9.1426815158e-23
5.85728912925  9.30077633067e-23
6.08643977422  9.44999308455e-23
6.32455532034  9.58132935176e-23
6.5719864952  9.71751105363e-23
6.82909774767  9.85902049742e-23
7.09626778467  9.99062138292e-23
7.37389012904  1.0101576733e-22
7.66237369911  1.02164694222e-22
7.96214341107  1.03348338548e-22
8.27364080478  1.04475097709e-22
8.59732469416  1.05619115941e-22
8.93367184302  1.06784817216e-22
9.28317766723  1.0765918261e-22
9.64635696448  1.08456306694e-22
10.0237446725  1.09211909679e-22
10.4158966572  1.09660309391e-22
10.8233905309  1.10082832441e-22
11.2468265038  1.1035392854e-22
11.6868282675  1.10513270887e-22
12.1440439138  1.10619567189e-22
12.6191468896  1.1061439139e-22
13.1128369884  1.10576811707e-22
13.6258413812  1.10461580072e-22
14.1589156877  1.10346611213e-22
14.7128450892  1.10245224375e-22
15.2884454851  1.10050348114e-22
15.8865646945  1.09756395343e-22
16.5080837054  1.09423550833e-22
17.1539179718  1.09090717981e-22
17.8250187627  1.08795575747e-22
18.5223745626  1.08577616295e-22
19.247012528  1.08369004027e-22
20  1.08152230366e-22

