0.964635696448 20 80
80
0.964635696448  0
1.00237446725  1.69454821339e-29
1.04158966572  1.13012652124e-28
1.08233905309  2.22710080335e-28
1.12468265038  3.36699124661e-28
1.16868282675  4.55147683014e-28
1.21440439138  5.78230221856e-28
1.26191468896  7.06128033178e-28
1.31128369884  8.39029501535e-28
1.36258413812  9.77130381518e-28
1.41589156877  1.12063408609e-27
1.47128450892  1.26975198619e-27
1.52884454851  1.42470372208e-27
1.58865646945  1.58571752687e-27
1.65080837054  1.75303056265e-27
1.71539179718  1.92688926985e-27
1.78250187627  2.10754973022e-27
1.85223745626  2.29527804401e-27
1.9247012528  2.49035072193e-27
2  6.85326620945e-27
2.07824460767  3.57986771733e-26
2.15955032466  6.9864414129e-26
2.2440369086  1.05262881196e-25
2.33182880236  1.42046217848e-25
2.42305531726  1.80268603371e-25
2.51785082359  2.19986336675e-25
2.61635494852  2.61257919208e-25
2.71871278176  3.04144141133e-25
2.82507508925  3.48708170863e-25
2.93559853524  3.95015648104e-25
3.05044591308  7.16731318236e-25
3.16978638492  1.39578092793e-24
3.29379573097  2.10253563306e-24
3.42265660832  2.8369402105e-24
3.55655882008  3.60007638695e-24
3.69569959484  4.39306820877e-24
3.84028387728  5.21708369758e-24
3.99052462994  6.2889274792e-24
4.14664314697  9.03755919067e-24
4.30886938006  1.22330458541e-23
4.47744227714  1.55535473177e-23
4.65261013431  1.90039544484e-23
4.83463096161  2.25893494553e-23
5.02377286302  2.66275931578e-23
5.22031443137  3.19821423846e-23
5.42454515866  3.76551343499e-23
5.63676586253  4.35500668306e-23
5.85728912925  4.96756226509e-23
6.08643977422  5.58345871365e-23
6.32455532034  6.1909765592e-23
6.5719864952  6.82186109222e-23
6.82909774767  7.47742728162e-23
7.09626778467  8.10885779908e-23
7.37389012904  8.68184945405e-23
7.66237369911  9.27595729597e-23
7.96214341107  9.8832843422e-23
8.27364080478  1.04132729129e-22
8.59732469416  1.09377176816e-22
8.93367184302  1.14768346869e-22
9.28317766723  1.19516856943e-22
9.64635696448  1.24168806251e-22
10.0237446725  1.28841915096e-22
10.4158966572  1.32952883487e-22
10.8233905309  1.37127906828e-22
11.2468265038  1.40975792484e-22
11.6868282675  1.44616897184e-22
12.1440439138  1.48166146147e-22
12.6191468896  1.51397218974e-22
13.1128369884  1.5458680823e-22
13.6258413812  1.57494052133e-22
14.1589156877  1.6033429001e-22
14.7128450892  1.62956221235e-22
15.2884454851  1.65457530787e-22
15.8865646945  1.67826338594e-22
16.5080837054  1.70027374609e-22
17.1539179718  1.72142870344e-22
17.8250187627  1.74110583468e-22
18.5223745626  1.7393685434e-22
19.247012528  1.73000292317e-22
20  1.72027089829e-22

