0.964635696448 20 80
80
0.964635696448  0
1.00237446725  3.7237808095e-27
1.04158966572  2.41694844374e-26
1.08233905309  4.74033635326e-26
1.12468265038  7.1546205505e-26
1.16868282675  9.66335710764e-26
1.21440439138  1.22702412186e-25
1.26191468896  1.49791126419e-25
1.31128369884  1.77939613559e-25
1.36258413812  2.07189334367e-25
1.41589156877  2.37583371639e-25
1.47128450892  2.69166493672e-25
1.52884454851  3.01985220201e-25
1.58865646945  3.36087890921e-25
1.65080837054  3.71524736686e-25
1.71539179718  4.08347953499e-25
1.78250187627  4.46611779387e-25
1.85223745626  4.86372574298e-25
1.9247012528  5.27688903108e-25
2  6.6838977267e-25
2.07824460767  1.38829139236e-24
2.15955032466  2.23007627788e-24
2.2440369086  3.10479372745e-24
2.33182880236  4.01373213886e-24
2.42305531726  4.95823031496e-24
2.51785082359  5.93967943568e-24
2.61635494852  6.9595251071e-24
2.71871278176  8.01926949074e-24
2.82507508925  9.12047351615e-24
2.93559853524  1.026475918e-23
3.05044591308  1.23436074086e-23
3.16978638492  1.56249794435e-23
3.29379573097  1.90384309468e-23
3.42265660832  2.25854245369e-23
3.55655882008  2.62711846879e-23
3.69569959484  3.01011402674e-23
3.84028387728  3.40809325327e-23
3.99052462994  3.82248664505e-23
4.14664314697  4.25949450945e-23
4.30886938006  4.71492798784e-23
4.47744227714  5.18817907315e-23
4.65261013431  5.6799448312e-23
4.83463096161  6.19094959866e-23
5.02377286302  6.69495085743e-23
5.22031443137  7.11863430695e-23
5.42454515866  7.54948312608e-23
5.63676586253  7.99718774361e-23
5.85728912925  8.46240759722e-23
6.08643977422  8.89313799542e-23
6.32455532034  9.25775455324e-23
6.5719864952  9.63561175199e-23
6.82909774767  1.00282515949e-22
7.09626778467  1.03927873799e-22
7.37389012904  1.06989942124e-22
7.66237369911  1.10160450485e-22
7.96214341107  1.13389444394e-22
8.27364080478  1.16083607108e-22
8.59732469416  1.18711319519e-22
8.93367184302  1.2140828348e-22
9.28317766723  1.23720823307e-22
9.64635696448  1.25961781081e-22
10.0237446725  1.28201399988e-22
10.4158966572  1.30116356923e-22
10.8233905309  1.32052744867e-22
11.2468265038  1.33805138387e-22
11.6868282675  1.3543685685e-22
12.1440439138  1.37011818779e-22
12.6191468896  1.3841316931e-22
13.1128369884  1.39781897858e-22
13.6258413812  1.40991928326e-22
14.1589156877  1.42152433145e-22
14.7128450892  1.43181152516e-22
15.2884454851  1.4412930634e-22
15.8865646945  1.44990408195e-22
16.5080837054  1.45752281575e-22
17.1539179718  1.46459180726e-22
17.8250187627  1.4708361798e-22
18.5223745626  1.51074439307e-22
19.247012528  1.56388024511e-22
20  1.61909489409e-22

