0.0019247012528 20000 422
422
0.0019247012528  0
0.002  9.75150680971e-55
0.00207824460767  7.71056287973e-54
0.00215955032466  1.56442444683e-53
0.0022440369086  2.38883099586e-53
0.00233182880236  3.24549022838e-53
0.00242305531726  4.13566394368e-53
0.00251785082359  5.06066330553e-53
0.00261635494852  6.02185077346e-53
0.00271871278176  7.02064210956e-53
0.00282507508925  8.05850846378e-53
0.00293559853524  9.13697854084e-53
0.00305044591308  1.12847389083e-49
0.00316978638492  3.72079759019e-49
0.00329379573097  6.41923305856e-49
0.00342265660832  9.22323753921e-49
0.00355655882008  1.21369411351e-48
0.00369569959484  1.51646355284e-48
0.00384028387728  1.83107803016e-48
0.00399052462994  3.23288852861e-47
0.00414664314697  2.9280972152e-46
0.00430886938006  6.10967629091e-46
0.00447744227714  9.41572606989e-46
0.00465261013431  1.28511161328e-45
0.00483463096161  1.64209065696e-45
0.00502377286302  1.31867490154e-44
0.00522031443137  6.6589248855e-44
0.00542454515866  1.25975959755e-43
0.00563676586253  1.87686015603e-43
0.00585728912925  2.51810311005e-43
0.00608643977422  1.54333236869e-42
0.00632455532034  4.8140791865e-42
0.0065719864952  8.23659017878e-42
0.00682909774767  1.1792997686e-41
0.00709626778467  1.24831373019e-39
0.00737389012904  4.59213661705e-39
0.00766237369911  8.09898480964e-39
0.00796214341107  1.17430289827e-38
0.00827364080478  1.55296365591e-38
0.00859732469416  1.94643849477e-38
0.00893367184302  2.35530697582e-38
0.00928317766723  2.78017133381e-38
0.00964635696448  3.22165736431e-38
0.0100237446725  7.20007275533e-37
0.0104158966572  4.59919018249e-36
0.0108233905309  9.02848185949e-36
0.0112468265038  1.36310576312e-35
0.0116868282675  1.84136967708e-35
0.0121440439138  2.33834437718e-35
0.0126191468896  2.85476187251e-35
0.0131128369884  3.39138280999e-35
0.0136258413812  3.94899759483e-35
0.0141589156877  4.52842755471e-35
0.0147128450892  5.13062694975e-35
0.0152884454851  2.87708143887e-34
0.0158865646945  7.62018420815e-34
0.0165080837054  1.25488480851e-33
0.0171539179718  1.76703326477e-33
0.0178250187627  2.29921814855e-33
0.0185223745626  2.85222333105e-33
0.019247012528  3.42686335032e-33
0.02  1.87880185901e-30
0.0207824460767  1.47621454147e-29
0.0215955032466  2.99248294507e-29
0.022440369086  4.56807126185e-29
0.0233182880236  6.20530022348e-29
0.0242305531726  7.906581354e-29
0.0251785082359  9.67660993301e-29
0.0261635494852  1.15224322528e-28
0.0271871278176  1.34409072252e-28
0.0282507508925  1.54344373583e-28
0.0293559853524  1.75059589831e-28
0.0305044591308  1.97094781661e-28
0.0316978638492  2.20634102076e-28
0.0329379573097  2.45096456426e-28
0.0342265660832  2.70515834435e-28
0.0355655882008  2.96929677073e-28
0.0369569959484  3.24376890089e-28
0.0384028387728  3.52897901312e-28
0.0399052462994  3.83455660859e-28
0.0414664314697  4.22192527557e-28
0.0430886938006  4.63894353672e-28
0.0447744227714  5.07227651299e-28
0.0465261013431  5.52256247362e-28
0.0483463096161  5.99046465841e-28
0.0502377286302  7.89900547222e-28
0.0522031443137  1.51529221782e-27
0.0542454515866  2.31864319926e-27
0.0563676586253  3.15342312187e-27
0.0585728912925  4.02086155826e-27
0.0608643977422  4.95940280843e-27
0.0632455532034  5.99318412909e-27
0.065719864952  7.0681316689e-27
0.0682909774767  8.18513363298e-27
0.0709626778467  1.15495982068e-26
0.0737389012904  1.87261664971e-26
0.0766237369911  2.62410714294e-26
0.0796214341107  3.40736070468e-26
0.0827364080478  4.24509042449e-26
0.0859732469416  5.12178901113e-26
0.0893367184302  6.03511844061e-26
0.0928317766723  7.01823880452e-26
0.0964635696448  8.05108678153e-26
0.100237446725  9.56493776957e-26
0.104158966572  1.31787803776e-25
0.108233905309  1.71908970874e-25
0.112468265038  2.13599770461e-25
0.116868282675  2.56921610177e-25
0.121440439138  3.02547278473e-25
0.126191468896  3.51145794227e-25
0.131128369884  4.01676596468e-25
0.136258413812  4.54184280106e-25
0.141589156877  5.09442370828e-25
0.147128450892  5.68300540786e-25
0.152884454851  6.50865806239e-25
0.158865646945  7.57998970235e-25
0.165080837054  8.70933992948e-25
0.171539179718  9.88806725247e-25
0.178250187627  1.111355619e-24
0.185223745626  1.24011056701e-24
0.19247012528  1.37447904209e-24
0.2  1.51201063706e-24
0.207824460767  1.64263720112e-24
0.215955032466  1.77636720341e-24
0.22440369086  1.91532903148e-24
0.233182880236  2.05972736641e-24
0.242305531726  2.20977489687e-24
0.251785082359  2.36597775203e-24
0.261635494852  2.52914410509e-24
0.271871278176  2.69875117949e-24
0.282507508925  2.87499367339e-24
0.293559853524  3.05813117968e-24
0.305044591308  3.29319370592e-24
0.316978638492  3.59385297056e-24
0.329379573097  3.90646107619e-24
0.342265660832  4.2312991311e-24
0.355655882008  4.56765020417e-24
0.369569959484  4.91555784874e-24
0.384028387728  5.27706802738e-24
0.399052462994  5.68435211788e-24
0.414664314697  6.34743072825e-24
0.430886938006  7.0862347494e-24
0.447744227714  7.85369250552e-24
0.465261013431  8.64856018663e-24
0.483463096161  9.47382732501e-24
0.502377286302  1.04351997033e-23
0.522031443137  1.18189025879e-23
0.542454515866  1.32965311926e-23
0.563676586253  1.50436784504e-23
0.585728912925  1.69830881434e-23
0.608643977422  1.8551865666e-23
0.632455532034  1.94789531868e-23
0.65719864952  2.04336329099e-23
0.682909774767  2.14256619032e-23
0.709626778467  2.18358794737e-23
0.737389012904  2.12256525127e-23
0.766237369911  2.05753384752e-23
0.796214341107  1.99428273547e-23
0.827364080478  1.97217363077e-23
0.859732469416  1.96053665821e-23
0.893367184302  1.95135050777e-23
0.928317766723  2.02678536823e-23
0.964635696448  2.29965145474e-23
1.00237446725  2.17163669083e-23
1.04158966572  1.81720625619e-23
1.08233905309  1.55731705684e-23
1.12468265038  1.40379636913e-23
1.16868282675  1.30339946076e-23
1.21440439138  1.2209744674e-23
1.26191468896  1.1780124656e-23
1.31128369884  1.14863207283e-23
1.36258413812  1.15511284147e-23
1.41589156877  1.18483451953e-23
1.47128450892  1.25921274439e-23
1.52884454851  1.3378298754e-23
1.58865646945  1.42449533819e-23
1.65080837054  1.58518918407e-23
1.71539179718  1.77500520367e-23
1.78250187627  1.97570036688e-23
1.85223745626  2.25748574358e-23
1.9247012528  2.58041677476e-23
2  2.90745749651e-23
2.07824460767  3.19707060833e-23
2.15955032466  3.48990657284e-23
2.2440369086  3.79456818889e-23
2.33182880236  4.09041068425e-23
2.42305531726  4.36341232882e-23
2.51785082359  4.60885593631e-23
2.61635494852  4.75030527776e-23
2.71871278176  4.89006338835e-23
2.82507508925  5.03569933786e-23
2.93559853524  5.18739049986e-23
3.05044591308  5.32300339029e-23
3.16978638492  5.43602423833e-23
3.29379573097  5.55359898717e-23
3.42265660832  5.67584387742e-23
3.55655882008  5.77021691123e-23
3.69569959484  5.82431566051e-23
3.84028387728  5.879704189e-23
3.99052462994  5.93015606179e-23
4.14664314697  5.93365788047e-23
4.30886938006  5.92658265039e-23
4.47744227714  5.91754352723e-23
4.65261013431  5.89599516951e-23
4.83463096161  5.8703181283e-23
5.02377286302  5.84378825269e-23
5.22031443137  5.81675021288e-23
5.42454515866  5.78870356678e-23
5.63676586253  5.75955967127e-23
5.85728912925  5.72927559942e-23
6.08643977422  5.69779838272e-23
6.32455532034  5.66507653774e-23
6.5719864952  5.63107437628e-23
6.82909774767  5.59574197193e-23
7.09626778467  5.55903666868e-23
7.37389012904  5.52091104508e-23
7.66237369911  5.48129410446e-23
7.96214341107  5.44012725786e-23
8.27364080478  5.39734986937e-23
8.59732469416  5.3528989309e-23
8.93367184302  5.3067089693e-23
9.28317766723  5.25871194999e-23
9.64635696448  5.20883717671e-23
10.0237446725  5.15943612203e-23
10.4158966572  5.11933428176e-23
10.8233905309  5.07907743963e-23
11.2468265038  5.03724565709e-23
11.6868282675  4.99377731885e-23
12.1440439138  4.94861562605e-23
12.6191468896  4.90170120067e-23
13.1128369884  4.85295174277e-23
13.6258413812  4.80229509377e-23
14.1589156877  4.74964855196e-23
14.7128450892  4.69492566886e-23
15.2884454851  4.64278535145e-23
15.8865646945  4.59330015911e-23
16.5080837054  4.54189974008e-23
17.1539179718  4.48849510979e-23
17.8250187627  4.43300014164e-23
18.5223745626  4.77240531848e-23
19.247012528  5.26249900333e-23
20  5.77176628223e-23
20.7824460767  6.30095727034e-23
21.5955032466  6.85085142908e-23
22.440369086  7.42225871417e-23
23.3182880236  8.01602076868e-23
24.2305531726  8.4573518229e-23
25.1785082359  8.37743474379e-23
26.1635494852  8.2963876941e-23
27.1871278176  8.21423627891e-23
28.2507508925  8.13100598693e-23
29.3559853524  8.04672229033e-23
30.5044591308  7.96141074756e-23
31.6978638492  7.87509710916e-23
32.9379573097  7.78780742711e-23
34.2265660832  7.69956816759e-23
35.5655882008  7.6104063277e-23
36.9569959484  7.52034955597e-23
38.4028387728  7.42942627718e-23
39.9052462994  7.33766582125e-23
41.4664314697  7.24509855656e-23
43.0886938006  7.15175602753e-23
44.7744227714  7.0576710966e-23
46.5261013431  6.96287809027e-23
48.3463096161  6.86741294924e-23
50.2377286302  6.77131338216e-23
52.2031443137  6.67461902268e-23
54.2454515866  6.57737158919e-23
56.3676586253  6.47961504654e-23
58.5728912925  6.38139576884e-23
60.8643977422  6.28276270223e-23
63.2455532034  6.1837675264e-23
65.719864952  6.08446481315e-23
68.2909774767  5.98491218021e-23
70.9626778467  5.88517043828e-23
73.7389012904  5.78530372871e-23
76.6237369911  5.68537964922e-23
79.6214341107  5.58546936443e-23
82.7364080478  5.48564769781e-23
85.9732469416  5.38599320127e-23
89.3367184302  5.2865881984e-23
92.8317766723  5.18751879671e-23
96.4635696448  5.08887486453e-23
100.237446725  4.99074996754e-23
104.158966572  4.89324126004e-23
108.233905309  4.79644932617e-23
112.468265038  4.700477966e-23
116.868282675  4.60543392235e-23
121.440439138  4.51142654393e-23
126.191468896  4.41856738177e-23
131.128369884  4.32696971607e-23
136.258413812  4.23674801255e-23
141.589156877  4.14801730781e-23
147.128450892  4.06089252553e-23
152.884454851  3.97548772687e-23
158.865646945  3.89191530006e-23
165.080837054  3.81028509696e-23
171.539179718  3.73070352581e-23
178.250187627  3.65327261203e-23
185.223745626  3.57808904075e-23
192.47012528  3.50524319656e-23
200  3.43913894989e-23
207.824460767  3.37106609852e-23
215.955032466  3.30556296153e-23
224.40369086  3.24268506929e-23
233.182880236  3.18247745596e-23
242.305531726  3.12497406608e-23
251.785082359  3.07019728273e-23
261.635494852  3.01815759048e-23
271.871278176  2.96885338318e-23
282.507508925  2.92227092386e-23
293.559853524  2.87838446031e-23
305.044591308  2.83715649684e-23
316.978638492  2.7985382193e-23
329.379573097  2.76247006781e-23
342.265660832  2.72888244919e-23
355.655882008  2.69769657992e-23
369.569959484  2.66882544969e-23
384.028387728  2.64217489697e-23
399.052462994  2.61764479047e-23
414.664314697  2.59513031634e-23
430.886938006  2.57452338118e-23
447.744227714  2.55571416056e-23
465.261013431  2.53859286432e-23
483.463096161  2.5230518952e-23
502.377286302  2.50899134637e-23
522.031443137  2.49689712753e-23
542.454515866  2.48715138001e-23
563.676586253  2.47969736609e-23
585.728912925  2.47447456122e-23
608.643977422  2.45121429871e-23
632.455532034  2.45200332735e-23
657.19864952  2.45469296493e-23
682.909774767  2.45930220999e-23
709.626778467  2.46584679772e-23
737.389012904  2.47433910507e-23
766.237369911  2.48478807513e-23
796.214341107  2.49719916193e-23
827.364080478  2.51157429596e-23
859.732469416  2.52791187113e-23
893.367184302  2.54620675312e-23
928.317766723  2.56645030889e-23
964.635696448  2.66545696546e-23
1002.37446725  2.71479755802e-23
1041.58966572  2.76047737244e-23
1082.33905309  2.80285379873e-23
1124.68265038  2.84225402212e-23
1168.68282675  2.87897871296e-23
1214.40439138  2.91330510053e-23
1261.91468896  2.94548954756e-23
1311.28369884  2.97576971745e-23
1362.58413812  3.00436640717e-23
1415.89156877  3.0314851042e-23
1471.28450892  3.05731731464e-23
1528.84454851  3.07266511215e-23
1588.65646945  3.09226724952e-23
1650.80837054  3.10986139433e-23
1715.39179718  3.12558878843e-23
1782.50187627  3.13958034376e-23
1852.23745626  3.15195765442e-23
1924.7012528  3.16283388361e-23
2000  3.17231454278e-23
2078.24460767  3.18049817731e-23
2159.55032466  3.18747697093e-23
2244.0369086  3.19333727924e-23
2331.82880236  3.1981601014e-23
2423.05531726  3.20202149743e-23
2517.85082359  3.2049929581e-23
2616.35494852  3.20714173311e-23
2718.71278176  3.20853112281e-23
2825.07508925  3.20922073797e-23
2935.59853524  3.20926673164e-23
3050.44591308  3.20872200671e-23
3169.78638492  3.20763640235e-23
3293.79573097  3.20605686206e-23
3422.65660832  3.20402758598e-23
3556.55882008  3.20159016954e-23
3695.69959484  3.19878373046e-23
3840.28387728  3.19564502585e-23
3990.52462994  3.19220856083e-23
4146.64314697  3.18850668999e-23
4308.86938006  3.18456971289e-23
4477.44227714  3.18042596444e-23
4652.61013431  3.17610190104e-23
4834.63096161  3.17162218317e-23
5023.77286302  3.16700975496e-23
5220.31443137  3.16228592113e-23
5424.54515866  3.15747042181e-23
5636.76586253  3.1525815054e-23
5857.28912925  3.14763599961e-23
6086.43977422  3.14264938106e-23
6324.55532034  3.13763584327e-23
6571.9864952  3.13260836322e-23
6829.09774767  3.12757876648e-23
7096.26778467  3.12255779084e-23
7373.89012904  3.11755514852e-23
7662.37369911  3.11257958674e-23
7962.14341107  3.10763894668e-23
8273.64080478  3.10274022085e-23
8597.32469416  3.09788960856e-23
8933.67184302  3.09309256964e-23
9283.17766723  3.08835387631e-23
9646.35696448  3.08367766297e-23
10023.7446725  3.07906747411e-23
10415.8966572  3.0745263101e-23
10823.3905309  3.07005667095e-23
11246.8265038  3.0656605979e-23
11686.8282675  3.06133971304e-23
12144.0439138  3.05709525666e-23
12619.1468896  3.05292812264e-23
13112.8369884  3.04883889172e-23
13625.8413812  3.04482786269e-23
14158.9156877  3.04089508168e-23
14712.8450892  3.03704036942e-23
15288.4454851  3.03326334663e-23
15886.5646945  3.02956345759e-23
16508.0837054  3.02593999194e-23
17153.9179718  3.02239210476e-23
17825.0187627  3.01891883509e-23
18522.3745626  3.02376072566e-23
19247.012528  3.02144820688e-23
20000  3.01916566664e-23

