0.964635696448 20 80
80
0.964635696448  0
1.00237446725  1.17487179248e-26
1.04158966572  7.35330675557e-26
1.08233905309  1.43294081397e-25
1.12468265038  2.15784306818e-25
1.16868282675  2.91110516863e-25
1.21440439138  3.69383661784e-25
1.26191468896  4.50719032462e-25
1.31128369884  5.35236430225e-25
1.36258413812  6.23060343303e-25
1.41589156877  7.14320130192e-25
1.47128450892  8.09150210191e-25
1.52884454851  9.07690261393e-25
1.58865646945  1.01008542642e-24
1.65080837054  1.1164865262e-24
1.71539179718  1.22705028214e-24
1.78250187627  1.34193954693e-24
1.85223745626  1.46132354444e-24
1.9247012528  1.58537811898e-24
2  1.88568660861e-24
2.07824460767  3.20350986381e-24
2.15955032466  4.73719141156e-24
2.2440369086  6.3308741148e-24
2.33182880236  7.98690535698e-24
2.42305531726  9.70772435658e-24
2.51785082359  1.14958657599e-23
2.61635494852  1.33539633745e-23
2.71871278176  1.52847540486e-23
2.82507508925  1.72910817021e-23
2.93559853524  1.93759015156e-23
3.05044591308  2.2302925579e-23
3.16978638492  2.63029142043e-23
3.29379573097  3.04625585052e-23
3.42265660832  3.47849376743e-23
3.55655882008  3.92764182745e-23
3.69569959484  4.39436159434e-23
3.84028387728  4.87934051377e-23
3.99052462994  5.37450788132e-23
4.14664314697  5.8224291599e-23
4.30886938006  6.27404722193e-23
4.47744227714  6.743333623e-23
4.65261013431  7.23097958924e-23
4.83463096161  7.73770338913e-23
5.02377286302  8.23210217697e-23
5.22031443137  8.6267083369e-23
5.42454515866  9.02554568419e-23
5.63676586253  9.43998646735e-23
5.85728912925  9.87064112876e-23
6.08643977422  1.02655130644e-22
6.32455532034  1.05929611943e-22
6.5719864952  1.09321969971e-22
6.82909774767  1.12847044861e-22
7.09626778467  1.16095112635e-22
7.37389012904  1.18777305774e-22
7.66237369911  1.21553592906e-22
7.96214341107  1.24379678324e-22
8.27364080478  1.26723104802e-22
8.59732469416  1.2900401746e-22
8.93367184302  1.31344698037e-22
9.28317766723  1.33346653619e-22
9.64635696448  1.3528460251e-22
10.0237446725  1.37219430017e-22
10.4158966572  1.38864322727e-22
10.8233905309  1.40526153658e-22
11.2468265038  1.42025996762e-22
11.6868282675  1.43419141874e-22
12.1440439138  1.44763871393e-22
12.6191468896  1.45960457923e-22
13.1128369884  1.47126813033e-22
13.6258413812  1.4815135611e-22
14.1589156877  1.49128640267e-22
14.7128450892  1.49983966472e-22
15.2884454851  1.50767181762e-22
15.8865646945  1.51473120191e-22
16.5080837054  1.52096211952e-22
17.1539179718  1.52674341515e-22
17.8250187627  1.53186552326e-22
18.5223745626  1.54787535967e-22
19.247012528  1.56826076182e-22
20  1.58944368788e-22

