0.964635696448 20 80
80
0.964635696448  0
1.00237446725  1.78556292453e-37
1.04158966572  1.19114143341e-36
1.08233905309  2.347449691e-36
1.12468265038  3.54899539156e-36
1.16868282675  4.7975483281e-36
1.21440439138  6.09494753197e-36
1.26191468896  7.44310398169e-36
1.31128369884  8.84400341765e-36
1.36258413812  1.0299709267e-35
1.41589156877  1.18123656829e-35
1.47128450892  1.33842007026e-35
1.52884454851  1.50175295296e-35
1.58865646945  1.67147579433e-35
1.65080837054  1.84783858426e-35
1.71539179718  2.03110109284e-35
1.78250187627  2.22153325296e-35
1.85223745626  2.41941555792e-35
1.9247012528  2.62503947453e-35
2  1.34792968859e-32
2.07824460767  1.06387591852e-31
2.15955032466  2.15824510041e-31
2.2440369086  3.29542852594e-31
2.33182880236  4.47710118696e-31
2.42305531726  5.70500360486e-31
2.51785082359  6.98094439423e-31
2.61635494852  8.30680292684e-31
2.71871278176  9.68453209981e-31
2.82507508925  1.11161612121e-30
2.93559853524  1.26037989535e-30
3.05044591308  2.80794178994e-29
3.16978638492  8.95464544295e-29
3.29379573097  1.53529239627e-28
3.42265660832  2.20015178786e-28
3.55655882008  2.89102201059e-28
3.69569959484  3.60892066807e-28
3.84028387728  4.35490517496e-28
3.99052462994  8.63906197846e-28
4.14664314697  3.9699951514e-27
4.30886938006  7.74988691489e-27
4.47744227714  1.16776567524e-26
4.65261013431  1.57590899949e-26
4.83463096161  2.00001983088e-26
5.02377286302  3.59639514885e-26
5.22031443137  9.53777411956e-26
5.42454515866  1.61144428597e-25
5.63676586253  2.29484060326e-25
5.85728912925  3.00497295891e-25
6.08643977422  5.32684480346e-25
6.32455532034  1.0233636394e-24
6.5719864952  1.53631762902e-24
6.82909774767  2.06933956047e-24
7.09626778467  3.17039155518e-24
7.37389012904  5.22835303696e-24
7.66237369911  7.3811215763e-24
7.96214341107  9.81386877884e-24
8.27364080478  1.43161966859e-23
8.59732469416  1.95078663722e-23
8.93367184302  2.5012797797e-23
9.28317766723  3.23416262965e-23
9.64635696448  4.0489222673e-23
10.0237446725  4.90471504186e-23
10.4158966572  5.83640611238e-23
10.8233905309  6.80965024976e-23
11.2468265038  7.78231501461e-23
11.6868282675  8.76487187162e-23
12.1440439138  9.7466187628e-23
12.6191468896  1.06902135454e-22
13.1128369884  1.16342931872e-22
13.6258413812  1.25254235672e-22
14.1589156877  1.3407001621e-22
14.7128450892  1.4241020562e-22
15.2884454851  1.50480809105e-22
15.8865646945  1.58247495071e-22
16.5080837054  1.65582499057e-22
17.1539179718  1.72717408153e-22
17.8250187627  1.79474579055e-22
18.5223745626  1.83064412161e-22
19.247012528  1.85663209411e-22
20  1.88363677597e-22

