0.964635696448 20 80
80
0.964635696448  0
1.00237446725  2.59327156793e-36
1.04158966572  1.72996043445e-35
1.08233905309  3.40933072545e-35
1.12468265038  5.15440185121e-35
1.16868282675  6.96774417978e-35
1.21440439138  8.85202863788e-35
1.26191468896  1.08100306451e-34
1.31128369884  1.28446342017e-34
1.36258413812  1.49588361368e-34
1.41589156877  1.71557505224e-34
1.47128450892  1.94386132602e-34
1.52884454851  2.18107868475e-34
1.58865646945  2.42757653307e-34
1.65080837054  2.68371794511e-34
1.71539179718  2.94988019929e-34
1.78250187627  3.22645533405e-34
1.85223745626  3.51385072526e-34
1.9247012528  3.81248968629e-34
2  8.29914238931e-32
2.07824460767  6.53401741855e-31
2.15955032466  1.32528693037e-30
2.2440369086  2.02345781537e-30
2.33182880236  2.74894275386e-30
2.42305531726  3.50281033454e-30
2.51785082359  4.28617095177e-30
2.61635494852  5.10017844107e-30
2.71871278176  5.9460317787e-30
2.82507508925  6.8249768476e-30
2.93559853524  7.73830827254e-30
3.05044591308  1.14658083685e-28
3.16978638492  3.59290118795e-28
3.29379573097  6.13933928325e-28
3.42265660832  8.7853999034e-28
3.55655882008  1.15349805111e-27
3.69569959484  1.43921310468e-27
3.84028387728  1.73610598938e-27
3.99052462994  3.09576400971e-27
4.14664314697  1.24796271981e-26
4.30886938006  2.38850313527e-26
4.47744227714  3.57366411938e-26
4.65261013431  4.80519133162e-26
4.83463096161  6.08489872563e-26
5.02377286302  1.01773815075e-25
5.22031443137  2.46676872769e-25
5.42454515866  4.06879249062e-25
5.63676586253  5.73349111396e-25
5.85728912925  7.46331658263e-25
6.08643977422  1.22907385092e-24
6.32455532034  2.20779031245e-24
6.5719864952  3.23068489755e-24
6.82909774767  4.2935974754e-24
7.09626778467  6.1865800107e-24
7.37389012904  9.47046204365e-24
7.66237369911  1.29034161171e-23
7.96214341107  1.66622719444e-23
8.27364080478  2.25006239774e-23
8.59732469416  2.9069678338e-23
8.93367184302  3.59567062291e-23
9.28317766723  4.40036101859e-23
9.64635696448  5.26598545655e-23
10.0237446725  6.16031894038e-23
10.4158966572  7.06575825132e-23
10.8233905309  8.00323478641e-23
11.2468265038  8.91536254638e-23
11.6868282675  9.81798852786e-23
12.1440439138  1.07134585188e-22
12.6191468896  1.15611222139e-22
13.1128369884  1.24065442832e-22
13.6258413812  1.31982648859e-22
14.1589156877  1.39798747572e-22
14.7128450892  1.47165596088e-22
15.2884454851  1.54281239111e-22
15.8865646945  1.61115326629e-22
16.5080837054  1.67559829312e-22
17.1539179718  1.73820254844e-22
17.8250187627  1.79736107757e-22
18.5223745626  1.82875860338e-22
19.247012528  1.85146512913e-22
20  1.87505998647e-22

