0.964635696448 20 80
80
0.964635696448  0
1.00237446725  5.40769028888e-34
1.04158966572  3.6074471942e-33
1.08233905309  7.10939991152e-33
1.12468265038  1.0748357087e-32
1.16868282675  1.45296786508e-32
1.21440439138  1.84589342258e-32
1.26191468896  2.25419113311e-32
1.31128369884  2.67846239074e-32
1.36258413812  3.11933211741e-32
1.41589156877  3.57744968348e-32
1.47128450892  4.05348986416e-32
1.52884454851  4.54815383343e-32
1.58865646945  5.06217019681e-32
1.65080837054  5.59629606452e-32
1.71539179718  6.15131816672e-32
1.78250187627  6.72805401224e-32
1.85223745626  7.32735309273e-32
1.9247012528  7.95009813395e-32
2  3.54764731612e-30
2.07824460767  2.74643274047e-29
2.15955032466  5.56349921381e-29
2.2440369086  8.49077581764e-29
2.33182880236  1.15325742262e-28
2.42305531726  1.46933747963e-28
2.51785082359  1.79778331666e-28
2.61635494852  2.13907871152e-28
2.71871278176  2.49372636852e-28
2.82507508925  2.86224865892e-28
2.93559853524  3.24518839032e-28
3.05044591308  2.20600416051e-27
3.16978638492  6.48173895225e-27
3.29379573097  1.09324181694e-26
3.42265660832  1.55572182111e-26
3.55655882008  2.03629510852e-26
3.69569959484  2.5356695301e-26
3.84028387728  3.05458062953e-26
3.99052462994  4.55968638455e-26
4.14664314697  1.3448177204e-25
4.30886938006  2.42046424912e-25
4.47744227714  3.53819254816e-25
4.65261013431  4.69964895331e-25
4.83463096161  5.90654420884e-25
5.02377286302  8.59379945206e-25
5.22031443137  1.66969549888e-24
5.42454515866  2.56166960971e-24
5.63676586253  3.48853980272e-24
5.85728912925  4.45167129303e-24
6.08643977422  6.26315744937e-24
6.32455532034  9.42199303639e-24
6.5719864952  1.27201645524e-23
6.82909774767  1.61473681365e-23
7.09626778467  2.05750607657e-23
7.37389012904  2.66229541545e-23
7.66237369911  3.29300897838e-23
7.96214341107  3.9533576364e-23
8.27364080478  4.68956842245e-23
8.59732469416  5.46758501019e-23
8.93367184302  6.27257148591e-23
9.28317766723  7.05840936426e-23
9.64635696448  7.85824054635e-23
10.0237446725  8.66990584481e-23
10.4158966572  9.42320317704e-23
10.8233905309  1.01941835307e-22
11.2468265038  1.09228694526e-22
11.6868282675  1.16272770748e-22
12.1440439138  1.23205935117e-22
12.6191468896  1.29656453374e-22
13.1128369884  1.3606315744e-22
13.6258413812  1.4199872876e-22
14.1589156877  1.47838390797e-22
14.7128450892  1.53306609025e-22
15.2884454851  1.58568302197e-22
15.8865646945  1.63600136661e-22
16.5080837054  1.68322307443e-22
17.1539179718  1.72896204122e-22
17.8250187627  1.77203153612e-22
18.5223745626  1.79518312115e-22
19.247012528  1.81211129015e-22
20  1.82970172812e-22

