0.964635696448 20 80
80
0.964635696448  0
1.00237446725  1.78139921148e-31
1.04158966572  1.18835268506e-30
1.08233905309  2.34194989685e-30
1.12468265038  3.54067848924e-30
1.16868282675  4.78630410585e-30
1.21440439138  6.0806614663e-30
1.26191468896  7.42565706867e-30
1.31128369884  8.82327199766e-30
1.36258413812  1.02755648425e-29
1.41589156877  1.17846747294e-29
1.47128450892  1.33528244717e-29
1.52884454851  1.49823238447e-29
1.58865646945  1.66755729873e-29
1.65080837054  1.84350659373e-29
1.71539179718  2.02633943051e-29
1.78250187627  2.21632510908e-29
1.85223745626  2.41374346509e-29
1.9247012528  2.61888528201e-29
2  2.20153312837e-28
2.07824460767  1.54736657043e-27
2.15955032466  3.11039144642e-27
2.2440369086  4.73456545651e-27
2.33182880236  6.4222808957e-27
2.42305531726  8.17602365109e-27
2.51785082359  9.9983768634e-27
2.61635494852  1.18920247318e-26
2.71871278176  1.38597564674e-26
2.82507508925  1.59044704019e-26
2.93559853524  1.80291782562e-26
3.05044591308  5.42899021009e-26
3.16978638492  1.34877870464e-25
3.29379573097  2.18760403921e-25
3.42265660832  3.05924615339e-25
3.55655882008  3.96498891519e-25
3.69569959484  4.90616642051e-25
3.84028387728  5.88416495817e-25
3.99052462994  7.63730831443e-25
4.14664314697  1.50469238282e-24
4.30886938006  2.39062134984e-24
4.47744227714  3.31120989909e-24
4.65261013431  4.26781399327e-24
4.83463096161  5.26184264347e-24
5.02377286302  6.71621951396e-24
5.22031443137  9.78928840229e-24
5.42454515866  1.31294970437e-23
5.63676586253  1.66003823424e-23
5.85728912925  2.02070566704e-23
6.08643977422  2.46328087464e-23
6.32455532034  3.02992408482e-23
6.5719864952  3.62005329136e-23
6.82909774767  4.23326971202e-23
7.09626778467  4.86694495979e-23
7.37389012904  5.51951294011e-23
7.66237369911  6.19751862074e-23
7.96214341107  6.89401882939e-23
8.27364080478  7.53677106241e-23
8.59732469416  8.18361606755e-23
8.93367184302  8.84946606903e-23
9.28317766723  9.44935187996e-23
9.64635696448  1.00422715942e-22
10.0237446725  1.06394998219e-22
10.4158966572  1.11726074853e-22
10.8233905309  1.1715195792e-22
11.2468265038  1.22196434318e-22
11.6868282675  1.2700575612e-22
12.1440439138  1.31709645645e-22
12.6191468896  1.36024900575e-22
13.1128369884  1.4029001864e-22
13.6258413812  1.44189434382e-22
14.1589156877  1.47999840511e-22
14.7128450892  1.51517797461e-22
15.2884454851  1.54918499244e-22
15.8865646945  1.58190407137e-22
16.5080837054  1.61282276024e-22
17.1539179718  1.64278948087e-22
17.8250187627  1.67085971256e-22
18.5223745626  1.68465263683e-22
19.247012528  1.69388117429e-22
20  1.7034707534e-22

