0.964635696448 20 80
80
0.964635696448  0
1.00237446725  1.50583298049e-30
1.04158966572  1.00448887945e-29
1.08233905309  1.97958711697e-29
1.12468265038  2.992833444e-29
1.16868282675  4.0457203017e-29
1.21440439138  5.13979851896e-29
1.26191468896  6.27667959664e-29
1.31128369884  7.45803808127e-29
1.36258413812  8.68561403148e-29
1.41589156877  9.96121558099e-29
1.47128450892  1.12867216019e-28
1.52884454851  1.26640844721e-28
1.58865646945  1.4095332951e-28
1.65080837054  1.55825751677e-28
1.71539179718  1.71280017263e-28
1.78250187627  1.87338889323e-28
1.85223745626  2.04026021455e-28
1.9247012528  2.21365992641e-28
2  1.05454086968e-27
2.07824460767  6.70358909152e-27
2.15955032466  1.33550376888e-26
2.2440369086  2.02667062791e-26
2.33182880236  2.74487752679e-26
2.42305531726  3.49118233419e-26
2.51785082359  4.26668430502e-26
2.61635494852  5.07252569957e-26
2.71871278176  5.90989346601e-26
2.82507508925  6.78002098863e-26
2.93559853524  7.68418990456e-26
3.05044591308  1.79268862964e-25
3.16978638492  4.02928205354e-25
3.29379573097  6.35724950296e-25
3.42265660832  8.77629240225e-25
3.55655882008  1.12899738328e-24
3.69569959484  1.39019962721e-24
3.84028387728  1.66162070469e-24
3.99052462994  2.07636103021e-24
4.14664314697  3.51361372635e-24
4.30886938006  5.21595480683e-24
4.47744227714  6.98489539229e-24
4.65261013431  8.8230410088e-24
4.83463096161  1.07330991166e-23
5.02377286302  1.3165476578e-23
5.22031443137  1.73516517074e-23
5.42454515866  2.1857623758e-23
5.63676586253  2.65398798162e-23
5.85728912925  3.14053165186e-23
6.08643977422  3.67442994462e-23
6.32455532034  4.27380780593e-23
6.5719864952  4.89718509147e-23
6.82909774767  5.54495033258e-23
7.09626778467  6.18755779985e-23
7.37389012904  6.80436812942e-23
7.66237369911  7.44451269933e-23
7.96214341107  8.10024948998e-23
8.27364080478  8.68631042045e-23
8.59732469416  9.27052067028e-23
8.93367184302  9.87158657721e-23
9.28317766723  1.04085503773e-22
9.64635696448  1.09375406673e-22
10.0237446725  1.14697207078e-22
10.4158966572  1.1941637951e-22
10.8233905309  1.24214808109e-22
11.2468265038  1.28661118136e-22
11.6868282675  1.32888092076e-22
12.1440439138  1.37019071678e-22
12.6191468896  1.4080185251e-22
13.1128369884  1.44542588454e-22
13.6258413812  1.47968328115e-22
14.1589156877  1.51320706986e-22
14.7128450892  1.54425636888e-22
15.2884454851  1.573946622e-22
15.8865646945  1.60214163971e-22
16.5080837054  1.628435613e-22
17.1539179718  1.65378167035e-22
17.8250187627  1.6774699933e-22
18.5223745626  1.68669548639e-22
19.247012528  1.69112826494e-22
20  1.69573446399e-22

