0.964635696448 20 80
80
0.964635696448  0
1.00237446725  1.96890273358e-38
1.04158966572  1.31344664033e-37
1.08233905309  2.58848346931e-37
1.12468265038  3.9134026765e-37
1.16868282675  5.29015577547e-37
1.21440439138  6.72077062749e-37
1.26191468896  8.20735442842e-37
1.31128369884  9.75209681249e-37
1.36258413812  1.13572730775e-36
1.41589156877  1.3025247536e-36
1.47128450892  1.4758476998e-36
1.52884454851  1.65595143897e-36
1.58865646945  1.84310125135e-36
1.65080837054  2.03757279555e-36
1.71539179718  2.23965251458e-36
1.78250187627  2.44963805779e-36
1.85223745626  2.66783871921e-36
1.9247012528  2.89457589321e-36
2  3.12154089398e-33
2.07824460767  2.46607970224e-32
2.15955032466  5.00319793468e-32
2.2440369086  7.63957407748e-32
2.33182880236  1.03790913288e-31
2.42305531726  1.32257848063e-31
2.51785082359  1.6183847491e-31
2.61635494852  1.92576364028e-31
2.71871278176  2.24516790184e-31
2.82507508925  2.57706799396e-31
2.93559853524  2.92195278232e-31
3.05044591308  9.26109822967e-30
3.16978638492  2.98370713247e-29
3.29379573097  5.12552164172e-29
3.42265660832  7.35112886897e-29
3.55655882008  9.66380697837e-29
3.69569959484  1.20669623834e-28
3.84028387728  1.45641347644e-28
3.99052462994  3.18860215299e-28
4.14664314697  1.61562553325e-27
4.30886938006  3.19491432411e-27
4.47744227714  4.83598853088e-27
4.65261013431  6.5412653414e-27
4.83463096161  8.31325650941e-27
5.02377286302  1.58916974184e-26
5.22031443137  4.5026565518e-26
5.42454515866  7.73011291975e-26
5.63676586253  1.10838348163e-25
5.85728912925  1.456876204e-25
6.08643977422  2.73391174812e-25
6.32455532034  5.50151392155e-25
6.5719864952  8.39517180475e-25
6.82909774767  1.14020362509e-24
7.09626778467  1.82977066592e-24
7.37389012904  3.17613383533e-24
7.66237369911  4.58502192264e-24
7.96214341107  6.22129173656e-24
8.27364080478  9.65901586284e-24
8.59732469416  1.36828381919e-23
8.93367184302  1.79993642887e-23
9.28317766723  2.44602779455e-23
9.64635696448  3.18273902934e-23
10.0237446725  3.97096853459e-23
10.4158966572  4.89516151532e-23
10.8233905309  5.86868760153e-23
11.2468265038  6.8710187226e-23
11.6868282675  7.9058015747e-23
12.1440439138  8.94768324271e-23
12.6191468896  9.9652067463e-23
13.1128369884  1.09866570791e-22
13.6258413812  1.19588405871e-22
14.1589156877  1.29229265536e-22
14.7128450892  1.38390652378e-22
15.2884454851  1.47275206739e-22
15.8865646945  1.55845558899e-22
16.5080837054  1.63958192832e-22
17.1539179718  1.71858380652e-22
17.8250187627  1.79347147489e-22
18.5223745626  1.83287905647e-22
19.247012528  1.86116275452e-22
20  1.890552976e-22

