0.964635696448 20 80
80
0.964635696448  0
1.00237446725  6.27329159523e-32
1.04158966572  4.18486824668e-31
1.08233905309  8.24735001004e-31
1.12468265038  1.24687654193e-30
1.16868282675  1.68553323247e-30
1.21440439138  2.14135118335e-30
1.26191468896  2.61500178259e-30
1.31128369884  3.10718268449e-30
1.36258413812  3.61861883717e-30
1.41589156877  4.15006355041e-30
1.47128450892  4.70229960519e-30
1.52884454851  5.2761404067e-30
1.58865646945  5.8724311824e-30
1.65080837054  6.492050227e-30
1.71539179718  7.13591019612e-30
1.78250187627  7.80495945058e-30
1.85223745626  8.50018345326e-30
1.9247012528  9.2226062206e-30
2  1.04839434307e-28
2.07824460767  7.60864452916e-28
2.15955032466  1.53349191672e-27
2.2440369086  2.33634634692e-27
2.33182880236  3.17061029207e-27
2.42305531726  4.03751256477e-27
2.51785082359  4.93833005157e-27
2.61635494852  5.87438959378e-27
2.71871278176  6.84706994182e-27
2.82507508925  7.85780378597e-27
2.93559853524  8.90807986667e-27
3.05044591308  3.08157169186e-26
3.16978638492  7.9810154289e-26
3.29379573097  1.30808034795e-25
3.42265660832  1.83801069877e-25
3.55655882008  2.38867314578e-25
3.69569959484  2.96087877636e-25
3.84028387728  3.55547040947e-25
3.99052462994  4.71358944235e-25
4.14664314697  1.00139236999e-24
4.30886938006  1.63719523428e-24
4.47744227714  2.2978721714e-24
4.65261013431  2.9843963124e-24
4.83463096161  3.69777885943e-24
5.02377286302  4.82014380529e-24
5.22031443137  7.39855306337e-24
5.42454515866  1.02106718161e-23
5.63676586253  1.31328071331e-23
5.85728912925  1.61692631159e-23
6.08643977422  2.01354051673e-23
6.32455532034  2.55335352833e-23
6.5719864952  3.11586119293e-23
6.82909774767  3.70037545328e-23
7.09626778467  4.32056542055e-23
7.37389012904  4.98640940714e-23
7.66237369911  5.67863735452e-23
7.96214341107  6.39133155456e-23
8.27364080478  7.06518618806e-23
8.59732469416  7.7480608056e-23
8.93367184302  8.45154044568e-23
9.28317766723  9.09330938771e-23
9.64635696448  9.73067076791e-23
10.0237446725  1.03736058803e-22
10.4158966572  1.09520156836e-22
10.8233905309  1.15413851153e-22
11.2468265038  1.20916158379e-22
11.6868282675  1.26180618268e-22
12.1440439138  1.31340872333e-22
12.6191468896  1.36098005861e-22
13.1128369884  1.40808550711e-22
13.6258413812  1.45137157658e-22
14.1589156877  1.49380408738e-22
14.7128450892  1.53324639926e-22
15.2884454851  1.57107228776e-22
15.8865646945  1.60711162596e-22
16.5080837054  1.64080241519e-22
17.1539179718  1.6733344223e-22
17.8250187627  1.70381788637e-22
18.5223745626  1.71747472591e-22
19.247012528  1.72566576137e-22
20  1.73417724901e-22

