0.964635696448 20 80
80
0.964635696448  0
1.00237446725  5.77632793002e-28
1.04158966572  3.83228560357e-27
1.08233905309  7.54524815928e-27
1.12468265038  1.14034703642e-26
1.16868282675  1.54126351105e-26
1.21440439138  1.95786476181e-26
1.26191468896  2.39076441329e-26
1.31128369884  2.84060009645e-26
1.36258413812  3.3080343879e-26
1.41589156877  3.79375578571e-26
1.47128450892  4.29847972363e-26
1.52884454851  4.8229496248e-26
1.58865646945  5.36793799679e-26
1.65080837054  5.93424756947e-26
1.71539179718  6.52271247731e-26
1.78250187627  7.13419948807e-26
1.85223745626  7.76960927945e-26
1.9247012528  8.42987776576e-26
2  1.26914501062e-25
2.07824460767  3.8100351368e-25
2.15955032466  6.79307008326e-25
2.2440369086  9.89280822925e-25
2.33182880236  1.31138152728e-24
2.42305531726  1.64608355326e-24
2.51785082359  1.99387989359e-24
2.61635494852  2.35528282802e-24
2.71871278176  2.73082467786e-24
2.82507508925  3.12105859004e-24
2.93559853524  3.52655935191e-24
3.05044591308  4.70845508262e-24
3.16978638492  6.89490275966e-24
3.29379573097  9.17005575248e-24
3.42265660832  1.1534217972e-23
3.55655882008  1.39908716641e-23
3.69569959484  1.65436353084e-23
3.84028387728  1.91962689476e-23
3.99052462994  2.20991718069e-23
4.14664314697  2.62265121173e-23
4.30886938006  3.07458898326e-23
4.47744227714  3.54420760159e-23
4.65261013431  4.03219878221e-23
4.83463096161  4.53928130205e-23
5.02377286302  5.05360910865e-23
5.22031443137  5.54139318336e-23
5.42454515866  6.043870789e-23
5.63676586253  6.56600647621e-23
5.85728912925  7.10856931441e-23
6.08643977422  7.62025970563e-23
6.32455532034  8.0699344522e-23
6.5719864952  8.5361890011e-23
6.82909774767  9.02068450212e-23
7.09626778467  9.47573900546e-23
7.37389012904  9.86777141316e-23
7.66237369911  1.02738767094e-22
7.96214341107  1.06881551657e-22
8.27364080478  1.10408316673e-22
8.59732469416  1.13870809441e-22
8.93367184302  1.17425803643e-22
9.28317766723  1.20492548495e-22
9.64635696448  1.23471772513e-22
10.0237446725  1.26452353436e-22
10.4158966572  1.29015967101e-22
10.8233905309  1.31610707602e-22
11.2468265038  1.33979729429e-22
11.6868282675  1.36203039371e-22
12.1440439138  1.38358639535e-22
12.6191468896  1.40296833698e-22
13.1128369884  1.42197782752e-22
13.6258413812  1.43898492687e-22
14.1589156877  1.45545484019e-22
14.7128450892  1.47038137675e-22
15.2884454851  1.48444143384e-22
15.8865646945  1.49755212491e-22
16.5080837054  1.50942895869e-22
17.1539179718  1.52060207715e-22
17.8250187627  1.53062206113e-22
18.5223745626  1.52787901748e-22
19.247012528  1.5205116228e-22
20  1.51285599868e-22

