0.964635696448 20000 260
260
0.964635696448  0
1.00237446725  1.50007423574e-27
1.04158966572  9.88485077719e-27
1.08233905309  1.94387572224e-26
1.12468265038  2.93664344983e-26
1.16868282675  3.96825053811e-26
1.21440439138  5.04021647233e-26
1.26191468896  6.15412018352e-26
1.31128369884  7.31160237415e-26
1.36258413812  8.51436793473e-26
1.41589156877  9.76418845501e-26
1.47128450892  1.10629048334e-25
1.52884454851  1.24124299886e-25
1.58865646945  1.38147516769e-25
1.65080837054  1.52719354204e-25
1.71539179718  1.6786127549e-25
1.78250187627  1.83595583622e-25
1.85223745626  1.99945454137e-25
1.9247012528  2.16934969254e-25
2  2.96229739158e-25
2.07824460767  7.40329057694e-25
2.15955032466  1.2608902887e-24
2.2440369086  1.80181707436e-24
2.33182880236  2.36390616208e-24
2.42305531726  2.94798546987e-24
2.51785082359  3.5549153058e-24
2.61635494852  4.18558963518e-24
2.71871278176  4.84093739729e-24
2.82507508925  5.52192387367e-24
2.93559853524  6.22955210989e-24
3.05044591308  7.84761504912e-24
3.16978638492  1.06412979301e-23
3.29379573097  1.35479514252e-23
3.42265660832  1.65683199014e-23
3.55655882008  1.97068521509e-23
3.69569959484  2.29681710127e-23
3.84028387728  2.63570801818e-23
3.99052462994  2.99593567564e-23
4.14664314697  3.43151698123e-23
4.30886938006  3.89685419182e-23
4.47744227714  4.38039646615e-23
4.65261013431  4.88285602825e-23
4.83463096161  5.40497296601e-23
5.02377286302  5.92580414409e-23
5.22031443137  6.38655309345e-23
5.42454515866  6.8577590769e-23
5.63676586253  7.347399724e-23
5.85728912925  7.85619624127e-23
6.08643977422  8.3307948748e-23
6.32455532034  8.73877060926e-23
6.5719864952  9.16165582985e-23
6.82909774767  9.60108529454e-23
7.09626778467  1.00112092266e-22
7.37389012904  1.03597240249e-22
7.66237369911  1.07206588018e-22
7.96214341107  1.10885863732e-22
8.27364080478  1.13990171841e-22
8.59732469416  1.17029064086e-22
8.93367184302  1.20148628062e-22
9.28317766723  1.2283216219e-22
9.64635696448  1.2543609043e-22
10.0237446725  1.28039397195e-22
10.4158966572  1.30269819956e-22
10.8233905309  1.32525948505e-22
11.2468265038  1.34576954276e-22
11.6868282675  1.3649446199e-22
12.1440439138  1.38350100008e-22
12.6191468896  1.4001132464e-22
13.1128369884  1.41636216077e-22
13.6258413812  1.43078368703e-22
14.1589156877  1.44467780752e-22
14.7128450892  1.45712639183e-22
15.2884454851  1.46875990231e-22
15.8865646945  1.47950911092e-22
16.5080837054  1.48919291204e-22
17.1539179718  1.49826936169e-22
17.8250187627  1.50636748423e-22
18.5223745626  1.50227271498e-22
19.247012528  1.49370951678e-22
20  1.48481130653e-22
20.7824460767  1.4755649778e-22
21.5955032466  1.46595691139e-22
22.440369086  1.45597295529e-22
23.3182880236  1.44559840382e-22
24.2305531726  1.43743526857e-22
25.1785082359  1.436643166e-22
26.1635494852  1.43528631113e-22
27.1871278176  1.43338346827e-22
28.2507508925  1.43095270213e-22
29.3559853524  1.42801141336e-22
30.5044591308  1.42457637378e-22
31.6978638492  1.420663761e-22
32.9379573097  1.41628919279e-22
34.2265660832  1.41146776115e-22
35.5655882008  1.40621406618e-22
36.9569959484  1.40054224982e-22
38.4028387728  1.39446602959e-22
39.9052462994  1.38799873229e-22
41.4664314697  1.38115332798e-22
43.0886938006  1.37394246397e-22
44.7744227714  1.36637849926e-22
46.5261013431  1.35847353925e-22
48.3463096161  1.35023947093e-22
50.2377286302  1.3416879985e-22
52.2031443137  1.33283067969e-22
54.2454515866  1.32367896252e-22
56.3676586253  1.3142442229e-22
58.5728912925  1.30453780277e-22
60.8643977422  1.29457104906e-22
63.2455532034  1.28435535324e-22
65.719864952  1.27390219165e-22
68.2909774767  1.26322316633e-22
70.9626778467  1.25233004644e-22
73.7389012904  1.24123481e-22
76.6237369911  1.22994968585e-22
79.6214341107  1.2184871956e-22
82.7364080478  1.20686019517e-22
85.9732469416  1.19508191574e-22
89.3367184302  1.18316600348e-22
92.8317766723  1.17112655766e-22
96.4635696448  1.15897816654e-22
100.237446725  1.14673594018e-22
104.158966572  1.13441553965e-22
108.233905309  1.12203320139e-22
112.468265038  1.10960575602e-22
116.868282675  1.0971506403e-22
121.440439138  1.0846859012e-22
126.191468896  1.07223019071e-22
131.128369884  1.05980275021e-22
136.258413812  1.04742338306e-22
141.589156877  1.03511241408e-22
147.128450892  1.02289063487e-22
152.884454851  1.01077923379e-22
158.865646945  9.98799709811e-23
165.080837054  9.86973769654e-23
171.539179718  9.75323207966e-23
178.250187627  9.63869770779e-23
185.223745626  9.52635002903e-23
192.47012528  9.41640080548e-23
200  9.31603645748e-23
207.824460767  9.21131993293e-23
215.955032466  9.10960562603e-23
224.40369086  9.01107077595e-23
233.182880236  8.9158792331e-23
242.305531726  8.82417951003e-23
251.785082359  8.73610293588e-23
261.635494852  8.65176196473e-23
271.871278176  8.57124868753e-23
282.507508925  8.49463359432e-23
293.559853524  8.42196462866e-23
305.044591308  8.35326656974e-23
316.978638492  8.28854076949e-23
329.379573097  8.22776526327e-23
342.265660832  8.17089526356e-23
355.655882008  8.11786403724e-23
369.569959484  8.06858416002e-23
384.028387728  8.02294913638e-23
399.052462994  7.98083537259e-23
414.664314697  7.94210449505e-23
430.886938006  7.9066060209e-23
447.744227714  7.87418042155e-23
465.261013431  7.84466269464e-23
483.463096161  7.81788675781e-23
502.377286302  7.79369613929e-23
522.031443137  7.77302389653e-23
542.454515866  7.75661458516e-23
563.676586253  7.74439124591e-23
585.728912925  7.73626360217e-23
608.643977422  7.69412857526e-23
632.455532034  7.69714628467e-23
657.19864952  7.70368769542e-23
682.909774767  7.71378734736e-23
709.626778467  7.72746950619e-23
737.389012904  7.74474797426e-23
766.237369911  7.76562600084e-23
796.214341107  7.7900962938e-23
827.364080478  7.8181411324e-23
859.732469416  7.84973257872e-23
893.367184302  7.88483278336e-23
928.317766723  7.92339437918e-23
964.635696448  8.10595502289e-23
1002.37446725  8.19633179483e-23
1041.58966572  8.27942843797e-23
1082.33905309  8.35604151254e-23
1124.68265038  8.42687940145e-23
1168.68282675  8.49257617537e-23
1214.40439138  8.55370268688e-23
1261.91468896  8.61077552162e-23
1311.28369884  8.66426427519e-23
1362.58413812  8.71459750903e-23
1415.89156877  8.76216765555e-23
1471.28450892  8.80733508038e-23
1528.84454851  8.83437800562e-23
1588.65646945  8.86861566685e-23
1650.80837054  8.8993218274e-23
1715.39179718  8.92676147225e-23
1782.50187627  8.95117722658e-23
1852.23745626  8.97279192943e-23
1924.7012528  8.99181084012e-23
2000  9.00842353683e-23
2078.24460767  9.02280555587e-23
2159.55032466  9.03511981121e-23
2244.0369086  9.04551782699e-23
2331.82880236  9.05414081009e-23
2423.05531726  9.06112058564e-23
2517.85082359  9.06658041451e-23
2616.35494852  9.07063570915e-23
2718.71278176  9.07339466163e-23
2825.07508925  9.07495879579e-23
2935.59853524  9.07542345381e-23
3050.44591308  9.07487822614e-23
3169.78638492  9.07340733246e-23
3293.79573097  9.07108996053e-23
3422.65660832  9.06800056864e-23
3556.55882008  9.06420915699e-23
3695.69959484  9.05978151237e-23
3840.28387728  9.05477942999e-23
3990.52462994  9.04926091609e-23
4146.64314697  9.04328037393e-23
4308.86938006  9.03688877604e-23
4477.44227714  9.0301338247e-23
4652.61013431  9.02306010254e-23
4834.63096161  9.01570921495e-23
5023.77286302  9.00811992548e-23
5220.31443137  9.0003282854e-23
5424.54515866  8.99236775831e-23
5636.76586253  8.98426934052e-23
5857.28912925  8.97606167775e-23
6086.43977422  8.96777117859e-23
6324.55532034  8.95942212506e-23
6571.9864952  8.95103678047e-23
6829.09774767  8.94263549472e-23
7096.26778467  8.93423680715e-23
7373.89012904  8.92585754689e-23
7662.37369911  8.91751293082e-23
7962.14341107  8.90921665888e-23
8273.64080478  8.90098100689e-23
8597.32469416  8.89281691661e-23
8933.67184302  8.88473408307e-23
9283.17766723  8.87674103895e-23
9646.35696448  8.868845236e-23
10023.7446725  8.86105312344e-23
10415.8966572  8.85337022318e-23
10823.3905309  8.84580120181e-23
11246.8265038  8.83834993938e-23
11686.8282675  8.83101959488e-23
12144.0439138  8.82381266843e-23
12619.1468896  8.81673106011e-23
13112.8369884  8.80977612562e-23
13625.8413812  8.80294872861e-23
14158.9156877  8.79624928977e-23
14712.8450892  8.78967783291e-23
15288.4454851  8.78323402788e-23
15886.5646945  8.77691723052e-23
16508.0837054  8.77072651973e-23
17153.9179718  8.76466073181e-23
17825.0187627  8.75871849207e-23
18522.3745626  8.76714693004e-23
19247.012528  8.76320771727e-23
20000  8.7593168905e-23

