0.964635696448 20 80
80
0.964635696448  0
1.00237446725  8.08324179565e-29
1.04158966572  5.38634987887e-28
1.08233905309  1.06131337237e-27
1.12468265038  1.60444013942e-27
1.16868282675  2.16881527687e-27
1.21440439138  2.75527006993e-27
1.26191468896  3.36466832558e-27
1.31128369884  3.99790764495e-27
1.36258413812  4.65592074537e-27
1.41589156877  5.33967683423e-27
1.47128450892  6.05018303655e-27
1.52884454851  6.7884858784e-27
1.58865646945  7.55567282834e-27
1.65080837054  8.35287389925e-27
1.71539179718  9.18126331266e-27
1.78250187627  1.00420612284e-26
1.85223745626  1.09365355417e-26
1.9247012528  1.18660037509e-26
2  2.34668136317e-26
2.07824460767  9.79267349652e-26
2.15955032466  1.8549422813e-25
2.2440369086  2.76487563368e-25
2.33182880236  3.71040767514e-25
2.42305531726  4.69293110842e-25
2.51785082359  5.71389312197e-25
2.61635494852  6.77479752163e-25
2.71871278176  7.87720694555e-25
2.82507508925  9.0227451659e-25
2.93559853524  1.02130994806e-24
3.05044591308  1.58393337937e-24
3.16978638492  2.72164680969e-24
3.29379573097  3.9056976857e-24
3.42265660832  5.13607135984e-24
3.55655882008  6.41458008669e-24
3.69569959484  7.74310702041e-24
3.84028387728  9.12360898848e-24
3.99052462994  1.07663646788e-23
4.14664314697  1.40525409845e-23
4.30886938006  1.77950408562e-23
4.47744227714  2.1683955945e-23
4.65261013431  2.57250143516e-23
4.83463096161  2.99241682729e-23
5.02377286302  3.44049442292e-23
5.22031443137  3.94958481669e-23
5.42454515866  4.48268233977e-23
5.63676586253  5.03663586614e-23
5.85728912925  5.61226133067e-23
6.08643977422  6.17223509531e-23
6.32455532034  6.69401189068e-23
6.5719864952  7.23545995505e-23
6.82909774767  7.7980907151e-23
7.09626778467  8.33298570797e-23
7.37389012904  8.80572485669e-23
7.66237369911  9.29565901738e-23
7.96214341107  9.79601929974e-23
8.27364080478  1.0227790907e-22
8.59732469416  1.06535382794e-22
8.93367184302  1.10909117076e-22
9.28317766723  1.14719413361e-22
9.64635696448  1.18435813663e-22
10.0237446725  1.22162330081e-22
10.4158966572  1.25408050891e-22
10.8233905309  1.28699458662e-22
11.2468265038  1.31724178198e-22
11.6868282675  1.34579135292e-22
12.1440439138  1.37353868209e-22
12.6191468896  1.39862804633e-22
13.1128369884  1.4233103977e-22
13.6258413812  1.44558866594e-22
14.1589156877  1.46726881507e-22
14.7128450892  1.48712487126e-22
15.2884454851  1.50593041008e-22
15.8865646945  1.52358009101e-22
16.5080837054  1.53971995683e-22
17.1539179718  1.55505087711e-22
17.8250187627  1.56906436987e-22
18.5223745626  1.57037438683e-22
19.247012528  1.56723152836e-22
20  1.56396571403e-22

