0.964635696448 20 80
80
0.964635696448  0
1.00237446725  2.11775262627e-32
1.04158966572  1.41274377073e-31
1.08233905309  2.78417393186e-31
1.12468265038  4.20925760043e-31
1.16868282675  5.69009382528e-31
1.21440439138  7.22886377485e-31
1.26191468896  8.82783394991e-31
1.31128369884  1.0489359522e-30
1.36258413812  1.22158878023e-30
1.41589156877  1.40099618466e-30
1.47128450892  1.58742242008e-30
1.52884454851  1.78114207932e-30
1.58865646945  1.98244049793e-30
1.65080837054  2.19161417443e-30
1.71539179718  2.40897120706e-30
1.78250187627  2.63483174757e-30
1.85223745626  2.86952847276e-30
1.9247012528  3.11340707454e-30
2  4.83469617457e-29
2.07824460767  3.59290230438e-28
2.15955032466  7.25515586481e-28
2.2440369086  1.10606852218e-27
2.33182880236  1.50150956545e-27
2.42305531726  1.91242117336e-27
2.51785082359  2.33940859005e-27
2.61635494852  2.78310073818e-27
2.71871278176  3.24415114535e-27
2.82507508925  3.72323890663e-27
2.93559853524  4.22106968487e-27
3.05044591308  1.69089984752e-26
3.16978638492  4.54290053371e-26
3.29379573097  7.51154525605e-26
3.42265660832  1.05963301992e-25
3.55655882008  1.38017990362e-25
3.69569959484  1.71326731989e-25
3.84028387728  2.05938588327e-25
3.99052462994  2.79431130761e-25
4.14664314697  6.40368067319e-25
4.30886938006  1.07448941866e-24
4.47744227714  1.52559459741e-24
4.65261013431  1.99434805003e-24
4.83463096161  2.48144021764e-24
5.02377286302  3.30896544283e-24
5.22031443137  5.35978473674e-24
5.42454515866  7.60286377733e-24
5.63676586253  9.93369723768e-24
5.85728912925  1.23557182729e-23
6.08643977422  1.57610713197e-23
6.32455532034  2.06987935664e-23
6.5719864952  2.58469598721e-23
6.82909774767  3.11965343042e-23
7.09626778467  3.70574685859e-23
7.37389012904  4.36521832456e-23
7.66237369911  5.05127898961e-23
7.96214341107  5.75931633672e-23
8.27364080478  6.44599962656e-23
8.59732469416  7.14679708845e-23
8.93367184302  7.86919576689e-23
9.28317766723  8.53493191447e-23
9.64635696448  9.19862309523e-23
10.0237446725  9.86921521133e-23
10.4158966572  1.04777402379e-22
10.8233905309  1.10985713165e-22
11.2468265038  1.16806783215e-22
11.6868282675  1.22396530384e-22
12.1440439138  1.27878530939e-22
12.6191468896  1.32938268638e-22
13.1128369884  1.37951297628e-22
13.6258413812  1.42565167228e-22
14.1589156877  1.47092294717e-22
14.7128450892  1.51308727011e-22
15.2884454851  1.55356984756e-22
15.8865646945  1.59218870002e-22
16.5080837054  1.62831743675e-22
17.1539179718  1.66322620624e-22
17.8250187627  1.69597325876e-22
18.5223745626  1.71285168244e-22
19.247012528  1.72471457586e-22
20  1.73704157301e-22

