1.00000e-09 1.08445e+00
1.00000e-06 1.08445e+00
4.85201e-06 1.08445e+00
9.70403e-06 1.08445e+00
1.45560e-05 1.08445e+00
1.94081e-05 1.08445e+00
2.42601e-05 1.08445e+00
2.91121e-05 1.08445e+00
3.39641e-05 1.08445e+00
3.88161e-05 1.08445e+00
4.36681e-05 1.08445e+00
4.85201e-05 1.08445e+00
5.33721e-05 1.08445e+00
5.82242e-05 1.08445e+00
6.30762e-05 1.08445e+00
6.79282e-05 1.08445e+00
7.27802e-05 1.08445e+00
7.76322e-05 1.08445e+00
8.24842e-05 1.08445e+00
8.73362e-05 1.08445e+00
9.21883e-05 1.08445e+00
9.70403e-05 1.08445e+00
1.01892e-04 1.08445e+00
1.06744e-04 1.08445e+00
1.11596e-04 1.08445e+00
1.16448e-04 1.08445e+00
1.21300e-04 1.08445e+00
1.26152e-04 1.08445e+00
1.31004e-04 1.08445e+00
1.35856e-04 1.08445e+00
1.40708e-04 1.08445e+00
1.45560e-04 1.08445e+00
1.50412e-04 1.08445e+00
1.55264e-04 1.08445e+00
1.60116e-04 1.08445e+00
1.64968e-04 1.08445e+00
1.69820e-04 1.08445e+00
1.74672e-04 1.08445e+00
1.79525e-04 1.08445e+00
1.84377e-04 1.08445e+00
1.89229e-04 1.08445e+00
1.94081e-04 1.08445e+00
1.98933e-04 1.08445e+00
2.03785e-04 1.08445e+00
2.08637e-04 1.08445e+00
2.13489e-04 1.08445e+00
2.18341e-04 1.08445e+00
2.23193e-04 1.08445e+00
2.28045e-04 1.08445e+00
2.32897e-04 1.08445e+00
2.37749e-04 1.08445e+00
2.42601e-04 1.08445e+00
2.47453e-04 1.08445e+00
2.52305e-04 1.08445e+00
2.57157e-04 1.08445e+00
2.62009e-04 1.08445e+00
2.66861e-04 1.08445e+00
2.71713e-04 1.08445e+00
2.76565e-04 1.08445e+00
2.81417e-04 1.08445e+00
2.86269e-04 1.08445e+00
2.91121e-04 1.08445e+00
2.95973e-04 1.08445e+00
3.00825e-04 1.08445e+00
3.05677e-04 1.08445e+00
3.10529e-04 1.08445e+00
3.15381e-04 1.08445e+00
3.20233e-04 1.08445e+00
3.25085e-04 1.08445e+00
3.29937e-04 1.08445e+00
3.34789e-04 1.08445e+00
3.39641e-04 1.08445e+00
3.44493e-04 1.08445e+00
3.49345e-04 1.08445e+00
3.54197e-04 1.08445e+00
3.59049e-04 1.08445e+00
3.63901e-04 1.08445e+00
3.68753e-04 1.08445e+00
3.73605e-04 1.08445e+00
3.78457e-04 1.08445e+00
3.83309e-04 1.08445e+00
3.88161e-04 1.08445e+00
3.93013e-04 1.08445e+00
3.97865e-04 1.08445e+00
4.02717e-04 1.08445e+00
4.07569e-04 1.08445e+00
4.12421e-04 1.08445e+00
4.17273e-04 1.08445e+00
4.22125e-04 1.08445e+00
4.26977e-04 1.08445e+00
4.31829e-04 1.08445e+00
4.36681e-04 1.08445e+00
4.41533e-04 1.08445e+00
4.46385e-04 1.08445e+00
4.51237e-04 1.08445e+00
4.56089e-04 1.08445e+00
4.60941e-04 1.08445e+00
4.65793e-04 1.08445e+00
4.70645e-04 1.08445e+00
4.75497e-04 1.08445e+00
4.80349e-04 1.08445e+00
4.85201e-04 1.08445e+00
4.90053e-04 1.08445e+00
4.94905e-04 1.08445e+00
4.99757e-04 1.08445e+00
5.04609e-04 1.08445e+00
5.09461e-04 1.08445e+00
5.14313e-04 1.08445e+00
5.19165e-04 1.08445e+00
5.24017e-04 1.08445e+00
5.28869e-04 1.08445e+00
5.33721e-04 1.08445e+00
5.38574e-04 1.08445e+00
5.43426e-04 1.08445e+00
5.48278e-04 1.08445e+00
5.53130e-04 1.08445e+00
5.57982e-04 1.08445e+00
5.62834e-04 1.08445e+00
5.67686e-04 1.08445e+00
5.72538e-04 1.08445e+00
5.77390e-04 1.08445e+00
5.82242e-04 1.08445e+00
5.87094e-04 1.08445e+00
5.91946e-04 1.08445e+00
5.96798e-04 1.08445e+00
6.01650e-04 1.08445e+00
6.06502e-04 1.08445e+00
6.11354e-04 1.08445e+00
6.16206e-04 1.08445e+00
6.21058e-04 1.08445e+00
6.25910e-04 1.08445e+00
6.30762e-04 1.08445e+00
6.35614e-04 1.08445e+00
6.40466e-04 1.08445e+00
6.45318e-04 1.08445e+00
6.50170e-04 1.08445e+00
6.55022e-04 1.08445e+00
6.59874e-04 1.08445e+00
6.64726e-04 1.08445e+00
6.69578e-04 1.08445e+00
6.74430e-04 1.08445e+00
6.79282e-04 1.08445e+00
6.84134e-04 1.08445e+00
6.88986e-04 1.08445e+00
6.93838e-04 1.08445e+00
6.98690e-04 1.08445e+00
7.03542e-04 1.08445e+00
7.08394e-04 1.08445e+00
7.13246e-04 1.08445e+00
7.18098e-04 1.08445e+00
7.22950e-04 1.08445e+00
7.27802e-04 1.08445e+00
7.32654e-04 1.08445e+00
7.37506e-04 1.08445e+00
7.42358e-04 1.08445e+00
7.47210e-04 1.08445e+00
7.52062e-04 1.08445e+00
7.56914e-04 1.08445e+00
7.61766e-04 1.08445e+00
7.66618e-04 1.08445e+00
7.71470e-04 1.08445e+00
7.76322e-04 1.08445e+00
7.81174e-04 1.08445e+00
7.86026e-04 1.08445e+00
7.90878e-04 1.08445e+00
7.95730e-04 1.08445e+00
8.00582e-04 1.08445e+00
8.05434e-04 1.08445e+00
8.10286e-04 1.08445e+00
8.15138e-04 1.08445e+00
8.19990e-04 1.08445e+00
8.24842e-04 1.08445e+00
8.29694e-04 1.08445e+00
8.34546e-04 1.08445e+00
8.39398e-04 1.08445e+00
8.44250e-04 1.08445e+00
8.49102e-04 1.08445e+00
8.53954e-04 1.08445e+00
8.58806e-04 1.08445e+00
8.63658e-04 1.08445e+00
8.68510e-04 1.08445e+00
8.73362e-04 1.08445e+00
8.78214e-04 1.08445e+00
8.83066e-04 1.08445e+00
8.87918e-04 1.08445e+00
8.92770e-04 1.08445e+00
8.97623e-04 1.08445e+00
9.02475e-04 1.08445e+00
9.07327e-04 1.08445e+00
9.12179e-04 1.08445e+00
9.17031e-04 1.08445e+00
9.21883e-04 1.08445e+00
9.26735e-04 1.08445e+00
9.31587e-04 1.08445e+00
9.36439e-04 1.08445e+00
9.41291e-04 1.08445e+00
9.46143e-04 1.08445e+00
9.50995e-04 1.08445e+00
9.55847e-04 1.08445e+00
9.60699e-04 1.08445e+00
9.65551e-04 1.08445e+00
9.70403e-04 1.08445e+00
9.75255e-04 1.08445e+00
9.80107e-04 1.08445e+00
9.84959e-04 1.08445e+00
9.89811e-04 1.08445e+00
9.94663e-04 1.08445e+00
9.99515e-04 1.08445e+00
1.00437e-03 1.08445e+00
1.00922e-03 1.08445e+00
1.01407e-03 1.08445e+00
1.01892e-03 1.08445e+00
1.02377e-03 1.08445e+00
1.02863e-03 1.08445e+00
1.03348e-03 1.08445e+00
1.03833e-03 1.08445e+00
1.04318e-03 1.08445e+00
1.04803e-03 1.08445e+00
1.05289e-03 1.08445e+00
1.05774e-03 1.08445e+00
1.06259e-03 1.08445e+00
1.06744e-03 1.08445e+00
1.07230e-03 1.08445e+00
1.07715e-03 1.08445e+00
1.08200e-03 1.08445e+00
1.08685e-03 1.08445e+00
1.09170e-03 1.08445e+00
1.09656e-03 1.08445e+00
1.10141e-03 1.08445e+00
1.10626e-03 1.08445e+00
1.11111e-03 1.08445e+00
1.11596e-03 1.08445e+00
1.12082e-03 1.08445e+00
1.12567e-03 1.08445e+00
1.13052e-03 1.08445e+00
1.13537e-03 1.08445e+00
1.14022e-03 1.08445e+00
1.14508e-03 1.08445e+00
1.14993e-03 1.08445e+00
1.15478e-03 1.08445e+00
1.15963e-03 1.08445e+00
1.16448e-03 1.08445e+00
1.16934e-03 1.08445e+00
1.17419e-03 1.08445e+00
1.17904e-03 1.08445e+00
1.18389e-03 1.08445e+00
1.18874e-03 1.08445e+00
1.19360e-03 1.08445e+00
1.19845e-03 1.08445e+00
1.20330e-03 1.08445e+00
1.20815e-03 1.08445e+00
1.21300e-03 1.08445e+00
1.21786e-03 1.08445e+00
1.22271e-03 1.08445e+00
1.22756e-03 1.08445e+00
1.23241e-03 1.08445e+00
1.23726e-03 1.08445e+00
1.24212e-03 1.08445e+00
1.24697e-03 1.08445e+00
1.25182e-03 1.08445e+00
1.25667e-03 1.08445e+00
1.26152e-03 1.08445e+00
1.26638e-03 1.08445e+00
1.27123e-03 1.08445e+00
1.27608e-03 1.08445e+00
1.28093e-03 1.08445e+00
1.28578e-03 1.08445e+00
1.29064e-03 1.08445e+00
1.29549e-03 1.08445e+00
1.30034e-03 1.08445e+00
1.30519e-03 1.08445e+00
1.31004e-03 1.08445e+00
1.31490e-03 1.08445e+00
1.31975e-03 1.08445e+00
1.32460e-03 1.08445e+00
1.32945e-03 1.08445e+00
1.33430e-03 1.08445e+00
1.33916e-03 1.08445e+00
1.34401e-03 1.08445e+00
1.34886e-03 1.08445e+00
1.35371e-03 1.08445e+00
1.35856e-03 1.08445e+00
1.36342e-03 1.08445e+00
1.36827e-03 1.08445e+00
1.37312e-03 1.08445e+00
1.37797e-03 1.08445e+00
1.38282e-03 1.08445e+00
1.38768e-03 1.08445e+00
1.39253e-03 1.08445e+00
1.39738e-03 1.08445e+00
1.40223e-03 1.08445e+00
1.40708e-03 1.08445e+00
1.41194e-03 1.08445e+00
1.41679e-03 1.08445e+00
1.42164e-03 1.08445e+00
1.42649e-03 1.08445e+00
1.43134e-03 1.08445e+00
1.43620e-03 1.08445e+00
1.44105e-03 1.08445e+00
1.44590e-03 1.08445e+00
1.45075e-03 1.08445e+00
1.45560e-03 1.08445e+00
1.46046e-03 1.08445e+00
1.46531e-03 1.08445e+00
1.47016e-03 1.08445e+00
1.47501e-03 1.08445e+00
1.47986e-03 1.08445e+00
1.48472e-03 1.08445e+00
1.48957e-03 1.08445e+00
1.49442e-03 1.08445e+00
1.49927e-03 1.08445e+00
1.50412e-03 1.08445e+00
1.50898e-03 1.08445e+00
1.51383e-03 1.08445e+00
1.51868e-03 1.08445e+00
1.52353e-03 1.08445e+00
1.52838e-03 1.08445e+00
1.53324e-03 1.08445e+00
1.53809e-03 1.08445e+00
1.54294e-03 1.08445e+00
1.54779e-03 1.08445e+00
1.55264e-03 1.08445e+00
1.55750e-03 1.08445e+00
1.56235e-03 1.08445e+00
1.56720e-03 1.08445e+00
1.57205e-03 1.08445e+00
1.57690e-03 1.08445e+00
1.58176e-03 1.08445e+00
1.58661e-03 1.08445e+00
1.59146e-03 1.08445e+00
1.59631e-03 1.08445e+00
1.60116e-03 1.08445e+00
1.60602e-03 1.08445e+00
1.61087e-03 1.08445e+00
1.61572e-03 1.08445e+00
1.62057e-03 1.08445e+00
1.62542e-03 1.08445e+00
1.63028e-03 1.08445e+00
1.63513e-03 1.08445e+00
1.63998e-03 1.08445e+00
1.64483e-03 1.08445e+00
1.64968e-03 1.08445e+00
1.65454e-03 1.08445e+00
1.65939e-03 1.08445e+00
1.66424e-03 1.08445e+00
1.66909e-03 1.08445e+00
1.67394e-03 1.08445e+00
1.67880e-03 1.08445e+00
1.68365e-03 1.08445e+00
1.68850e-03 1.08445e+00
1.69335e-03 1.08445e+00
1.69820e-03 1.08445e+00
1.70306e-03 1.08445e+00
1.70791e-03 1.08445e+00
1.71276e-03 1.08445e+00
1.71761e-03 1.08445e+00
1.72246e-03 1.08445e+00
1.72732e-03 1.08445e+00
1.73217e-03 1.08445e+00
1.73702e-03 1.08445e+00
1.74187e-03 1.08445e+00
1.74672e-03 1.08445e+00
1.75158e-03 1.08445e+00
1.75643e-03 1.08445e+00
1.76128e-03 1.08445e+00
1.76613e-03 1.08445e+00
1.77098e-03 1.08445e+00
1.77584e-03 1.08445e+00
1.78069e-03 1.08445e+00
1.78554e-03 1.08445e+00
1.79039e-03 1.08445e+00
1.79525e-03 1.08445e+00
1.80010e-03 1.08445e+00
1.80495e-03 1.08445e+00
1.80980e-03 1.08445e+00
1.81465e-03 1.08445e+00
1.81951e-03 1.08445e+00
1.82436e-03 1.08445e+00
1.82921e-03 1.08445e+00
1.83406e-03 1.08445e+00
1.83891e-03 1.08445e+00
1.84377e-03 1.08445e+00
1.84862e-03 1.08445e+00
1.85347e-03 1.08445e+00
1.85832e-03 1.08445e+00
1.86317e-03 1.08445e+00
1.86803e-03 1.08445e+00
1.87288e-03 1.08445e+00
1.87773e-03 1.08445e+00
1.88258e-03 1.08445e+00
1.88743e-03 1.08445e+00
1.89229e-03 1.08445e+00
1.89714e-03 1.08445e+00
1.90199e-03 1.08445e+00
1.90684e-03 1.08445e+00
1.91169e-03 1.08445e+00
1.91655e-03 1.08445e+00
1.92140e-03 1.08445e+00
1.92625e-03 1.08445e+00
1.93110e-03 1.08445e+00
1.93595e-03 1.08445e+00
1.94081e-03 1.08445e+00
1.94566e-03 1.08445e+00
1.95051e-03 1.08445e+00
1.95536e-03 1.08445e+00
1.96021e-03 1.08445e+00
1.96507e-03 1.08445e+00
1.96992e-03 1.08445e+00
1.97477e-03 1.08445e+00
1.97962e-03 1.08445e+00
1.98447e-03 1.08445e+00
1.98933e-03 1.08445e+00
1.99418e-03 1.08445e+00
1.99903e-03 1.08445e+00
2.00388e-03 1.08445e+00
2.00873e-03 1.08445e+00
2.01359e-03 1.08445e+00
2.01844e-03 1.08445e+00
2.02329e-03 1.08445e+00
2.02814e-03 1.08445e+00
2.03299e-03 1.08445e+00
2.03785e-03 1.08445e+00
2.04270e-03 1.08445e+00
2.04755e-03 1.08445e+00
2.05240e-03 1.08445e+00
2.05725e-03 1.08445e+00
2.06211e-03 1.08445e+00
2.06696e-03 1.08445e+00
2.07181e-03 1.08445e+00
2.07666e-03 1.08445e+00
2.08151e-03 1.08445e+00
2.08637e-03 1.08445e+00
2.09122e-03 1.08445e+00
2.09607e-03 1.08445e+00
2.10092e-03 1.08445e+00
2.10577e-03 1.08445e+00
2.11063e-03 1.08445e+00
2.11548e-03 1.08445e+00
2.12033e-03 1.08445e+00
2.12518e-03 1.08445e+00
2.13003e-03 1.08445e+00
2.13489e-03 1.08445e+00
2.13974e-03 1.08445e+00
2.14459e-03 1.08445e+00
2.14944e-03 1.08445e+00
2.15429e-03 1.08445e+00
2.15915e-03 1.08445e+00
2.16400e-03 1.08445e+00
2.16885e-03 1.08445e+00
2.17370e-03 1.08445e+00
2.17855e-03 1.08445e+00
2.18341e-03 1.08445e+00
2.18826e-03 1.08445e+00
2.19311e-03 1.08445e+00
2.19796e-03 1.08445e+00
2.20281e-03 1.08445e+00
2.20767e-03 1.08445e+00
2.21252e-03 1.08445e+00
2.21737e-03 1.08445e+00
2.22222e-03 1.08445e+00
2.22707e-03 1.08445e+00
2.23193e-03 1.08445e+00
2.23678e-03 1.08445e+00
2.24163e-03 1.08445e+00
2.24648e-03 1.08445e+00
2.25133e-03 1.08445e+00
2.25619e-03 1.08445e+00
2.26104e-03 1.08445e+00
2.26589e-03 1.08445e+00
2.27074e-03 1.08445e+00
2.27559e-03 1.08445e+00
2.28045e-03 1.08445e+00
2.28530e-03 1.08445e+00
2.29015e-03 1.08445e+00
2.29500e-03 1.08445e+00
2.29985e-03 1.08445e+00
2.30471e-03 1.08445e+00
2.30956e-03 1.08445e+00
2.31441e-03 1.08445e+00
2.31926e-03 1.08445e+00
2.32411e-03 1.08445e+00
2.32897e-03 1.08445e+00
2.33382e-03 1.08445e+00
2.33867e-03 1.08445e+00
2.34352e-03 1.08445e+00
2.34837e-03 1.08445e+00
2.35323e-03 1.08445e+00
2.35808e-03 1.08445e+00
2.36293e-03 1.08445e+00
2.36778e-03 1.08445e+00
2.37263e-03 1.08445e+00
2.37749e-03 1.08445e+00
2.38234e-03 1.08445e+00
2.38719e-03 1.08445e+00
2.39204e-03 1.08445e+00
2.39689e-03 1.08445e+00
2.40175e-03 1.08445e+00
2.40660e-03 1.08445e+00
2.41145e-03 1.08445e+00
2.41630e-03 1.08445e+00
2.42115e-03 1.08445e+00
2.42601e-03 1.08445e+00
2.47453e-03 1.08445e+00
2.52305e-03 1.08445e+00
2.57157e-03 1.08445e+00
2.62009e-03 1.08445e+00
2.66861e-03 1.08445e+00
2.71713e-03 1.08445e+00
2.76565e-03 1.08445e+00
2.81417e-03 1.08445e+00
2.86269e-03 1.08445e+00
2.91121e-03 1.08445e+00
2.95973e-03 1.09980e+00
3.00825e-03 1.11424e+00
3.05677e-03 1.12772e+00
3.10529e-03 1.14093e+00
3.15381e-03 1.15453e+00
3.20233e-03 1.16895e+00
3.25085e-03 1.18347e+00
3.29937e-03 1.19711e+00
3.34789e-03 1.20836e+00
3.39641e-03 1.21900e+00
3.44493e-03 1.23257e+00
3.49345e-03 1.25542e+00
3.54197e-03 1.28355e+00
3.59049e-03 1.30629e+00
3.63901e-03 1.32829e+00
3.68753e-03 1.35578e+00
3.73605e-03 1.38318e+00
3.78457e-03 1.40639e+00
3.83309e-03 1.42865e+00
3.88161e-03 1.45107e+00
3.93013e-03 1.47344e+00
3.97865e-03 1.49625e+00
4.02717e-03 1.51938e+00
4.07569e-03 1.54400e+00
4.12421e-03 1.57178e+00
4.17273e-03 1.60019e+00
4.22125e-03 1.62554e+00
4.26977e-03 1.65138e+00
4.31829e-03 1.68422e+00
4.36681e-03 1.71741e+00
4.41533e-03 1.74292e+00
4.46385e-03 1.76870e+00
4.51237e-03 1.80158e+00
4.56089e-03 1.83173e+00
4.60941e-03 1.85458e+00
4.65793e-03 1.87680e+00
4.70645e-03 1.90625e+00
4.75497e-03 1.94221e+00
4.80349e-03 1.96295e+00
4.85201e-03 1.97785e+00
4.90053e-03 1.99060e+00
4.94905e-03 2.00327e+00
4.99757e-03 2.01479e+00
5.04609e-03 2.02584e+00
5.09461e-03 2.03741e+00
5.14313e-03 2.05033e+00
5.19165e-03 2.06409e+00
5.24017e-03 2.07752e+00
5.28869e-03 2.09302e+00
5.33721e-03 2.10335e+00
5.38574e-03 2.10226e+00
5.43426e-03 2.09907e+00
5.48278e-03 2.09559e+00
5.53130e-03 2.09340e+00
5.57982e-03 2.09219e+00
5.62834e-03 2.09129e+00
5.67686e-03 2.09017e+00
5.72538e-03 2.08832e+00
5.77390e-03 2.08124e+00
5.82242e-03 2.05886e+00
5.87094e-03 2.04354e+00
5.91946e-03 2.02210e+00
5.96798e-03 1.99794e+00
6.01650e-03 1.98012e+00
6.06502e-03 1.96034e+00
6.11354e-03 1.92396e+00
6.16206e-03 1.89265e+00
6.21058e-03 1.87006e+00
6.25910e-03 1.84855e+00
6.30762e-03 1.82637e+00
6.35614e-03 1.80461e+00
6.40466e-03 1.78316e+00
6.45318e-03 1.76228e+00
6.50170e-03 1.74139e+00
6.55022e-03 1.71976e+00
6.59874e-03 1.69748e+00
6.64726e-03 1.67484e+00
6.69578e-03 1.65175e+00
6.74430e-03 1.62681e+00
6.79282e-03 1.60541e+00
6.84134e-03 1.59075e+00
6.88986e-03 1.57890e+00
6.93838e-03 1.56707e+00
6.98690e-03 1.55379e+00
7.03542e-03 1.54022e+00
7.08394e-03 1.52585e+00
7.13246e-03 1.50989e+00
7.18098e-03 1.49062e+00
7.22950e-03 1.47256e+00
7.27802e-03 1.45890e+00
7.32654e-03 1.44707e+00
7.37506e-03 1.43625e+00
7.42358e-03 1.42569e+00
7.47210e-03 1.41529e+00
7.52062e-03 1.40531e+00
7.56914e-03 1.39564e+00
7.61766e-03 1.38617e+00
7.66618e-03 1.37676e+00
7.71470e-03 1.36727e+00
7.76322e-03 1.35801e+00
7.81174e-03 1.34936e+00
7.86026e-03 1.34165e+00
7.90878e-03 1.33477e+00
7.95730e-03 1.32843e+00
8.00582e-03 1.32240e+00
8.05434e-03 1.31646e+00
8.10286e-03 1.31036e+00
8.15138e-03 1.30388e+00
8.19990e-03 1.29705e+00
8.24842e-03 1.29009e+00
8.29694e-03 1.28323e+00
8.34546e-03 1.27668e+00
8.39398e-03 1.27071e+00
8.44250e-03 1.26553e+00
8.49102e-03 1.26073e+00
8.53954e-03 1.25581e+00
8.58806e-03 1.25027e+00
8.63658e-03 1.24363e+00
8.68510e-03 1.23428e+00
8.73362e-03 1.22245e+00
8.78214e-03 1.21088e+00
8.83066e-03 1.20185e+00
8.87918e-03 1.19381e+00
8.92770e-03 1.18625e+00
8.97623e-03 1.17918e+00
9.02475e-03 1.17260e+00
9.07327e-03 1.16652e+00
9.12179e-03 1.16092e+00
9.17031e-03 1.15581e+00
9.21883e-03 1.15133e+00
9.26735e-03 1.14738e+00
9.31587e-03 1.14371e+00
9.36439e-03 1.14010e+00
9.41291e-03 1.13631e+00
9.46143e-03 1.13211e+00
9.50995e-03 1.12760e+00
9.55847e-03 1.12291e+00
9.60699e-03 1.11806e+00
9.65551e-03 1.11310e+00
9.70403e-03 1.10805e+00
9.75255e-03 1.10295e+00
9.80107e-03 1.09784e+00
9.84959e-03 1.09270e+00
9.89811e-03 1.08738e+00
9.94663e-03 1.08194e+00
9.99515e-03 1.07646e+00
1.00437e-02 1.07104e+00
1.00922e-02 1.06577e+00
1.01407e-02 1.06073e+00
1.01892e-02 1.05599e+00
1.02377e-02 1.05146e+00
1.02863e-02 1.04707e+00
1.03348e-02 1.04276e+00
1.03833e-02 1.03843e+00
1.04318e-02 1.03401e+00
1.04803e-02 1.02942e+00
1.05289e-02 1.02451e+00
1.05774e-02 1.01917e+00
1.06259e-02 1.01362e+00
1.06744e-02 1.00812e+00
1.07230e-02 1.00294e+00
1.07715e-02 9.98371e-01
1.08200e-02 9.94497e-01
1.08685e-02 9.90968e-01
1.09170e-02 9.87707e-01
1.09656e-02 9.84657e-01
1.10141e-02 9.81779e-01
1.10626e-02 9.79014e-01
1.11111e-02 9.76368e-01
1.11596e-02 9.73908e-01
1.12082e-02 9.71571e-01
1.12567e-02 9.69301e-01
1.13052e-02 9.67031e-01
1.13537e-02 9.64696e-01
1.14022e-02 9.62280e-01
1.14508e-02 9.59833e-01
1.14993e-02 9.57374e-01
1.15478e-02 9.54909e-01
1.15963e-02 9.52445e-01
1.16448e-02 9.49991e-01
1.16934e-02 9.47551e-01
1.17419e-02 9.45143e-01
1.17904e-02 9.42759e-01
1.18389e-02 9.40392e-01
1.18874e-02 9.38038e-01
1.19360e-02 9.35689e-01
1.19845e-02 9.33349e-01
1.20330e-02 9.31012e-01
1.20815e-02 9.28674e-01
1.21300e-02 9.26372e-01
1.21786e-02 9.24104e-01
1.22271e-02 9.20906e-01
1.22756e-02 9.17719e-01
1.23241e-02 9.14545e-01
1.23726e-02 9.11386e-01
1.24212e-02 9.08238e-01
1.24697e-02 9.05115e-01
1.25182e-02 9.02013e-01
1.25667e-02 8.98934e-01
1.26152e-02 8.95880e-01
1.26638e-02 8.92838e-01
1.27123e-02 8.89810e-01
1.27608e-02 8.86792e-01
1.28093e-02 8.83783e-01
1.28578e-02 8.80785e-01
1.29064e-02 8.77792e-01
1.29549e-02 8.74816e-01
1.30034e-02 8.71852e-01
1.30519e-02 8.68901e-01
1.31004e-02 8.65963e-01
1.31490e-02 8.63032e-01
1.31975e-02 8.60121e-01
1.32460e-02 8.57225e-01
1.32945e-02 8.54344e-01
1.33430e-02 8.51478e-01
1.33916e-02 8.48623e-01
1.34401e-02 8.45790e-01
1.34886e-02 8.42975e-01
1.35371e-02 8.40177e-01
1.35856e-02 8.37397e-01
1.36342e-02 8.34628e-01
1.36827e-02 8.31877e-01
1.37312e-02 8.29139e-01
1.37797e-02 8.26415e-01
1.38282e-02 8.23704e-01
1.38768e-02 8.21001e-01
1.39253e-02 8.18317e-01
1.39738e-02 8.15647e-01
1.40223e-02 8.12990e-01
1.40708e-02 8.10347e-01
1.41194e-02 8.07713e-01
1.41679e-02 8.05098e-01
1.42164e-02 8.02497e-01
1.42649e-02 7.99910e-01
1.43134e-02 7.97337e-01
1.43620e-02 7.94773e-01
1.44105e-02 7.92229e-01
1.44590e-02 7.89699e-01
1.45075e-02 7.87184e-01
1.45560e-02 7.84683e-01
1.46046e-02 7.82190e-01
1.46531e-02 7.79714e-01
1.47016e-02 7.77251e-01
1.47501e-02 7.74799e-01
1.47986e-02 7.72359e-01
1.48472e-02 7.69927e-01
1.48957e-02 7.67513e-01
1.49442e-02 7.65111e-01
1.49927e-02 7.62721e-01
1.50412e-02 7.60345e-01
1.50898e-02 7.57977e-01
1.51383e-02 7.55627e-01
1.51868e-02 7.53290e-01
1.52353e-02 7.50966e-01
1.52838e-02 7.48656e-01
1.53324e-02 7.46355e-01
1.53809e-02 7.44073e-01
1.54294e-02 7.41805e-01
1.54779e-02 7.39550e-01
1.55264e-02 7.37310e-01
1.55750e-02 7.35080e-01
1.56235e-02 7.32867e-01
1.56720e-02 7.30669e-01
1.57205e-02 7.28483e-01
1.57690e-02 7.26310e-01
1.58176e-02 7.24145e-01
1.58661e-02 7.21996e-01
1.59146e-02 7.19860e-01
1.59631e-02 7.17735e-01
1.60116e-02 7.15621e-01
1.60602e-02 7.13514e-01
1.61087e-02 7.11422e-01
1.61572e-02 7.09340e-01
1.62057e-02 7.07268e-01
1.62542e-02 7.05206e-01
1.63028e-02 7.03149e-01
1.63513e-02 7.01106e-01
1.63998e-02 6.99071e-01
1.64483e-02 6.97045e-01
1.64968e-02 6.95027e-01
1.65454e-02 6.93017e-01
1.65939e-02 6.91027e-01
1.66424e-02 6.89052e-01
1.66909e-02 6.87092e-01
1.67394e-02 6.85145e-01
1.67880e-02 6.83209e-01
1.68365e-02 6.81290e-01
1.68850e-02 6.79383e-01
1.69335e-02 6.77488e-01
1.69820e-02 6.75604e-01
1.70306e-02 6.73727e-01
1.70791e-02 6.71863e-01
1.71276e-02 6.70010e-01
1.71761e-02 6.68169e-01
1.72246e-02 6.66340e-01
1.72732e-02 6.64521e-01
1.73217e-02 6.62719e-01
1.73702e-02 6.60931e-01
1.74187e-02 6.59160e-01
1.74672e-02 6.57404e-01
1.75158e-02 6.55657e-01
1.75643e-02 6.53920e-01
1.76128e-02 6.52191e-01
1.76613e-02 6.50469e-01
1.77098e-02 6.48756e-01
1.77584e-02 6.47046e-01
1.78069e-02 6.45349e-01
1.78554e-02 6.43659e-01
1.79039e-02 6.41978e-01
1.79525e-02 6.40303e-01
1.80010e-02 6.38640e-01
1.80495e-02 6.36986e-01
1.80980e-02 6.35342e-01
1.81465e-02 6.33707e-01
1.81951e-02 6.32078e-01
1.82436e-02 6.30463e-01
1.82921e-02 6.28858e-01
1.83406e-02 6.27263e-01
1.83891e-02 6.25679e-01
1.84377e-02 6.24102e-01
1.84862e-02 6.22538e-01
1.85347e-02 6.20981e-01
1.85832e-02 6.19432e-01
1.86317e-02 6.17890e-01
1.86803e-02 6.16354e-01
1.87288e-02 6.14829e-01
1.87773e-02 6.13312e-01
1.88258e-02 6.11804e-01
1.88743e-02 6.10305e-01
1.89229e-02 6.08811e-01
1.89714e-02 6.07330e-01
1.90199e-02 6.05859e-01
1.90684e-02 6.04397e-01
1.91169e-02 6.02945e-01
1.91655e-02 6.01500e-01
1.92140e-02 6.00069e-01
1.92625e-02 5.98647e-01
1.93110e-02 5.97237e-01
1.93595e-02 5.95837e-01
1.94081e-02 5.94446e-01
1.94566e-02 5.93068e-01
1.95051e-02 5.91699e-01
1.95536e-02 5.90340e-01
1.96021e-02 5.88989e-01
1.96507e-02 5.87645e-01
1.96992e-02 5.86313e-01
1.97477e-02 5.84990e-01
1.97962e-02 5.83675e-01
1.98447e-02 5.82368e-01
1.98933e-02 5.81067e-01
1.99418e-02 5.79778e-01
1.99903e-02 5.78496e-01
2.00388e-02 5.77222e-01
2.00873e-02 5.75956e-01
2.01359e-02 5.74696e-01
2.01844e-02 5.73445e-01
2.02329e-02 5.72202e-01
2.02814e-02 5.70966e-01
2.03299e-02 5.69738e-01
2.03785e-02 5.68514e-01
2.04270e-02 5.67300e-01
2.04755e-02 5.66094e-01
2.05240e-02 5.64896e-01
2.05725e-02 5.63706e-01
2.06211e-02 5.62521e-01
2.06696e-02 5.61346e-01
2.07181e-02 5.60178e-01
2.07666e-02 5.59017e-01
2.08151e-02 5.57862e-01
2.08637e-02 5.56712e-01
2.09122e-02 5.55569e-01
2.09607e-02 5.54433e-01
2.10092e-02 5.53303e-01
2.10577e-02 5.52178e-01
2.11063e-02 5.51057e-01
2.11548e-02 5.49942e-01
2.12033e-02 5.48833e-01
2.12518e-02 5.47728e-01
2.13003e-02 5.46627e-01
2.13489e-02 5.45529e-01
2.13974e-02 5.44438e-01
2.14459e-02 5.43355e-01
2.14944e-02 5.42280e-01
2.15429e-02 5.41212e-01
2.15915e-02 5.40151e-01
2.16400e-02 5.39100e-01
2.16885e-02 5.38057e-01
2.17370e-02 5.37022e-01
2.17855e-02 5.35996e-01
2.18341e-02 5.34977e-01
2.18826e-02 5.33968e-01
2.19311e-02 5.32967e-01
2.19796e-02 5.31974e-01
2.20281e-02 5.30989e-01
2.20767e-02 5.30009e-01
2.21252e-02 5.29039e-01
2.21737e-02 5.28076e-01
2.22222e-02 5.27119e-01
2.22707e-02 5.26170e-01
2.23193e-02 5.25225e-01
2.23678e-02 5.24287e-01
2.24163e-02 5.23352e-01
2.24648e-02 5.22420e-01
2.25133e-02 5.21492e-01
2.25619e-02 5.20566e-01
2.26104e-02 5.19645e-01
2.26589e-02 5.18728e-01
2.27074e-02 5.17816e-01
2.27559e-02 5.16907e-01
2.28045e-02 5.16002e-01
2.28530e-02 5.15103e-01
2.29015e-02 5.14208e-01
2.29500e-02 5.13319e-01
2.29985e-02 5.12435e-01
2.30471e-02 5.11554e-01
2.30956e-02 5.10681e-01
2.31441e-02 5.09813e-01
2.31926e-02 5.08951e-01
2.32411e-02 5.08094e-01
2.32897e-02 5.07243e-01
2.33382e-02 5.06397e-01
2.33867e-02 5.05554e-01
2.34352e-02 5.04714e-01
2.34837e-02 5.03878e-01
2.35323e-02 5.03044e-01
2.35808e-02 5.02216e-01
2.36293e-02 5.01392e-01
2.36778e-02 5.00573e-01
2.37263e-02 4.99759e-01
2.37749e-02 4.98948e-01
2.38234e-02 4.98145e-01
2.38719e-02 4.97348e-01
2.39204e-02 4.96557e-01
2.39689e-02 4.95773e-01
2.40175e-02 4.94995e-01
2.40660e-02 4.94225e-01
2.41145e-02 4.93462e-01
2.41630e-02 4.92708e-01
2.42115e-02 4.91961e-01
2.42601e-02 4.91222e-01
2.50000e-02 4.80353e-01
2.60000e-02 4.66783e-01
2.70000e-02 4.54665e-01
2.80000e-02 4.43827e-01
2.90000e-02 4.33959e-01
3.00000e-02 4.24860e-01
3.10000e-02 4.16450e-01
3.20000e-02 4.08601e-01
3.40000e-02 3.94329e-01
3.60000e-02 3.81309e-01
3.80000e-02 3.69029e-01
4.00000e-02 3.57358e-01
4.20000e-02 3.46205e-01
4.40000e-02 3.35269e-01
4.60000e-02 3.24440e-01
4.80000e-02 3.13793e-01
5.00000e-02 3.03363e-01
5.25000e-02 2.90600e-01
5.50000e-02 2.78081e-01
5.75000e-02 2.65827e-01
6.00000e-02 2.53929e-01
6.25000e-02 2.42362e-01
6.50000e-02 2.31101e-01
6.75000e-02 2.20204e-01
7.00000e-02 2.09867e-01
7.25000e-02 1.99961e-01
7.50000e-02 1.90344e-01
8.00000e-02 1.72309e-01
8.50000e-02 1.55868e-01
9.00000e-02 1.41020e-01
1.00000e-01 1.15538e-01
1.05000e-01 1.04536e-01
1.10000e-01 9.47495e-02
1.15000e-01 8.59398e-02
1.20000e-01 7.79828e-02
1.25000e-01 7.08504e-02
1.30000e-01 6.44994e-02
1.35000e-01 5.87168e-02
1.40000e-01 5.35318e-02
1.45000e-01 4.88798e-02
1.50000e-01 4.47350e-02
1.55000e-01 4.09366e-02
1.60000e-01 3.74743e-02
1.65000e-01 3.43714e-02
1.70000e-01 3.15633e-02
1.75000e-01 2.90328e-02
1.80000e-01 2.67807e-02
1.85000e-01 2.46905e-02
1.90000e-01 2.27591e-02
1.95000e-01 2.10505e-02
2.00000e-01 1.94727e-02
2.10000e-01 1.67670e-02
2.20000e-01 1.44523e-02
2.30000e-01 1.25255e-02
2.40000e-01 1.08935e-02
2.50000e-01 9.52401e-03
2.60000e-01 8.34727e-03
2.70000e-01 7.34208e-03
2.80000e-01 6.47629e-03
2.90000e-01 5.73269e-03
3.00000e-01 5.09069e-03
3.10000e-01 4.53940e-03
3.20000e-01 4.05297e-03
3.30000e-01 3.63152e-03
3.40000e-01 3.26233e-03
3.50000e-01 2.93633e-03
3.60000e-01 2.65253e-03
3.70000e-01 2.40004e-03
3.80000e-01 2.17340e-03
3.90000e-01 1.97925e-03
4.00000e-01 1.80664e-03
4.10000e-01 1.64832e-03
4.20000e-01 1.50480e-03
4.40000e-01 1.26367e-03
4.60000e-01 1.06932e-03
4.80000e-01 9.10126e-04
5.00000e-01 7.80322e-04
5.20000e-01 6.71822e-04
5.40000e-01 5.81891e-04
5.60000e-01 5.04948e-04
5.80000e-01 4.41975e-04
6.00000e-01 3.90783e-04
6.25000e-01 3.34131e-04
6.75000e-01 2.46322e-04
7.00000e-01 2.14319e-04
7.25000e-01 1.86884e-04
7.50000e-01 1.63577e-04
7.75000e-01 1.44019e-04
8.00000e-01 1.27389e-04
8.25000e-01 1.12899e-04
8.50000e-01 1.00382e-04
9.00000e-01 8.03572e-05
9.50000e-01 6.49458e-05
1.00000e+00 5.31157e-05
1.05000e+00 4.37810e-05
1.10000e+00 3.66667e-05
1.15000e+00 3.07460e-05
1.20000e+00 2.59341e-05
1.25000e+00 2.21111e-05
1.30000e+00 1.89296e-05
1.35000e+00 1.63100e-05
1.40000e+00 1.41381e-05
1.45000e+00 1.22915e-05
1.50000e+00 1.07653e-05
1.55000e+00 9.48586e-06
1.60000e+00 8.35769e-06
1.65000e+00 7.38549e-06
1.70000e+00 6.57449e-06
1.75000e+00 5.88093e-06
1.80000e+00 5.26211e-06
1.85000e+00 4.71552e-06
1.90000e+00 4.23868e-06
1.95000e+00 3.82868e-06
2.00000e+00 3.46730e-06
2.10000e+00 2.85669e-06
2.20000e+00 2.37868e-06
2.30000e+00 1.97965e-06
2.40000e+00 1.67563e-06
2.50000e+00 1.47513e-06
2.60000e+00 1.29431e-06
2.70000e+00 1.12878e-06
2.80000e+00 9.78899e-07
2.90000e+00 8.45061e-07
3.00000e+00 7.27641e-07
3.10000e+00 6.27019e-07
3.20000e+00 5.43572e-07
3.30000e+00 4.77681e-07
3.40000e+00 4.29712e-07
3.50000e+00 3.91163e-07
3.60000e+00 3.54513e-07
3.70000e+00 3.19885e-07
3.80000e+00 2.87402e-07
3.90000e+00 2.57188e-07
4.00000e+00 2.29365e-07
4.10000e+00 2.04057e-07
4.20000e+00 1.81386e-07
4.30000e+00 1.61476e-07
4.60000e+00 1.19539e-07
4.80000e+00 1.07640e-07
5.00000e+00 1.05772e-07
5.20000e+00 1.04394e-07
5.40000e+00 1.03029e-07
5.60000e+00 1.01676e-07
5.80000e+00 1.00334e-07
6.00000e+00 9.90046e-08
6.50000e+00 9.57318e-08
7.00000e+00 9.25318e-08
7.25000e+00 9.09588e-08
7.50000e+00 8.94036e-08
7.75000e+00 8.78663e-08
8.00000e+00 8.63466e-08
8.25000e+00 8.48445e-08
8.50000e+00 8.33598e-08
8.75000e+00 8.18925e-08
9.00000e+00 8.04425e-08
9.50000e+00 7.75939e-08
1.00000e+01 7.48131e-08
1.25000e+01 6.18981e-08
1.50000e+01 5.05571e-08
1.75000e+01 4.06880e-08
2.00000e+01 3.21893e-08
2.25000e+01 2.49590e-08
2.50000e+01 1.88954e-08
2.75000e+01 1.38968e-08
3.00000e+01 9.86125e-09
3.50000e+01 4.27244e-09
4.00000e+01 1.31470e-09
4.50000e+01 1.73755e-10
5.00000e+01 2.00383e-11
5.50000e+01 2.00321e-11
6.00000e+01 2.00259e-11
7.00000e+01 2.00136e-11
8.00000e+01 2.00012e-11
9.00000e+01 1.99888e-11
1.00000e+02 1.99764e-11
1.50000e+02 1.99147e-11
3.00000e+02 1.97301e-11
4.50000e+02 1.95468e-11
6.00000e+02 1.93645e-11
1.00000e+03 1.88841e-11
3.00000e+03 1.66007e-11
1.00000e+04 1.00648e-11
3.00000e+04 1.12270e-12
1.00000e+05 1.05414e-20
3.00000e+05 1.04114e-20
1.00000e+06 9.96497e-21
3.00000e+06 8.76016e-21
1.00000e+07 5.31149e-21
3.00000e+07 5.92717e-22
1.00000e+08 5.92717e-23
