1.00000e-09 1.02000e+00
1.00000e-06 1.02000e+00
4.85201e-06 1.02000e+00
9.70403e-06 1.02000e+00
1.45560e-05 1.02000e+00
1.94081e-05 1.02000e+00
2.42601e-05 1.02000e+00
2.91121e-05 1.02000e+00
3.39641e-05 1.02000e+00
3.88161e-05 1.02000e+00
4.36681e-05 1.02000e+00
4.85201e-05 1.02000e+00
5.33721e-05 1.02000e+00
5.82242e-05 1.02000e+00
6.30762e-05 1.02000e+00
6.79282e-05 1.02000e+00
7.27802e-05 1.02000e+00
7.76322e-05 1.02000e+00
8.24842e-05 1.02000e+00
8.73362e-05 1.02000e+00
9.21883e-05 1.02000e+00
9.70403e-05 1.02000e+00
1.01892e-04 1.02000e+00
1.06744e-04 1.02000e+00
1.11596e-04 1.02000e+00
1.16448e-04 1.02000e+00
1.21300e-04 1.02000e+00
1.26152e-04 1.02000e+00
1.31004e-04 1.02000e+00
1.35856e-04 1.02000e+00
1.40708e-04 1.02000e+00
1.45560e-04 1.02000e+00
1.50412e-04 1.02000e+00
1.55264e-04 1.02000e+00
1.60116e-04 1.02000e+00
1.64968e-04 1.02000e+00
1.69820e-04 1.02000e+00
1.74672e-04 1.02000e+00
1.79525e-04 1.02000e+00
1.84377e-04 1.02000e+00
1.89229e-04 1.02000e+00
1.94081e-04 1.02000e+00
1.98933e-04 1.02000e+00
2.03785e-04 1.02000e+00
2.08637e-04 1.02000e+00
2.13489e-04 1.02000e+00
2.18341e-04 1.02000e+00
2.23193e-04 1.02000e+00
2.28045e-04 1.02000e+00
2.32897e-04 1.02000e+00
2.37749e-04 1.02000e+00
2.42601e-04 1.02000e+00
2.47453e-04 1.02000e+00
2.52305e-04 1.02000e+00
2.57157e-04 1.02000e+00
2.62009e-04 1.02000e+00
2.66861e-04 1.02000e+00
2.71713e-04 1.02000e+00
2.76565e-04 1.02000e+00
2.81417e-04 1.02000e+00
2.86269e-04 1.02000e+00
2.91121e-04 1.02000e+00
2.95973e-04 1.02000e+00
3.00825e-04 1.02000e+00
3.05677e-04 1.02000e+00
3.10529e-04 1.02000e+00
3.15381e-04 1.02000e+00
3.20233e-04 1.02000e+00
3.25085e-04 1.02000e+00
3.29937e-04 1.02000e+00
3.34789e-04 1.02000e+00
3.39641e-04 1.02000e+00
3.44493e-04 1.02000e+00
3.49345e-04 1.02000e+00
3.54197e-04 1.02000e+00
3.59049e-04 1.02000e+00
3.63901e-04 1.02000e+00
3.68753e-04 1.02000e+00
3.73605e-04 1.02000e+00
3.78457e-04 1.02000e+00
3.83309e-04 1.02000e+00
3.88161e-04 1.02000e+00
3.93013e-04 1.02000e+00
3.97865e-04 1.02000e+00
4.02717e-04 1.02000e+00
4.07569e-04 1.02000e+00
4.12421e-04 1.02000e+00
4.17273e-04 1.02000e+00
4.22125e-04 1.02000e+00
4.26977e-04 1.02000e+00
4.31829e-04 1.02000e+00
4.36681e-04 1.02000e+00
4.41533e-04 1.02000e+00
4.46385e-04 1.02000e+00
4.51237e-04 1.02000e+00
4.56089e-04 1.02000e+00
4.60941e-04 1.02000e+00
4.65793e-04 1.02000e+00
4.70645e-04 1.02000e+00
4.75497e-04 1.02000e+00
4.80349e-04 1.02000e+00
4.85201e-04 1.02000e+00
4.90053e-04 1.02000e+00
4.94905e-04 1.02000e+00
4.99757e-04 1.02000e+00
5.04609e-04 1.02000e+00
5.09461e-04 1.02000e+00
5.14313e-04 1.02000e+00
5.19165e-04 1.02000e+00
5.24017e-04 1.02000e+00
5.28869e-04 1.02000e+00
5.33721e-04 1.02000e+00
5.38574e-04 1.02000e+00
5.43426e-04 1.02000e+00
5.48278e-04 1.02000e+00
5.53130e-04 1.02000e+00
5.57982e-04 1.02000e+00
5.62834e-04 1.02000e+00
5.67686e-04 1.02000e+00
5.72538e-04 1.02000e+00
5.77390e-04 1.02000e+00
5.82242e-04 1.02000e+00
5.87094e-04 1.02000e+00
5.91946e-04 1.02000e+00
5.96798e-04 1.02000e+00
6.01650e-04 1.02000e+00
6.06502e-04 1.02000e+00
6.11354e-04 1.02000e+00
6.16206e-04 1.02000e+00
6.21058e-04 1.02000e+00
6.25910e-04 1.02000e+00
6.30762e-04 1.02000e+00
6.35614e-04 1.02000e+00
6.40466e-04 1.02000e+00
6.45318e-04 1.02000e+00
6.50170e-04 1.02000e+00
6.55022e-04 1.02000e+00
6.59874e-04 1.02000e+00
6.64726e-04 1.02000e+00
6.69578e-04 1.02000e+00
6.74430e-04 1.02000e+00
6.79282e-04 1.02000e+00
6.84134e-04 1.02000e+00
6.88986e-04 1.02000e+00
6.93838e-04 1.02000e+00
6.98690e-04 1.02000e+00
7.03542e-04 1.02000e+00
7.08394e-04 1.02000e+00
7.13246e-04 1.02000e+00
7.18098e-04 1.02000e+00
7.22950e-04 1.02000e+00
7.27802e-04 1.02000e+00
7.32654e-04 1.02000e+00
7.37506e-04 1.02000e+00
7.42358e-04 1.02000e+00
7.47210e-04 1.02000e+00
7.52062e-04 1.02000e+00
7.56914e-04 1.02000e+00
7.61766e-04 1.02000e+00
7.66618e-04 1.02000e+00
7.71470e-04 1.02000e+00
7.76322e-04 1.02000e+00
7.81174e-04 1.02000e+00
7.86026e-04 1.02000e+00
7.90878e-04 1.02000e+00
7.95730e-04 1.02000e+00
8.00582e-04 1.02000e+00
8.05434e-04 1.02000e+00
8.10286e-04 1.02000e+00
8.15138e-04 1.02000e+00
8.19990e-04 1.02000e+00
8.24842e-04 1.02000e+00
8.29694e-04 1.02000e+00
8.34546e-04 1.02000e+00
8.39398e-04 1.02000e+00
8.44250e-04 1.02000e+00
8.49102e-04 1.02000e+00
8.53954e-04 1.02000e+00
8.58806e-04 1.02000e+00
8.63658e-04 1.02000e+00
8.68510e-04 1.02000e+00
8.73362e-04 1.02000e+00
8.78214e-04 1.02000e+00
8.83066e-04 1.02000e+00
8.87918e-04 1.02000e+00
8.92770e-04 1.02000e+00
8.97623e-04 1.02000e+00
9.02475e-04 1.02000e+00
9.07327e-04 1.02000e+00
9.12179e-04 1.02000e+00
9.17031e-04 1.02000e+00
9.21883e-04 1.02000e+00
9.26735e-04 1.02000e+00
9.31587e-04 1.02000e+00
9.36439e-04 1.02000e+00
9.41291e-04 1.02000e+00
9.46143e-04 1.02000e+00
9.50995e-04 1.02000e+00
9.55847e-04 1.02000e+00
9.60699e-04 1.02000e+00
9.65551e-04 1.02000e+00
9.70403e-04 1.02000e+00
9.75255e-04 1.02000e+00
9.80107e-04 1.02000e+00
9.84959e-04 1.02000e+00
9.89811e-04 1.02000e+00
9.94663e-04 1.02000e+00
9.99515e-04 1.02000e+00
1.00437e-03 1.02000e+00
1.00922e-03 1.02000e+00
1.01407e-03 1.02000e+00
1.01892e-03 1.02000e+00
1.02377e-03 1.02000e+00
1.02863e-03 1.02000e+00
1.03348e-03 1.02000e+00
1.03833e-03 1.02000e+00
1.04318e-03 1.02000e+00
1.04803e-03 1.02000e+00
1.05289e-03 1.02000e+00
1.05774e-03 1.02000e+00
1.06259e-03 1.02000e+00
1.06744e-03 1.02000e+00
1.07230e-03 1.02000e+00
1.07715e-03 1.02000e+00
1.08200e-03 1.02000e+00
1.08685e-03 1.02000e+00
1.09170e-03 1.02000e+00
1.09656e-03 1.02000e+00
1.10141e-03 1.02000e+00
1.10626e-03 1.02000e+00
1.11111e-03 1.02000e+00
1.11596e-03 1.02000e+00
1.12082e-03 1.02000e+00
1.12567e-03 1.02000e+00
1.13052e-03 1.02000e+00
1.13537e-03 1.02000e+00
1.14022e-03 1.02000e+00
1.14508e-03 1.02000e+00
1.14993e-03 1.02000e+00
1.15478e-03 1.02000e+00
1.15963e-03 1.02000e+00
1.16448e-03 1.02000e+00
1.16934e-03 1.02000e+00
1.17419e-03 1.02000e+00
1.17904e-03 1.02000e+00
1.18389e-03 1.02000e+00
1.18874e-03 1.02000e+00
1.19360e-03 1.02000e+00
1.19845e-03 1.02000e+00
1.20330e-03 1.02000e+00
1.20815e-03 1.02000e+00
1.21300e-03 1.02000e+00
1.21786e-03 1.02000e+00
1.22271e-03 1.02000e+00
1.22756e-03 1.02000e+00
1.23241e-03 1.02000e+00
1.23726e-03 1.02000e+00
1.24212e-03 1.02000e+00
1.24697e-03 1.02000e+00
1.25182e-03 1.02000e+00
1.25667e-03 1.02000e+00
1.26152e-03 1.02000e+00
1.26638e-03 1.02000e+00
1.27123e-03 1.02000e+00
1.27608e-03 1.02000e+00
1.28093e-03 1.02000e+00
1.28578e-03 1.02000e+00
1.29064e-03 1.02000e+00
1.29549e-03 1.02000e+00
1.30034e-03 1.02000e+00
1.30519e-03 1.02000e+00
1.31004e-03 1.02000e+00
1.31490e-03 1.02000e+00
1.31975e-03 1.02000e+00
1.32460e-03 1.02000e+00
1.32945e-03 1.02000e+00
1.33430e-03 1.02000e+00
1.33916e-03 1.02000e+00
1.34401e-03 1.02000e+00
1.34886e-03 1.02000e+00
1.35371e-03 1.02000e+00
1.35856e-03 1.02000e+00
1.36342e-03 1.02000e+00
1.36827e-03 1.02000e+00
1.37312e-03 1.02000e+00
1.37797e-03 1.02000e+00
1.38282e-03 1.02000e+00
1.38768e-03 1.02000e+00
1.39253e-03 1.02000e+00
1.39738e-03 1.02000e+00
1.40223e-03 1.02000e+00
1.40708e-03 1.02000e+00
1.41194e-03 1.02000e+00
1.41679e-03 1.02000e+00
1.42164e-03 1.02000e+00
1.42649e-03 1.02000e+00
1.43134e-03 1.02000e+00
1.43620e-03 1.02000e+00
1.44105e-03 1.02000e+00
1.44590e-03 1.02000e+00
1.45075e-03 1.02000e+00
1.45560e-03 1.02000e+00
1.46046e-03 1.02000e+00
1.46531e-03 1.02000e+00
1.47016e-03 1.02000e+00
1.47501e-03 1.02000e+00
1.47986e-03 1.02000e+00
1.48472e-03 1.02000e+00
1.48957e-03 1.02000e+00
1.49442e-03 1.02000e+00
1.49927e-03 1.02000e+00
1.50412e-03 1.02000e+00
1.50898e-03 1.02000e+00
1.51383e-03 1.02000e+00
1.51868e-03 1.02000e+00
1.52353e-03 1.02000e+00
1.52838e-03 1.02000e+00
1.53324e-03 1.02000e+00
1.53809e-03 1.02000e+00
1.54294e-03 1.02000e+00
1.54779e-03 1.02000e+00
1.55264e-03 1.02000e+00
1.55750e-03 1.02000e+00
1.56235e-03 1.02000e+00
1.56720e-03 1.02000e+00
1.57205e-03 1.02000e+00
1.57690e-03 1.02000e+00
1.58176e-03 1.02000e+00
1.58661e-03 1.02000e+00
1.59146e-03 1.02000e+00
1.59631e-03 1.02000e+00
1.60116e-03 1.02000e+00
1.60602e-03 1.02000e+00
1.61087e-03 1.02000e+00
1.61572e-03 1.02000e+00
1.62057e-03 1.02000e+00
1.62542e-03 1.02000e+00
1.63028e-03 1.02000e+00
1.63513e-03 1.02000e+00
1.63998e-03 1.02000e+00
1.64483e-03 1.02000e+00
1.64968e-03 1.02000e+00
1.65454e-03 1.02000e+00
1.65939e-03 1.02000e+00
1.66424e-03 1.02000e+00
1.66909e-03 1.02000e+00
1.67394e-03 1.02000e+00
1.67880e-03 1.02000e+00
1.68365e-03 1.02000e+00
1.68850e-03 1.02000e+00
1.69335e-03 1.02000e+00
1.69820e-03 1.02000e+00
1.70306e-03 1.02000e+00
1.70791e-03 1.02000e+00
1.71276e-03 1.02000e+00
1.71761e-03 1.02000e+00
1.72246e-03 1.02000e+00
1.72732e-03 1.02000e+00
1.73217e-03 1.02000e+00
1.73702e-03 1.02000e+00
1.74187e-03 1.02000e+00
1.74672e-03 1.02000e+00
1.75158e-03 1.02000e+00
1.75643e-03 1.02000e+00
1.76128e-03 1.02000e+00
1.76613e-03 1.02000e+00
1.77098e-03 1.02000e+00
1.77584e-03 1.02000e+00
1.78069e-03 1.02000e+00
1.78554e-03 1.02000e+00
1.79039e-03 1.02000e+00
1.79525e-03 1.02000e+00
1.80010e-03 1.02000e+00
1.80495e-03 1.02000e+00
1.80980e-03 1.02000e+00
1.81465e-03 1.02000e+00
1.81951e-03 1.02000e+00
1.82436e-03 1.02000e+00
1.82921e-03 1.02000e+00
1.83406e-03 1.02000e+00
1.83891e-03 1.02000e+00
1.84377e-03 1.02000e+00
1.84862e-03 1.02000e+00
1.85347e-03 1.02000e+00
1.85832e-03 1.02000e+00
1.86317e-03 1.02000e+00
1.86803e-03 1.02000e+00
1.87288e-03 1.02000e+00
1.87773e-03 1.02000e+00
1.88258e-03 1.02000e+00
1.88743e-03 1.02000e+00
1.89229e-03 1.02000e+00
1.89714e-03 1.02000e+00
1.90199e-03 1.02000e+00
1.90684e-03 1.02000e+00
1.91169e-03 1.02000e+00
1.91655e-03 1.02000e+00
1.92140e-03 1.02000e+00
1.92625e-03 1.02000e+00
1.93110e-03 1.02000e+00
1.93595e-03 1.02000e+00
1.94081e-03 1.02000e+00
1.94566e-03 1.02000e+00
1.95051e-03 1.02000e+00
1.95536e-03 1.02000e+00
1.96021e-03 1.02000e+00
1.96507e-03 1.02000e+00
1.96992e-03 1.02000e+00
1.97477e-03 1.02000e+00
1.97962e-03 1.02000e+00
1.98447e-03 1.02000e+00
1.98933e-03 1.02000e+00
1.99418e-03 1.02000e+00
1.99903e-03 1.02000e+00
2.00388e-03 1.02000e+00
2.00873e-03 1.02000e+00
2.01359e-03 1.02000e+00
2.01844e-03 1.02000e+00
2.02329e-03 1.02000e+00
2.02814e-03 1.02000e+00
2.03299e-03 1.02000e+00
2.03785e-03 1.02000e+00
2.04270e-03 1.02000e+00
2.04755e-03 1.02000e+00
2.05240e-03 1.02000e+00
2.05725e-03 1.02000e+00
2.06211e-03 1.02000e+00
2.06696e-03 1.02000e+00
2.07181e-03 1.02000e+00
2.07666e-03 1.02000e+00
2.08151e-03 1.02000e+00
2.08637e-03 1.02000e+00
2.09122e-03 1.02000e+00
2.09607e-03 1.02000e+00
2.10092e-03 1.02000e+00
2.10577e-03 1.02000e+00
2.11063e-03 1.02000e+00
2.11548e-03 1.02000e+00
2.12033e-03 1.02000e+00
2.12518e-03 1.02000e+00
2.13003e-03 1.02000e+00
2.13489e-03 1.02000e+00
2.13974e-03 1.02000e+00
2.14459e-03 1.02000e+00
2.14944e-03 1.02000e+00
2.15429e-03 1.02000e+00
2.15915e-03 1.02000e+00
2.16400e-03 1.02000e+00
2.16885e-03 1.02000e+00
2.17370e-03 1.02000e+00
2.17855e-03 1.02000e+00
2.18341e-03 1.02000e+00
2.18826e-03 1.02000e+00
2.19311e-03 1.02000e+00
2.19796e-03 1.02000e+00
2.20281e-03 1.02000e+00
2.20767e-03 1.02000e+00
2.21252e-03 1.02000e+00
2.21737e-03 1.02000e+00
2.22222e-03 1.02000e+00
2.22707e-03 1.02000e+00
2.23193e-03 1.02000e+00
2.23678e-03 1.02000e+00
2.24163e-03 1.02000e+00
2.24648e-03 1.02000e+00
2.25133e-03 1.02000e+00
2.25619e-03 1.02000e+00
2.26104e-03 1.02000e+00
2.26589e-03 1.02000e+00
2.27074e-03 1.02000e+00
2.27559e-03 1.02000e+00
2.28045e-03 1.02000e+00
2.28530e-03 1.02000e+00
2.29015e-03 1.02000e+00
2.29500e-03 1.02000e+00
2.29985e-03 1.02000e+00
2.30471e-03 1.02000e+00
2.30956e-03 1.02000e+00
2.31441e-03 1.02000e+00
2.31926e-03 1.02000e+00
2.32411e-03 1.02000e+00
2.32897e-03 1.02000e+00
2.33382e-03 1.02000e+00
2.33867e-03 1.02000e+00
2.34352e-03 1.02000e+00
2.34837e-03 1.02000e+00
2.35323e-03 1.02000e+00
2.35808e-03 1.02000e+00
2.36293e-03 1.02000e+00
2.36778e-03 1.02000e+00
2.37263e-03 1.02000e+00
2.37749e-03 1.02000e+00
2.38234e-03 1.02000e+00
2.38719e-03 1.02000e+00
2.39204e-03 1.02000e+00
2.39689e-03 1.02000e+00
2.40175e-03 1.02000e+00
2.40660e-03 1.02000e+00
2.41145e-03 1.02000e+00
2.41630e-03 1.02000e+00
2.42115e-03 1.02000e+00
2.42601e-03 1.02000e+00
2.47453e-03 1.02015e+00
2.52305e-03 1.02059e+00
2.57157e-03 1.02129e+00
2.62009e-03 1.02224e+00
2.66861e-03 1.02342e+00
2.71713e-03 1.02480e+00
2.76565e-03 1.02637e+00
2.81417e-03 1.02811e+00
2.86269e-03 1.02999e+00
2.91121e-03 1.03200e+00
2.95973e-03 1.03485e+00
3.00825e-03 1.03915e+00
3.05677e-03 1.04474e+00
3.10529e-03 1.05145e+00
3.15381e-03 1.05911e+00
3.20233e-03 1.06757e+00
3.25085e-03 1.07665e+00
3.29937e-03 1.08620e+00
3.34789e-03 1.09603e+00
3.39641e-03 1.10600e+00
3.44493e-03 1.11646e+00
3.49345e-03 1.12793e+00
3.54197e-03 1.14042e+00
3.59049e-03 1.15396e+00
3.63901e-03 1.16859e+00
3.68753e-03 1.18433e+00
3.73605e-03 1.20121e+00
3.78457e-03 1.21927e+00
3.83309e-03 1.23852e+00
3.88161e-03 1.25900e+00
3.93013e-03 1.28219e+00
3.97865e-03 1.30918e+00
4.02717e-03 1.33946e+00
4.07569e-03 1.37250e+00
4.12421e-03 1.40776e+00
4.17273e-03 1.44473e+00
4.22125e-03 1.48286e+00
4.26977e-03 1.52164e+00
4.31829e-03 1.56052e+00
4.36681e-03 1.59900e+00
4.41533e-03 1.63868e+00
4.46385e-03 1.68107e+00
4.51237e-03 1.72546e+00
4.56089e-03 1.77112e+00
4.60941e-03 1.81736e+00
4.65793e-03 1.86344e+00
4.70645e-03 1.90866e+00
4.75497e-03 1.95230e+00
4.80349e-03 1.99365e+00
4.85201e-03 2.03200e+00
4.90053e-03 2.07052e+00
4.94905e-03 2.11182e+00
4.99757e-03 2.15427e+00
5.04609e-03 2.19629e+00
5.09461e-03 2.23625e+00
5.14313e-03 2.27255e+00
5.19165e-03 2.30359e+00
5.24017e-03 2.32774e+00
5.28869e-03 2.34342e+00
5.33721e-03 2.34900e+00
5.38574e-03 2.34473e+00
5.43426e-03 2.33270e+00
5.48278e-03 2.31403e+00
5.53130e-03 2.28989e+00
5.57982e-03 2.26141e+00
5.62834e-03 2.22974e+00
5.67686e-03 2.19602e+00
5.72538e-03 2.16139e+00
5.77390e-03 2.12700e+00
5.82242e-03 2.09400e+00
5.87094e-03 2.05890e+00
5.91946e-03 2.01839e+00
5.96798e-03 1.97387e+00
6.01650e-03 1.92674e+00
6.06502e-03 1.87837e+00
6.11354e-03 1.83018e+00
6.16206e-03 1.78355e+00
6.21058e-03 1.73989e+00
6.25910e-03 1.70057e+00
6.30762e-03 1.66700e+00
6.35614e-03 1.63751e+00
6.40466e-03 1.60947e+00
6.45318e-03 1.58285e+00
6.50170e-03 1.55761e+00
6.55022e-03 1.53371e+00
6.59874e-03 1.51112e+00
6.64726e-03 1.48978e+00
6.69578e-03 1.46968e+00
6.74430e-03 1.45076e+00
6.79282e-03 1.43300e+00
6.84134e-03 1.41617e+00
6.88986e-03 1.40009e+00
6.93838e-03 1.38473e+00
6.98690e-03 1.37010e+00
7.03542e-03 1.35619e+00
7.08394e-03 1.34298e+00
7.13246e-03 1.33046e+00
7.18098e-03 1.31864e+00
7.22950e-03 1.30748e+00
7.27802e-03 1.29700e+00
7.32654e-03 1.28734e+00
7.37506e-03 1.27853e+00
7.42358e-03 1.27039e+00
7.47210e-03 1.26272e+00
7.52062e-03 1.25533e+00
7.56914e-03 1.24804e+00
7.61766e-03 1.24065e+00
7.66618e-03 1.23298e+00
7.71470e-03 1.22482e+00
7.76322e-03 1.21600e+00
7.81174e-03 1.20584e+00
7.86026e-03 1.19415e+00
7.90878e-03 1.18146e+00
7.95730e-03 1.16829e+00
8.00582e-03 1.15519e+00
8.05434e-03 1.14267e+00
8.10286e-03 1.13126e+00
8.15138e-03 1.12149e+00
8.19990e-03 1.11390e+00
8.24842e-03 1.10900e+00
8.29694e-03 1.10595e+00
8.34546e-03 1.10345e+00
8.39398e-03 1.10138e+00
8.44250e-03 1.09962e+00
8.49102e-03 1.09806e+00
8.53954e-03 1.09658e+00
8.58806e-03 1.09505e+00
8.63658e-03 1.09336e+00
8.68510e-03 1.09138e+00
8.73362e-03 1.08900e+00
8.78214e-03 1.08585e+00
8.83066e-03 1.08182e+00
8.87918e-03 1.07718e+00
8.92770e-03 1.07222e+00
8.97623e-03 1.06720e+00
9.02475e-03 1.06241e+00
9.07327e-03 1.05812e+00
9.12179e-03 1.05460e+00
9.17031e-03 1.05214e+00
9.21883e-03 1.05100e+00
9.26735e-03 1.05067e+00
9.31587e-03 1.05042e+00
9.36439e-03 1.05024e+00
9.41291e-03 1.05010e+00
9.46143e-03 1.04998e+00
9.50995e-03 1.04986e+00
9.55847e-03 1.04972e+00
9.60699e-03 1.04955e+00
9.65551e-03 1.04931e+00
9.70403e-03 1.04900e+00
9.75255e-03 1.04817e+00
9.80107e-03 1.04656e+00
9.84959e-03 1.04436e+00
9.89811e-03 1.04179e+00
9.94663e-03 1.03905e+00
9.99515e-03 1.03634e+00
1.00437e-02 1.03387e+00
1.00922e-02 1.03186e+00
1.01407e-02 1.03050e+00
1.01892e-02 1.03000e+00
1.02377e-02 1.03034e+00
1.02863e-02 1.03125e+00
1.03348e-02 1.03259e+00
1.03833e-02 1.03422e+00
1.04318e-02 1.03600e+00
1.04803e-02 1.03777e+00
1.05289e-02 1.03941e+00
1.05774e-02 1.04075e+00
1.06259e-02 1.04166e+00
1.06744e-02 1.04200e+00
1.07230e-02 1.04129e+00
1.07715e-02 1.03934e+00
1.08200e-02 1.03645e+00
1.08685e-02 1.03288e+00
1.09170e-02 1.02891e+00
1.09656e-02 1.02483e+00
1.10141e-02 1.02092e+00
1.10626e-02 1.01746e+00
1.11111e-02 1.01473e+00
1.11596e-02 1.01300e+00
1.12082e-02 1.01200e+00
1.12567e-02 1.01122e+00
1.13052e-02 1.01061e+00
1.13537e-02 1.01010e+00
1.14022e-02 1.00963e+00
1.14508e-02 1.00916e+00
1.14993e-02 1.00861e+00
1.15478e-02 1.00795e+00
1.15963e-02 1.00709e+00
1.16448e-02 1.00600e+00
1.16934e-02 1.00399e+00
1.17419e-02 1.00059e+00
1.17904e-02 9.96064e-01
1.18389e-02 9.90661e-01
1.18874e-02 9.84634e-01
1.19360e-02 9.78223e-01
1.19845e-02 9.71709e-01
1.20330e-02 9.65332e-01
1.20815e-02 9.59346e-01
1.21300e-02 9.54003e-01
1.21786e-02 9.49136e-01
1.22271e-02 9.44409e-01
1.22756e-02 9.39778e-01
1.23241e-02 9.35207e-01
1.23726e-02 9.30658e-01
1.24212e-02 9.26088e-01
1.24697e-02 9.21480e-01
1.25182e-02 9.16786e-01
1.25667e-02 9.11973e-01
1.26152e-02 9.07004e-01
1.26638e-02 9.01825e-01
1.27123e-02 8.96457e-01
1.27608e-02 8.90915e-01
1.28093e-02 8.85225e-01
1.28578e-02 8.79412e-01
1.29064e-02 8.73490e-01
1.29549e-02 8.67510e-01
1.30034e-02 8.61484e-01
1.30519e-02 8.55438e-01
1.31004e-02 8.49399e-01
1.31490e-02 8.43380e-01
1.31975e-02 8.37431e-01
1.32460e-02 8.31566e-01
1.32945e-02 8.25810e-01
1.33430e-02 8.20189e-01
1.33916e-02 8.14718e-01
1.34401e-02 8.09445e-01
1.34886e-02 8.04384e-01
1.35371e-02 7.99562e-01
1.35856e-02 7.95003e-01
1.36342e-02 7.90601e-01
1.36827e-02 7.86260e-01
1.37312e-02 7.81974e-01
1.37797e-02 7.77750e-01
1.38282e-02 7.73590e-01
1.38768e-02 7.69491e-01
1.39253e-02 7.65475e-01
1.39738e-02 7.61537e-01
1.40223e-02 7.57682e-01
1.40708e-02 7.53915e-01
1.41194e-02 7.50231e-01
1.41679e-02 7.46651e-01
1.42164e-02 7.43172e-01
1.42649e-02 7.39798e-01
1.43134e-02 7.36533e-01
1.43620e-02 7.33376e-01
1.44105e-02 7.30344e-01
1.44590e-02 7.27435e-01
1.45075e-02 7.24653e-01
1.45560e-02 7.22002e-01
1.46046e-02 7.19454e-01
1.46531e-02 7.16989e-01
1.47016e-02 7.14599e-01
1.47501e-02 7.12280e-01
1.47986e-02 7.10028e-01
1.48472e-02 7.07836e-01
1.48957e-02 7.05710e-01
1.49442e-02 7.03640e-01
1.49927e-02 7.01625e-01
1.50412e-02 6.99659e-01
1.50898e-02 6.97737e-01
1.51383e-02 6.95861e-01
1.51868e-02 6.94026e-01
1.52353e-02 6.92227e-01
1.52838e-02 6.90461e-01
1.53324e-02 6.88721e-01
1.53809e-02 6.87011e-01
1.54294e-02 6.85323e-01
1.54779e-02 6.83655e-01
1.55264e-02 6.82001e-01
1.55750e-02 6.80358e-01
1.56235e-02 6.78730e-01
1.56720e-02 6.77119e-01
1.57205e-02 6.75524e-01
1.57690e-02 6.73949e-01
1.58176e-02 6.72391e-01
1.58661e-02 6.70861e-01
1.59146e-02 6.69356e-01
1.59631e-02 6.67878e-01
1.60116e-02 6.66429e-01
1.60602e-02 6.65009e-01
1.61087e-02 6.63626e-01
1.61572e-02 6.62277e-01
1.62057e-02 6.60967e-01
1.62542e-02 6.59696e-01
1.63028e-02 6.58464e-01
1.63513e-02 6.57278e-01
1.63998e-02 6.56137e-01
1.64483e-02 6.55044e-01
1.64968e-02 6.54001e-01
1.65454e-02 6.52980e-01
1.65939e-02 6.51960e-01
1.66424e-02 6.50944e-01
1.66909e-02 6.49935e-01
1.67394e-02 6.48937e-01
1.67880e-02 6.47953e-01
1.68365e-02 6.46990e-01
1.68850e-02 6.46050e-01
1.69335e-02 6.45137e-01
1.69820e-02 6.44255e-01
1.70306e-02 6.43407e-01
1.70791e-02 6.42598e-01
1.71276e-02 6.41833e-01
1.71761e-02 6.41114e-01
1.72246e-02 6.40446e-01
1.72732e-02 6.39831e-01
1.73217e-02 6.39276e-01
1.73702e-02 6.38783e-01
1.74187e-02 6.38357e-01
1.74672e-02 6.38000e-01
1.75158e-02 6.37686e-01
1.75643e-02 6.37384e-01
1.76128e-02 6.37094e-01
1.76613e-02 6.36816e-01
1.77098e-02 6.36550e-01
1.77584e-02 6.36296e-01
1.78069e-02 6.36054e-01
1.78554e-02 6.35824e-01
1.79039e-02 6.35606e-01
1.79525e-02 6.35400e-01
1.80010e-02 6.35206e-01
1.80495e-02 6.35024e-01
1.80980e-02 6.34854e-01
1.81465e-02 6.34696e-01
1.81951e-02 6.34550e-01
1.82436e-02 6.34416e-01
1.82921e-02 6.34294e-01
1.83406e-02 6.34184e-01
1.83891e-02 6.34086e-01
1.84377e-02 6.34000e-01
1.84862e-02 6.33924e-01
1.85347e-02 6.33857e-01
1.85832e-02 6.33798e-01
1.86317e-02 6.33745e-01
1.86803e-02 6.33697e-01
1.87288e-02 6.33654e-01
1.87773e-02 6.33614e-01
1.88258e-02 6.33578e-01
1.88743e-02 6.33543e-01
1.89229e-02 6.33508e-01
1.89714e-02 6.33474e-01
1.90199e-02 6.33438e-01
1.90684e-02 6.33401e-01
1.91169e-02 6.33360e-01
1.91655e-02 6.33316e-01
1.92140e-02 6.33266e-01
1.92625e-02 6.33211e-01
1.93110e-02 6.33149e-01
1.93595e-02 6.33079e-01
1.94081e-02 6.33000e-01
1.94566e-02 6.32909e-01
1.95051e-02 6.32801e-01
1.95536e-02 6.32677e-01
1.96021e-02 6.32537e-01
1.96507e-02 6.32380e-01
1.96992e-02 6.32206e-01
1.97477e-02 6.32017e-01
1.97962e-02 6.31810e-01
1.98447e-02 6.31587e-01
1.98933e-02 6.31346e-01
1.99418e-02 6.31089e-01
1.99903e-02 6.30815e-01
2.00388e-02 6.30524e-01
2.00873e-02 6.30216e-01
2.01359e-02 6.29889e-01
2.01844e-02 6.29546e-01
2.02329e-02 6.29186e-01
2.02814e-02 6.28809e-01
2.03299e-02 6.28413e-01
2.03785e-02 6.28000e-01
2.04270e-02 6.27502e-01
2.04755e-02 6.26859e-01
2.05240e-02 6.26080e-01
2.05725e-02 6.25174e-01
2.06211e-02 6.24149e-01
2.06696e-02 6.23017e-01
2.07181e-02 6.21786e-01
2.07666e-02 6.20466e-01
2.08151e-02 6.19065e-01
2.08637e-02 6.17590e-01
2.09122e-02 6.16057e-01
2.09607e-02 6.14471e-01
2.10092e-02 6.12841e-01
2.10577e-02 6.11178e-01
2.11063e-02 6.09487e-01
2.11548e-02 6.07783e-01
2.12033e-02 6.06074e-01
2.12518e-02 6.04368e-01
2.13003e-02 6.02674e-01
2.13489e-02 6.00999e-01
2.13974e-02 5.99271e-01
2.14459e-02 5.97414e-01
2.14944e-02 5.95442e-01
2.15429e-02 5.93369e-01
2.15915e-02 5.91205e-01
2.16400e-02 5.88972e-01
2.16885e-02 5.86680e-01
2.17370e-02 5.84344e-01
2.17855e-02 5.81978e-01
2.18341e-02 5.79591e-01
2.18826e-02 5.77207e-01
2.19311e-02 5.74835e-01
2.19796e-02 5.72490e-01
2.20281e-02 5.70186e-01
2.20767e-02 5.67931e-01
2.21252e-02 5.65751e-01
2.21737e-02 5.63654e-01
2.22222e-02 5.61654e-01
2.22707e-02 5.59765e-01
2.23193e-02 5.57999e-01
2.23678e-02 5.56337e-01
2.24163e-02 5.54738e-01
2.24648e-02 5.53195e-01
2.25133e-02 5.51704e-01
2.25619e-02 5.50255e-01
2.26104e-02 5.48848e-01
2.26589e-02 5.47474e-01
2.27074e-02 5.46128e-01
2.27559e-02 5.44804e-01
2.28045e-02 5.43493e-01
2.28530e-02 5.42195e-01
2.29015e-02 5.40901e-01
2.29500e-02 5.39606e-01
2.29985e-02 5.38303e-01
2.30471e-02 5.36984e-01
2.30956e-02 5.35649e-01
2.31441e-02 5.34289e-01
2.31926e-02 5.32899e-01
2.32411e-02 5.31472e-01
2.32897e-02 5.29999e-01
2.33382e-02 5.28498e-01
2.33867e-02 5.26982e-01
2.34352e-02 5.25451e-01
2.34837e-02 5.23906e-01
2.35323e-02 5.22344e-01
2.35808e-02 5.20774e-01
2.36293e-02 5.19193e-01
2.36778e-02 5.17601e-01
2.37263e-02 5.16000e-01
2.37749e-02 5.14387e-01
2.38234e-02 5.12769e-01
2.38719e-02 5.11145e-01
2.39204e-02 5.09514e-01
2.39689e-02 5.07879e-01
2.40175e-02 5.06235e-01
2.40660e-02 5.04592e-01
2.41145e-02 5.02946e-01
2.41630e-02 5.01299e-01
2.42115e-02 4.99650e-01
2.42601e-02 4.97999e-01
2.50000e-02 4.71403e-01
2.60000e-02 4.42902e-01
2.70000e-02 4.28531e-01
2.80000e-02 4.21999e-01
2.90000e-02 4.12009e-01
3.00000e-02 4.03176e-01
3.10000e-02 3.96241e-01
3.20000e-02 3.99691e-01
3.40000e-02 3.86981e-01
3.60000e-02 3.74834e-01
3.80000e-02 3.63042e-01
4.00000e-02 3.51527e-01
4.20000e-02 3.40260e-01
4.40000e-02 3.29031e-01
4.60000e-02 3.17728e-01
4.80000e-02 3.06505e-01
5.00000e-02 2.95492e-01
5.25000e-02 2.81958e-01
5.50000e-02 2.68692e-01
5.75000e-02 2.55712e-01
6.00000e-02 2.43154e-01
6.25000e-02 2.30986e-01
6.50000e-02 2.19177e-01
6.75000e-02 2.07798e-01
7.00000e-02 1.97092e-01
7.25000e-02 1.86894e-01
7.50000e-02 1.77023e-01
8.00000e-02 1.58722e-01
8.50000e-02 1.42257e-01
9.00000e-02 1.27547e-01
1.00000e-01 1.02740e-01
1.05000e-01 9.22646e-02
1.10000e-01 8.30312e-02
1.15000e-01 7.47915e-02
1.20000e-01 6.74191e-02
1.25000e-01 6.08745e-02
1.30000e-01 5.51018e-02
1.35000e-01 4.98839e-02
1.40000e-01 4.52454e-02
1.45000e-01 4.11160e-02
1.50000e-01 3.74644e-02
1.55000e-01 3.41361e-02
1.60000e-01 3.11176e-02
1.65000e-01 2.84259e-02
1.70000e-01 2.60037e-02
1.75000e-01 2.38359e-02
1.80000e-01 2.19216e-02
1.85000e-01 2.01527e-02
1.90000e-01 1.85229e-02
1.95000e-01 1.70872e-02
2.00000e-01 1.57649e-02
2.10000e-01 1.35111e-02
2.20000e-01 1.15945e-02
2.30000e-01 1.00094e-02
2.40000e-01 8.67421e-03
2.50000e-01 7.56023e-03
2.60000e-01 6.60741e-03
2.70000e-01 5.79678e-03
2.80000e-01 5.10088e-03
2.90000e-01 4.50496e-03
3.00000e-01 3.99224e-03
3.10000e-01 3.55360e-03
3.20000e-01 3.16752e-03
3.30000e-01 2.83370e-03
3.40000e-01 2.54193e-03
3.50000e-01 2.28489e-03
3.60000e-01 2.06160e-03
3.70000e-01 1.86324e-03
3.80000e-01 1.68543e-03
3.90000e-01 1.53342e-03
4.00000e-01 1.39848e-03
4.10000e-01 1.27484e-03
4.20000e-01 1.16287e-03
4.40000e-01 9.75096e-04
4.60000e-01 8.24042e-04
4.80000e-01 7.00537e-04
5.00000e-01 6.00022e-04
5.20000e-01 5.16126e-04
5.40000e-01 4.46678e-04
5.60000e-01 3.87320e-04
5.80000e-01 3.38793e-04
6.00000e-01 2.99390e-04
6.25000e-01 2.55810e-04
6.75000e-01 1.88342e-04
7.00000e-01 1.63790e-04
7.25000e-01 1.42756e-04
7.50000e-01 1.24897e-04
7.75000e-01 1.09922e-04
8.00000e-01 9.71970e-05
8.25000e-01 8.61147e-05
8.50000e-01 7.65453e-05
9.00000e-01 6.12404e-05
9.50000e-01 4.94660e-05
1.00000e+00 4.04381e-05
1.05000e+00 3.33204e-05
1.10000e+00 2.78979e-05
1.15000e+00 2.33862e-05
1.20000e+00 1.97205e-05
1.25000e+00 1.68090e-05
1.30000e+00 1.43865e-05
1.35000e+00 1.23926e-05
1.40000e+00 1.07404e-05
1.45000e+00 9.33600e-06
1.50000e+00 8.17559e-06
1.55000e+00 7.20280e-06
1.60000e+00 6.34509e-06
1.65000e+00 5.60606e-06
1.70000e+00 4.98971e-06
1.75000e+00 4.46270e-06
1.80000e+00 3.99252e-06
1.85000e+00 3.57728e-06
1.90000e+00 3.21508e-06
1.95000e+00 2.90375e-06
2.00000e+00 2.62940e-06
2.10000e+00 2.16596e-06
2.20000e+00 1.80319e-06
2.30000e+00 1.50032e-06
2.40000e+00 1.26961e-06
2.50000e+00 1.11755e-06
2.60000e+00 9.80430e-07
2.70000e+00 8.54909e-07
2.80000e+00 7.41272e-07
2.90000e+00 6.39807e-07
3.00000e+00 5.50798e-07
3.10000e+00 4.74531e-07
3.20000e+00 4.11294e-07
3.30000e+00 3.61372e-07
3.40000e+00 3.25043e-07
3.50000e+00 2.95856e-07
3.60000e+00 2.68109e-07
3.70000e+00 2.41895e-07
3.80000e+00 2.17305e-07
3.90000e+00 1.94434e-07
4.00000e+00 1.73374e-07
4.10000e+00 1.54218e-07
4.20000e+00 1.37059e-07
4.30000e+00 1.21990e-07
4.60000e+00 9.02546e-08
4.80000e+00 8.12523e-08
5.00000e+00 7.98413e-08
5.20000e+00 7.88016e-08
5.40000e+00 7.77710e-08
5.60000e+00 7.67493e-08
5.80000e+00 7.57367e-08
6.00000e+00 7.47329e-08
6.50000e+00 7.22623e-08
7.00000e+00 6.98466e-08
7.25000e+00 6.86592e-08
7.50000e+00 6.74852e-08
7.75000e+00 6.63247e-08
8.00000e+00 6.51775e-08
8.25000e+00 6.40436e-08
8.50000e+00 6.29229e-08
8.75000e+00 6.18152e-08
9.00000e+00 6.07206e-08
9.50000e+00 5.85702e-08
1.00000e+01 5.64711e-08
1.25000e+01 4.67219e-08
1.50000e+01 3.81608e-08
1.75000e+01 3.07110e-08
2.00000e+01 2.42957e-08
2.25000e+01 1.88380e-08
2.50000e+01 1.42611e-08
2.75000e+01 1.04880e-08
3.00000e+01 7.44200e-09
3.50000e+01 3.22376e-09
4.00000e+01 9.91575e-10
4.50000e+01 1.30650e-10
5.00000e+01 1.47017e-11
5.50000e+01 1.46971e-11
6.00000e+01 1.46926e-11
7.00000e+01 1.46835e-11
8.00000e+01 1.46744e-11
9.00000e+01 1.46653e-11
1.00000e+02 1.46563e-11
1.50000e+02 1.46109e-11
3.00000e+02 1.44756e-11
4.50000e+02 1.43410e-11
6.00000e+02 1.42073e-11
1.00000e+03 1.38548e-11
3.00000e+03 1.21795e-11
1.00000e+04 7.38431e-12
3.00000e+04 8.23698e-13
1.00000e+05 7.48132e-21
3.00000e+05 7.38909e-21
1.00000e+06 7.07226e-21
3.00000e+06 6.21719e-21
1.00000e+07 3.76963e-21
3.00000e+07 4.20658e-22
1.00000e+08 4.20658e-23
