1.00000e-09 5.73901e-01
1.00000e-06 5.73901e-01
4.85201e-06 5.73901e-01
9.70403e-06 5.73901e-01
1.45560e-05 5.73901e-01
1.94081e-05 5.73901e-01
2.42601e-05 5.73901e-01
2.91121e-05 5.73901e-01
3.39641e-05 5.73901e-01
3.88161e-05 5.73901e-01
4.36681e-05 5.73901e-01
4.85201e-05 5.73901e-01
5.33721e-05 5.73901e-01
5.82242e-05 5.73901e-01
6.30762e-05 5.73901e-01
6.79282e-05 5.73901e-01
7.27802e-05 5.73901e-01
7.76322e-05 5.73901e-01
8.24842e-05 5.73901e-01
8.73362e-05 5.73901e-01
9.21883e-05 5.73901e-01
9.70403e-05 5.73901e-01
1.01892e-04 5.73901e-01
1.06744e-04 5.73901e-01
1.11596e-04 5.73901e-01
1.16448e-04 5.73901e-01
1.21300e-04 5.73901e-01
1.26152e-04 5.73901e-01
1.31004e-04 5.73901e-01
1.35856e-04 5.73901e-01
1.40708e-04 5.73901e-01
1.45560e-04 5.73901e-01
1.50412e-04 5.73901e-01
1.55264e-04 5.73901e-01
1.60116e-04 5.73901e-01
1.64968e-04 5.73901e-01
1.69820e-04 5.73901e-01
1.74672e-04 5.73901e-01
1.79525e-04 5.73901e-01
1.84377e-04 5.73901e-01
1.89229e-04 5.73901e-01
1.94081e-04 5.73901e-01
1.98933e-04 5.73901e-01
2.03785e-04 5.73901e-01
2.08637e-04 5.73901e-01
2.13489e-04 5.73901e-01
2.18341e-04 5.73901e-01
2.23193e-04 5.73901e-01
2.28045e-04 5.73901e-01
2.32897e-04 5.73901e-01
2.37749e-04 5.73901e-01
2.42601e-04 5.73901e-01
2.47453e-04 5.73901e-01
2.52305e-04 5.73901e-01
2.57157e-04 5.73901e-01
2.62009e-04 5.73901e-01
2.66861e-04 5.73901e-01
2.71713e-04 5.73901e-01
2.76565e-04 5.73901e-01
2.81417e-04 5.73901e-01
2.86269e-04 5.73901e-01
2.91121e-04 5.73901e-01
2.95973e-04 5.73901e-01
3.00825e-04 5.73901e-01
3.05677e-04 5.73901e-01
3.10529e-04 5.73901e-01
3.15381e-04 5.73901e-01
3.20233e-04 5.73901e-01
3.25085e-04 5.73901e-01
3.29937e-04 5.73901e-01
3.34789e-04 5.73901e-01
3.39641e-04 5.73901e-01
3.44493e-04 5.73901e-01
3.49345e-04 5.73901e-01
3.54197e-04 5.73901e-01
3.59049e-04 5.73901e-01
3.63901e-04 5.73901e-01
3.68753e-04 5.73901e-01
3.73605e-04 5.73901e-01
3.78457e-04 5.73901e-01
3.83309e-04 5.73901e-01
3.88161e-04 5.73901e-01
3.93013e-04 5.73901e-01
3.97865e-04 5.73901e-01
4.02717e-04 5.73901e-01
4.07569e-04 5.73901e-01
4.12421e-04 5.73901e-01
4.17273e-04 5.73901e-01
4.22125e-04 5.73901e-01
4.26977e-04 5.73901e-01
4.31829e-04 5.73901e-01
4.36681e-04 5.73901e-01
4.41533e-04 5.73901e-01
4.46385e-04 5.73901e-01
4.51237e-04 5.73901e-01
4.56089e-04 5.73901e-01
4.60941e-04 5.73901e-01
4.65793e-04 5.73901e-01
4.70645e-04 5.73901e-01
4.75497e-04 5.73901e-01
4.80349e-04 5.73901e-01
4.85201e-04 5.73901e-01
4.90053e-04 5.73901e-01
4.94905e-04 5.73901e-01
4.99757e-04 5.73901e-01
5.04609e-04 5.73901e-01
5.09461e-04 5.73901e-01
5.14313e-04 5.73901e-01
5.19165e-04 5.73901e-01
5.24017e-04 5.73901e-01
5.28869e-04 5.73901e-01
5.33721e-04 5.73901e-01
5.38574e-04 5.73901e-01
5.43426e-04 5.73901e-01
5.48278e-04 5.73901e-01
5.53130e-04 5.73901e-01
5.57982e-04 5.73901e-01
5.62834e-04 5.73901e-01
5.67686e-04 5.73901e-01
5.72538e-04 5.73901e-01
5.77390e-04 5.73901e-01
5.82242e-04 5.73901e-01
5.87094e-04 5.73901e-01
5.91946e-04 5.73901e-01
5.96798e-04 5.73901e-01
6.01650e-04 5.73901e-01
6.06502e-04 5.73901e-01
6.11354e-04 5.73901e-01
6.16206e-04 5.73901e-01
6.21058e-04 5.73901e-01
6.25910e-04 5.73901e-01
6.30762e-04 5.73901e-01
6.35614e-04 5.73901e-01
6.40466e-04 5.73901e-01
6.45318e-04 5.73901e-01
6.50170e-04 5.73901e-01
6.55022e-04 5.73901e-01
6.59874e-04 5.73901e-01
6.64726e-04 5.73901e-01
6.69578e-04 5.73901e-01
6.74430e-04 5.73901e-01
6.79282e-04 5.73901e-01
6.84134e-04 5.73901e-01
6.88986e-04 5.73901e-01
6.93838e-04 5.73901e-01
6.98690e-04 5.73901e-01
7.03542e-04 5.73901e-01
7.08394e-04 5.73901e-01
7.13246e-04 5.73901e-01
7.18098e-04 5.73901e-01
7.22950e-04 5.73901e-01
7.27802e-04 5.73901e-01
7.32654e-04 5.73901e-01
7.37506e-04 5.73901e-01
7.42358e-04 5.73901e-01
7.47210e-04 5.73901e-01
7.52062e-04 5.73901e-01
7.56914e-04 5.73901e-01
7.61766e-04 5.73901e-01
7.66618e-04 5.73901e-01
7.71470e-04 5.73901e-01
7.76322e-04 5.73901e-01
7.81174e-04 5.73901e-01
7.86026e-04 5.73901e-01
7.90878e-04 5.73901e-01
7.95730e-04 5.73901e-01
8.00582e-04 5.73901e-01
8.05434e-04 5.73901e-01
8.10286e-04 5.73901e-01
8.15138e-04 5.73901e-01
8.19990e-04 5.73901e-01
8.24842e-04 5.73901e-01
8.29694e-04 5.73901e-01
8.34546e-04 5.73901e-01
8.39398e-04 5.73901e-01
8.44250e-04 5.73901e-01
8.49102e-04 5.73901e-01
8.53954e-04 5.73901e-01
8.58806e-04 5.73901e-01
8.63658e-04 5.73901e-01
8.68510e-04 5.73901e-01
8.73362e-04 5.73901e-01
8.78214e-04 5.73901e-01
8.83066e-04 5.73901e-01
8.87918e-04 5.73901e-01
8.92770e-04 5.73901e-01
8.97623e-04 5.73901e-01
9.02475e-04 5.73901e-01
9.07327e-04 5.73901e-01
9.12179e-04 5.73901e-01
9.17031e-04 5.73901e-01
9.21883e-04 5.73901e-01
9.26735e-04 5.73901e-01
9.31587e-04 5.73901e-01
9.36439e-04 5.73901e-01
9.41291e-04 5.73901e-01
9.46143e-04 5.73901e-01
9.50995e-04 5.73901e-01
9.55847e-04 5.73901e-01
9.60699e-04 5.73901e-01
9.65551e-04 5.73901e-01
9.70403e-04 5.73901e-01
9.75255e-04 5.73901e-01
9.80107e-04 5.73901e-01
9.84959e-04 5.73901e-01
9.89811e-04 5.73901e-01
9.94663e-04 5.73901e-01
9.99515e-04 5.73901e-01
1.00437e-03 5.73901e-01
1.00922e-03 5.73901e-01
1.01407e-03 5.73901e-01
1.01892e-03 5.73901e-01
1.02377e-03 5.73901e-01
1.02863e-03 5.73901e-01
1.03348e-03 5.73901e-01
1.03833e-03 5.73901e-01
1.04318e-03 5.73901e-01
1.04803e-03 5.73901e-01
1.05289e-03 5.73901e-01
1.05774e-03 5.73901e-01
1.06259e-03 5.73901e-01
1.06744e-03 5.73901e-01
1.07230e-03 5.73901e-01
1.07715e-03 5.73901e-01
1.08200e-03 5.73901e-01
1.08685e-03 5.73901e-01
1.09170e-03 5.73901e-01
1.09656e-03 5.73901e-01
1.10141e-03 5.73901e-01
1.10626e-03 5.73901e-01
1.11111e-03 5.73901e-01
1.11596e-03 5.73901e-01
1.12082e-03 5.73901e-01
1.12567e-03 5.73901e-01
1.13052e-03 5.73901e-01
1.13537e-03 5.73901e-01
1.14022e-03 5.73901e-01
1.14508e-03 5.73901e-01
1.14993e-03 5.73901e-01
1.15478e-03 5.73901e-01
1.15963e-03 5.73901e-01
1.16448e-03 5.73901e-01
1.16934e-03 5.73901e-01
1.17419e-03 5.73901e-01
1.17904e-03 5.73901e-01
1.18389e-03 5.73901e-01
1.18874e-03 5.73901e-01
1.19360e-03 5.73901e-01
1.19845e-03 5.73901e-01
1.20330e-03 5.73901e-01
1.20815e-03 5.73901e-01
1.21300e-03 5.73901e-01
1.21786e-03 5.73901e-01
1.22271e-03 5.73901e-01
1.22756e-03 5.73901e-01
1.23241e-03 5.73901e-01
1.23726e-03 5.73901e-01
1.24212e-03 5.73901e-01
1.24697e-03 5.73901e-01
1.25182e-03 5.73901e-01
1.25667e-03 5.73901e-01
1.26152e-03 5.73901e-01
1.26638e-03 5.73901e-01
1.27123e-03 5.73901e-01
1.27608e-03 5.73901e-01
1.28093e-03 5.73901e-01
1.28578e-03 5.73901e-01
1.29064e-03 5.73901e-01
1.29549e-03 5.73901e-01
1.30034e-03 5.73901e-01
1.30519e-03 5.73901e-01
1.31004e-03 5.73901e-01
1.31490e-03 5.73901e-01
1.31975e-03 5.73901e-01
1.32460e-03 5.73901e-01
1.32945e-03 5.73901e-01
1.33430e-03 5.73901e-01
1.33916e-03 5.73901e-01
1.34401e-03 5.73901e-01
1.34886e-03 5.73901e-01
1.35371e-03 5.73901e-01
1.35856e-03 5.73901e-01
1.36342e-03 5.73901e-01
1.36827e-03 5.73901e-01
1.37312e-03 5.73901e-01
1.37797e-03 5.73901e-01
1.38282e-03 5.73901e-01
1.38768e-03 5.73901e-01
1.39253e-03 5.73901e-01
1.39738e-03 5.73901e-01
1.40223e-03 5.73901e-01
1.40708e-03 5.73901e-01
1.41194e-03 5.73901e-01
1.41679e-03 5.73901e-01
1.42164e-03 5.73901e-01
1.42649e-03 5.73901e-01
1.43134e-03 5.73901e-01
1.43620e-03 5.73901e-01
1.44105e-03 5.73901e-01
1.44590e-03 5.73901e-01
1.45075e-03 5.73901e-01
1.45560e-03 5.73901e-01
1.46046e-03 5.73901e-01
1.46531e-03 5.73901e-01
1.47016e-03 5.73901e-01
1.47501e-03 5.73901e-01
1.47986e-03 5.73901e-01
1.48472e-03 5.73901e-01
1.48957e-03 5.73901e-01
1.49442e-03 5.73901e-01
1.49927e-03 5.73901e-01
1.50412e-03 5.73901e-01
1.50898e-03 5.73901e-01
1.51383e-03 5.73901e-01
1.51868e-03 5.73901e-01
1.52353e-03 5.73901e-01
1.52838e-03 5.73901e-01
1.53324e-03 5.73901e-01
1.53809e-03 5.73901e-01
1.54294e-03 5.73901e-01
1.54779e-03 5.73901e-01
1.55264e-03 5.73901e-01
1.55750e-03 5.73901e-01
1.56235e-03 5.73901e-01
1.56720e-03 5.73901e-01
1.57205e-03 5.73901e-01
1.57690e-03 5.73901e-01
1.58176e-03 5.73901e-01
1.58661e-03 5.73901e-01
1.59146e-03 5.73901e-01
1.59631e-03 5.73901e-01
1.60116e-03 5.73901e-01
1.60602e-03 5.73901e-01
1.61087e-03 5.73901e-01
1.61572e-03 5.73901e-01
1.62057e-03 5.73901e-01
1.62542e-03 5.73901e-01
1.63028e-03 5.73901e-01
1.63513e-03 5.73901e-01
1.63998e-03 5.73901e-01
1.64483e-03 5.73901e-01
1.64968e-03 5.73901e-01
1.65454e-03 5.73901e-01
1.65939e-03 5.73901e-01
1.66424e-03 5.73901e-01
1.66909e-03 5.73901e-01
1.67394e-03 5.73901e-01
1.67880e-03 5.73901e-01
1.68365e-03 5.73901e-01
1.68850e-03 5.73901e-01
1.69335e-03 5.73901e-01
1.69820e-03 5.73901e-01
1.70306e-03 5.73901e-01
1.70791e-03 5.73901e-01
1.71276e-03 5.73901e-01
1.71761e-03 5.73901e-01
1.72246e-03 5.73901e-01
1.72732e-03 5.73901e-01
1.73217e-03 5.73901e-01
1.73702e-03 5.73901e-01
1.74187e-03 5.73901e-01
1.74672e-03 5.73901e-01
1.75158e-03 5.73901e-01
1.75643e-03 5.73901e-01
1.76128e-03 5.73901e-01
1.76613e-03 5.73901e-01
1.77098e-03 5.73901e-01
1.77584e-03 5.73901e-01
1.78069e-03 5.73901e-01
1.78554e-03 5.73901e-01
1.79039e-03 5.73901e-01
1.79525e-03 5.73901e-01
1.80010e-03 5.73901e-01
1.80495e-03 5.73901e-01
1.80980e-03 5.73901e-01
1.81465e-03 5.73901e-01
1.81951e-03 5.73901e-01
1.82436e-03 5.73901e-01
1.82921e-03 5.73901e-01
1.83406e-03 5.73901e-01
1.83891e-03 5.73901e-01
1.84377e-03 5.73901e-01
1.84862e-03 5.73901e-01
1.85347e-03 5.73901e-01
1.85832e-03 5.73901e-01
1.86317e-03 5.73901e-01
1.86803e-03 5.73901e-01
1.87288e-03 5.73901e-01
1.87773e-03 5.73901e-01
1.88258e-03 5.73901e-01
1.88743e-03 5.73901e-01
1.89229e-03 5.73901e-01
1.89714e-03 5.73901e-01
1.90199e-03 5.73901e-01
1.90684e-03 5.73901e-01
1.91169e-03 5.73901e-01
1.91655e-03 5.73901e-01
1.92140e-03 5.73901e-01
1.92625e-03 5.73901e-01
1.93110e-03 5.73901e-01
1.93595e-03 5.73901e-01
1.94081e-03 5.73901e-01
1.94566e-03 5.72703e-01
1.95051e-03 5.72280e-01
1.95536e-03 5.73361e-01
1.96021e-03 5.76210e-01
1.96507e-03 5.80247e-01
1.96992e-03 5.84866e-01
1.97477e-03 5.89484e-01
1.97962e-03 5.93514e-01
1.98447e-03 5.96364e-01
1.98933e-03 5.97447e-01
1.99418e-03 5.97228e-01
1.99903e-03 5.96630e-01
2.00388e-03 5.95743e-01
2.00873e-03 5.94655e-01
2.01359e-03 5.93452e-01
2.01844e-03 5.92228e-01
2.02329e-03 5.91070e-01
2.02814e-03 5.90066e-01
2.03299e-03 5.89305e-01
2.03785e-03 5.88728e-01
2.04270e-03 5.88212e-01
2.04755e-03 5.87749e-01
2.05240e-03 5.87329e-01
2.05725e-03 5.86944e-01
2.06211e-03 5.86585e-01
2.06696e-03 5.86244e-01
2.07181e-03 5.85912e-01
2.07666e-03 5.85580e-01
2.08151e-03 5.85240e-01
2.08637e-03 5.84882e-01
2.09122e-03 5.84500e-01
2.09607e-03 5.84084e-01
2.10092e-03 5.83624e-01
2.10577e-03 5.83114e-01
2.11063e-03 5.82542e-01
2.11548e-03 5.81902e-01
2.12033e-03 5.80987e-01
2.12518e-03 5.79683e-01
2.13003e-03 5.78123e-01
2.13489e-03 5.76435e-01
2.13974e-03 5.74760e-01
2.14459e-03 5.73227e-01
2.14944e-03 5.71967e-01
2.15429e-03 5.71114e-01
2.15915e-03 5.70799e-01
2.16400e-03 5.71068e-01
2.16885e-03 5.71833e-01
2.17370e-03 5.73038e-01
2.17855e-03 5.74625e-01
2.18341e-03 5.76542e-01
2.18826e-03 5.78722e-01
2.19311e-03 5.81113e-01
2.19796e-03 5.83656e-01
2.20281e-03 5.86294e-01
2.20767e-03 5.88975e-01
2.21252e-03 5.91631e-01
2.21737e-03 5.94210e-01
2.22222e-03 5.96654e-01
2.22707e-03 5.98907e-01
2.23193e-03 6.00913e-01
2.23678e-03 6.02609e-01
2.24163e-03 6.03940e-01
2.24648e-03 6.04849e-01
2.25133e-03 6.05505e-01
2.25619e-03 6.06118e-01
2.26104e-03 6.06683e-01
2.26589e-03 6.07202e-01
2.27074e-03 6.07673e-01
2.27559e-03 6.08095e-01
2.28045e-03 6.08470e-01
2.28530e-03 6.08794e-01
2.29015e-03 6.09068e-01
2.29500e-03 6.09290e-01
2.29985e-03 6.09473e-01
2.30471e-03 6.09630e-01
2.30956e-03 6.09764e-01
2.31441e-03 6.09878e-01
2.31926e-03 6.09976e-01
2.32411e-03 6.10061e-01
2.32897e-03 6.10137e-01
2.33382e-03 6.10207e-01
2.33867e-03 6.10273e-01
2.34352e-03 6.10341e-01
2.34837e-03 6.10411e-01
2.35323e-03 6.10489e-01
2.35808e-03 6.10578e-01
2.36293e-03 6.10680e-01
2.36778e-03 6.10798e-01
2.37263e-03 6.10938e-01
2.37749e-03 6.11101e-01
2.38234e-03 6.11291e-01
2.38719e-03 6.11511e-01
2.39204e-03 6.11932e-01
2.39689e-03 6.12692e-01
2.40175e-03 6.13749e-01
2.40660e-03 6.15053e-01
2.41145e-03 6.16560e-01
2.41630e-03 6.18226e-01
2.42115e-03 6.20005e-01
2.42601e-03 6.21856e-01
2.47453e-03 6.50259e-01
2.52305e-03 6.53283e-01
2.57157e-03 6.63238e-01
2.62009e-03 6.90252e-01
2.66861e-03 6.93976e-01
2.71713e-03 6.95730e-01
2.76565e-03 7.26651e-01
2.81417e-03 7.44494e-01
2.86269e-03 7.32413e-01
2.91121e-03 7.44524e-01
2.95973e-03 7.70934e-01
3.00825e-03 7.88775e-01
3.05677e-03 7.96777e-01
3.10529e-03 7.97277e-01
3.15381e-03 7.97726e-01
3.20233e-03 8.15459e-01
3.25085e-03 8.58129e-01
3.29937e-03 9.12222e-01
3.34789e-03 9.54507e-01
3.39641e-03 9.57311e-01
3.44493e-03 9.53698e-01
3.49345e-03 9.75861e-01
3.54197e-03 1.01799e+00
3.59049e-03 1.05815e+00
3.63901e-03 1.09918e+00
3.68753e-03 1.10217e+00
3.73605e-03 1.09848e+00
3.78457e-03 1.09252e+00
3.83309e-03 1.07904e+00
3.88161e-03 1.06155e+00
3.93013e-03 1.08060e+00
3.97865e-03 1.11964e+00
4.02717e-03 1.15147e+00
4.07569e-03 1.15918e+00
4.12421e-03 1.16369e+00
4.17273e-03 1.17786e+00
4.22125e-03 1.20077e+00
4.26977e-03 1.22476e+00
4.31829e-03 1.24375e+00
4.36681e-03 1.26002e+00
4.41533e-03 1.26968e+00
4.46385e-03 1.27549e+00
4.51237e-03 1.28134e+00
4.56089e-03 1.29101e+00
4.60941e-03 1.31779e+00
4.65793e-03 1.35541e+00
4.70645e-03 1.38906e+00
4.75497e-03 1.42327e+00
4.80349e-03 1.46148e+00
4.85201e-03 1.50715e+00
4.90053e-03 1.56664e+00
4.94905e-03 1.64482e+00
4.99757e-03 1.77835e+00
5.04609e-03 1.95783e+00
5.09461e-03 2.11535e+00
5.14313e-03 2.18296e+00
5.19165e-03 2.15398e+00
5.24017e-03 2.12500e+00
5.28869e-03 2.24876e+00
5.33721e-03 2.47863e+00
5.38574e-03 2.60244e+00
5.43426e-03 2.51075e+00
5.48278e-03 2.41909e+00
5.53130e-03 2.53557e+00
5.57982e-03 2.65203e+00
5.62834e-03 2.62163e+00
5.67686e-03 2.54334e+00
5.72538e-03 2.43650e+00
5.77390e-03 2.32046e+00
5.82242e-03 2.21456e+00
5.87094e-03 2.09066e+00
5.91946e-03 2.01397e+00
5.96798e-03 2.02505e+00
6.01650e-03 2.05436e+00
6.06502e-03 2.09596e+00
6.11354e-03 2.14393e+00
6.16206e-03 2.19236e+00
6.21058e-03 2.24823e+00
6.25910e-03 2.31508e+00
6.30762e-03 2.38186e+00
6.35614e-03 2.45881e+00
6.40466e-03 2.53568e+00
6.45318e-03 2.57061e+00
6.50170e-03 2.46999e+00
6.55022e-03 2.30553e+00
6.59874e-03 2.17950e+00
6.64726e-03 2.05686e+00
6.69578e-03 1.93772e+00
6.74430e-03 1.80912e+00
6.79282e-03 1.66783e+00
6.84134e-03 1.52852e+00
6.88986e-03 1.40588e+00
6.93838e-03 1.31458e+00
6.98690e-03 1.26931e+00
7.03542e-03 1.25668e+00
7.08394e-03 1.24872e+00
7.13246e-03 1.23823e+00
7.18098e-03 1.21952e+00
7.22950e-03 1.19377e+00
7.27802e-03 1.16406e+00
7.32654e-03 1.13349e+00
7.37506e-03 1.10514e+00
7.42358e-03 1.08212e+00
7.47210e-03 1.06249e+00
7.52062e-03 1.04505e+00
7.56914e-03 1.03400e+00
7.61766e-03 1.02787e+00
7.66618e-03 1.02250e+00
7.71470e-03 1.01805e+00
7.76322e-03 1.01468e+00
7.81174e-03 1.01254e+00
7.86026e-03 1.01180e+00
7.90878e-03 1.01249e+00
7.95730e-03 1.01402e+00
8.00582e-03 1.01554e+00
8.05434e-03 1.01624e+00
8.10286e-03 1.01443e+00
8.15138e-03 1.00944e+00
8.19990e-03 1.00187e+00
8.24842e-03 9.92373e-01
8.29694e-03 9.81560e-01
8.34546e-03 9.70060e-01
8.39398e-03 9.58501e-01
8.44250e-03 9.40970e-01
8.49102e-03 9.20333e-01
8.53954e-03 9.10386e-01
8.58806e-03 9.10994e-01
8.63658e-03 9.12685e-01
8.68510e-03 9.15263e-01
8.73362e-03 9.18528e-01
8.78214e-03 9.28546e-01
8.83066e-03 9.43440e-01
8.87918e-03 9.51098e-01
8.92770e-03 9.37245e-01
8.97623e-03 9.06756e-01
9.02475e-03 8.76274e-01
9.07327e-03 8.62421e-01
9.12179e-03 8.63309e-01
9.17031e-03 8.65836e-01
9.21883e-03 8.69796e-01
9.26735e-03 8.74982e-01
9.31587e-03 8.81189e-01
9.36439e-03 8.88211e-01
9.41291e-03 8.95841e-01
9.46143e-03 9.03873e-01
9.50995e-03 9.14746e-01
9.55847e-03 9.29747e-01
9.60699e-03 9.46949e-01
9.65551e-03 9.64423e-01
9.70403e-03 9.83271e-01
9.75255e-03 1.00502e+00
9.80107e-03 1.02839e+00
9.84959e-03 1.05207e+00
9.89811e-03 1.07480e+00
9.94663e-03 1.09527e+00
9.99515e-03 1.11221e+00
1.00437e-02 1.12431e+00
1.00922e-02 1.13357e+00
1.01407e-02 1.14189e+00
1.01892e-02 1.14790e+00
1.02377e-02 1.15021e+00
1.02863e-02 1.14896e+00
1.03348e-02 1.14562e+00
1.03833e-02 1.14077e+00
1.04318e-02 1.13503e+00
1.04803e-02 1.12899e+00
1.05289e-02 1.12323e+00
1.05774e-02 1.11839e+00
1.06259e-02 1.11505e+00
1.06744e-02 1.11380e+00
1.07230e-02 1.11577e+00
1.07715e-02 1.12009e+00
1.08200e-02 1.12441e+00
1.08685e-02 1.12638e+00
1.09170e-02 1.12600e+00
1.09656e-02 1.12488e+00
1.10141e-02 1.12310e+00
1.10626e-02 1.12073e+00
1.11111e-02 1.11782e+00
1.11596e-02 1.11444e+00
1.12082e-02 1.11065e+00
1.12567e-02 1.10653e+00
1.13052e-02 1.10213e+00
1.13537e-02 1.09751e+00
1.14022e-02 1.09076e+00
1.14508e-02 1.08121e+00
1.14993e-02 1.07094e+00
1.15478e-02 1.06198e+00
1.15963e-02 1.05399e+00
1.16448e-02 1.04551e+00
1.16934e-02 1.03683e+00
1.17419e-02 1.02831e+00
1.17904e-02 1.02023e+00
1.18389e-02 1.01292e+00
1.18874e-02 1.00668e+00
1.19360e-02 1.00183e+00
1.19845e-02 9.98698e-01
1.20330e-02 9.97583e-01
1.20815e-02 9.97814e-01
1.21300e-02 9.98365e-01
1.21786e-02 9.99023e-01
1.22271e-02 9.99573e-01
1.22756e-02 9.99804e-01
1.23241e-02 9.97581e-01
1.23726e-02 9.91488e-01
1.24212e-02 9.82361e-01
1.24697e-02 9.71101e-01
1.25182e-02 9.58552e-01
1.25667e-02 9.45572e-01
1.26152e-02 9.33022e-01
1.26638e-02 9.21740e-01
1.27123e-02 9.12635e-01
1.27608e-02 9.06540e-01
1.28093e-02 9.04317e-01
1.28578e-02 9.09475e-01
1.29064e-02 9.21813e-01
1.29549e-02 9.36509e-01
1.30034e-02 9.48820e-01
1.30519e-02 9.53985e-01
1.31004e-02 9.52677e-01
1.31490e-02 9.49078e-01
1.31975e-02 9.43711e-01
1.32460e-02 9.37078e-01
1.32945e-02 9.29685e-01
1.33430e-02 9.22038e-01
1.33916e-02 9.14629e-01
1.34401e-02 9.07997e-01
1.34886e-02 9.02631e-01
1.35371e-02 8.99040e-01
1.35856e-02 8.97729e-01
1.36342e-02 8.98607e-01
1.36827e-02 9.00800e-01
1.37312e-02 9.03651e-01
1.37797e-02 9.06501e-01
1.38282e-02 9.08694e-01
1.38768e-02 9.09572e-01
1.39253e-02 9.09306e-01
1.39738e-02 9.08540e-01
1.40223e-02 9.07321e-01
1.40708e-02 9.05696e-01
1.41194e-02 9.03707e-01
1.41679e-02 9.01409e-01
1.42164e-02 8.98844e-01
1.42649e-02 8.96061e-01
1.43134e-02 8.93105e-01
1.43620e-02 8.90017e-01
1.44105e-02 8.86857e-01
1.44590e-02 8.83665e-01
1.45075e-02 8.79974e-01
1.45560e-02 8.75421e-01
1.46046e-02 8.70194e-01
1.46531e-02 8.64516e-01
1.47016e-02 8.58578e-01
1.47501e-02 8.52578e-01
1.47986e-02 8.45880e-01
1.48472e-02 8.37900e-01
1.48957e-02 8.28985e-01
1.49442e-02 8.19433e-01
1.49927e-02 8.09556e-01
1.50412e-02 7.99667e-01
1.50898e-02 7.90061e-01
1.51383e-02 7.81090e-01
1.51868e-02 7.73048e-01
1.52353e-02 7.66247e-01
1.52838e-02 7.61000e-01
1.53324e-02 7.57616e-01
1.53809e-02 7.56422e-01
1.54294e-02 7.59102e-01
1.54779e-02 7.65985e-01
1.55264e-02 7.75341e-01
1.55750e-02 7.85465e-01
1.56235e-02 7.94581e-01
1.56720e-02 8.00983e-01
1.57205e-02 8.05438e-01
1.57690e-02 8.09832e-01
1.58176e-02 8.14124e-01
1.58661e-02 8.18244e-01
1.59146e-02 8.22148e-01
1.59631e-02 8.25786e-01
1.60116e-02 8.29107e-01
1.60602e-02 8.32064e-01
1.61087e-02 8.34594e-01
1.61572e-02 8.36651e-01
1.62057e-02 8.38184e-01
1.62542e-02 8.39143e-01
1.63028e-02 8.39474e-01
1.63513e-02 8.35577e-01
1.63998e-02 8.25535e-01
1.64483e-02 8.11805e-01
1.64968e-02 7.96845e-01
1.65454e-02 7.83086e-01
1.65939e-02 7.73047e-01
1.66424e-02 7.69154e-01
1.66909e-02 7.70262e-01
1.67394e-02 7.73365e-01
1.67880e-02 7.78143e-01
1.68365e-02 7.84241e-01
1.68850e-02 7.91338e-01
1.69335e-02 7.99099e-01
1.69820e-02 8.07193e-01
1.70306e-02 8.15304e-01
1.70791e-02 8.23065e-01
1.71276e-02 8.30161e-01
1.71761e-02 8.36260e-01
1.72246e-02 8.41029e-01
1.72732e-02 8.44140e-01
1.73217e-02 8.45248e-01
1.73702e-02 8.40008e-01
1.74187e-02 8.26199e-01
1.74672e-02 8.06674e-01
1.75158e-02 7.84243e-01
1.75643e-02 7.61859e-01
1.76128e-02 7.42331e-01
1.76613e-02 7.28516e-01
1.77098e-02 7.23268e-01
1.77584e-02 7.23825e-01
1.78069e-02 7.25390e-01
1.78554e-02 7.27809e-01
1.79039e-02 7.30925e-01
1.79525e-02 7.34593e-01
1.80010e-02 7.38641e-01
1.80495e-02 7.42922e-01
1.80980e-02 7.47280e-01
1.81465e-02 7.51561e-01
1.81951e-02 7.55617e-01
1.82436e-02 7.59276e-01
1.82921e-02 7.62393e-01
1.83406e-02 7.64811e-01
1.83891e-02 7.66376e-01
1.84377e-02 7.66933e-01
1.84862e-02 7.65341e-01
1.85347e-02 7.61150e-01
1.85832e-02 7.55225e-01
1.86317e-02 7.48433e-01
1.86803e-02 7.41627e-01
1.87288e-02 7.35703e-01
1.87773e-02 7.31513e-01
1.88258e-02 7.29923e-01
1.88743e-02 7.32140e-01
1.89229e-02 7.38176e-01
1.89714e-02 7.47055e-01
1.90199e-02 7.57835e-01
1.90684e-02 7.69568e-01
1.91169e-02 7.81302e-01
1.91655e-02 7.92110e-01
1.92140e-02 8.03582e-01
1.92625e-02 8.17352e-01
1.93110e-02 8.32448e-01
1.93595e-02 8.47895e-01
1.94081e-02 8.62749e-01
1.94566e-02 8.75974e-01
1.95051e-02 8.86627e-01
1.95536e-02 8.93734e-01
1.96021e-02 8.96322e-01
1.96507e-02 8.93546e-01
1.96992e-02 8.86186e-01
1.97477e-02 8.75677e-01
1.97962e-02 8.63450e-01
1.98447e-02 8.50937e-01
1.98933e-02 8.39549e-01
1.99418e-02 8.30768e-01
1.99903e-02 8.26002e-01
2.00388e-02 8.23897e-01
2.00873e-02 8.22118e-01
2.01359e-02 8.20621e-01
2.01844e-02 8.19369e-01
2.02329e-02 8.18317e-01
2.02814e-02 8.17424e-01
2.03299e-02 8.16647e-01
2.03785e-02 8.15942e-01
2.04270e-02 8.15271e-01
2.04755e-02 8.14591e-01
2.05240e-02 8.13858e-01
2.05725e-02 8.13032e-01
2.06211e-02 8.12068e-01
2.06696e-02 8.10927e-01
2.07181e-02 8.09567e-01
2.07666e-02 8.07944e-01
2.08151e-02 8.06018e-01
2.08637e-02 8.02587e-01
2.09122e-02 7.96961e-01
2.09607e-02 7.89830e-01
2.10092e-02 7.81890e-01
2.10577e-02 7.73834e-01
2.11063e-02 7.66343e-01
2.11548e-02 7.60144e-01
2.12033e-02 7.55915e-01
2.12518e-02 7.54350e-01
2.13003e-02 7.54541e-01
2.13489e-02 7.55086e-01
2.13974e-02 7.55940e-01
2.14459e-02 7.57059e-01
2.14944e-02 7.58398e-01
2.15429e-02 7.59914e-01
2.15915e-02 7.61565e-01
2.16400e-02 7.63302e-01
2.16885e-02 7.65083e-01
2.17370e-02 7.66864e-01
2.17855e-02 7.68600e-01
2.18341e-02 7.70252e-01
2.18826e-02 7.71768e-01
2.19311e-02 7.73107e-01
2.19796e-02 7.74225e-01
2.20281e-02 7.75079e-01
2.20767e-02 7.75625e-01
2.21252e-02 7.75816e-01
2.21737e-02 7.74127e-01
2.22222e-02 7.69587e-01
2.22707e-02 7.62981e-01
2.23193e-02 7.55080e-01
2.23678e-02 7.46703e-01
2.24163e-02 7.38620e-01
2.24648e-02 7.31618e-01
2.25133e-02 7.26484e-01
2.25619e-02 7.24000e-01
2.26104e-02 7.23182e-01
2.26589e-02 7.22492e-01
2.27074e-02 7.21917e-01
2.27559e-02 7.21441e-01
2.28045e-02 7.21047e-01
2.28530e-02 7.20724e-01
2.29015e-02 7.20453e-01
2.29500e-02 7.20221e-01
2.29985e-02 7.20012e-01
2.30471e-02 7.19811e-01
2.30956e-02 7.19603e-01
2.31441e-02 7.19373e-01
2.31926e-02 7.19105e-01
2.32411e-02 7.18784e-01
2.32897e-02 7.18395e-01
2.33382e-02 7.17924e-01
2.33867e-02 7.17354e-01
2.34352e-02 7.16671e-01
2.34837e-02 7.15860e-01
2.35323e-02 7.13614e-01
2.35808e-02 7.09020e-01
2.36293e-02 7.02625e-01
2.36778e-02 6.94980e-01
2.37263e-02 6.86635e-01
2.37749e-02 6.78125e-01
2.38234e-02 6.70035e-01
2.38719e-02 6.62899e-01
2.39204e-02 6.57267e-01
2.39689e-02 6.53691e-01
2.40175e-02 6.51395e-01
2.40660e-02 6.49245e-01
2.41145e-02 6.47228e-01
2.41630e-02 6.45339e-01
2.42115e-02 6.43569e-01
2.42601e-02 6.41911e-01
2.50000e-02 6.26113e-01
2.60000e-02 6.27298e-01
2.70000e-02 4.49175e-01
2.80000e-02 4.39316e-01
2.90000e-02 4.30308e-01
3.00000e-02 4.21960e-01
3.10000e-02 4.14212e-01
3.20000e-02 4.06939e-01
3.40000e-02 3.93595e-01
3.60000e-02 3.81151e-01
3.80000e-02 3.69252e-01
4.00000e-02 3.57764e-01
4.20000e-02 3.46651e-01
4.40000e-02 3.35649e-01
4.60000e-02 3.24653e-01
4.80000e-02 3.13771e-01
5.00000e-02 3.03067e-01
5.25000e-02 2.89903e-01
5.50000e-02 2.76980e-01
5.75000e-02 2.64313e-01
6.00000e-02 2.52002e-01
6.25000e-02 2.40028e-01
6.50000e-02 2.28382e-01
6.75000e-02 2.17126e-01
7.00000e-02 2.06477e-01
7.25000e-02 1.96292e-01
7.50000e-02 1.86415e-01
8.00000e-02 1.67975e-01
8.50000e-02 1.51249e-01
9.00000e-02 1.36212e-01
1.00000e-01 1.10626e-01
1.05000e-01 9.96875e-02
1.10000e-01 9.00049e-02
1.15000e-01 8.13287e-02
1.20000e-01 7.35291e-02
1.25000e-01 6.65731e-02
1.30000e-01 6.04111e-02
1.35000e-01 5.48225e-02
1.40000e-01 4.98336e-02
1.45000e-01 4.53765e-02
1.50000e-01 4.14240e-02
1.55000e-01 3.78137e-02
1.60000e-01 3.45318e-02
1.65000e-01 3.15978e-02
1.70000e-01 2.89511e-02
1.75000e-01 2.65761e-02
1.80000e-01 2.44727e-02
1.85000e-01 2.25257e-02
1.90000e-01 2.07286e-02
1.95000e-01 1.91416e-02
2.00000e-01 1.76777e-02
2.10000e-01 1.51770e-02
2.20000e-01 1.30456e-02
2.30000e-01 1.12786e-02
2.40000e-01 9.78707e-03
2.50000e-01 8.53981e-03
2.60000e-01 7.47109e-03
2.70000e-01 6.56052e-03
2.80000e-01 5.77789e-03
2.90000e-01 5.10701e-03
3.00000e-01 4.52908e-03
3.10000e-01 4.03402e-03
3.20000e-01 3.59791e-03
3.30000e-01 3.22055e-03
3.40000e-01 2.89043e-03
3.50000e-01 2.59930e-03
3.60000e-01 2.34620e-03
3.70000e-01 2.12127e-03
3.80000e-01 1.91956e-03
3.90000e-01 1.74698e-03
4.00000e-01 1.59370e-03
4.10000e-01 1.45322e-03
4.20000e-01 1.32594e-03
4.40000e-01 1.11238e-03
4.60000e-01 9.40495e-04
4.80000e-01 7.99876e-04
5.00000e-01 6.85339e-04
5.20000e-01 5.89682e-04
5.40000e-01 5.10467e-04
5.60000e-01 4.42740e-04
5.80000e-01 3.87353e-04
6.00000e-01 3.42364e-04
6.25000e-01 2.92597e-04
6.75000e-01 2.15522e-04
7.00000e-01 1.87458e-04
7.25000e-01 1.63410e-04
7.50000e-01 1.42988e-04
7.75000e-01 1.25859e-04
8.00000e-01 1.11300e-04
8.25000e-01 9.86184e-05
8.50000e-01 8.76664e-05
9.00000e-01 7.01511e-05
9.50000e-01 5.66762e-05
1.00000e+00 4.63394e-05
1.05000e+00 3.81870e-05
1.10000e+00 3.19753e-05
1.15000e+00 2.68065e-05
1.20000e+00 2.26066e-05
1.25000e+00 1.92707e-05
1.30000e+00 1.64950e-05
1.35000e+00 1.42101e-05
1.40000e+00 1.23162e-05
1.45000e+00 1.07063e-05
1.50000e+00 9.37597e-06
1.55000e+00 8.26085e-06
1.60000e+00 7.27769e-06
1.65000e+00 6.43053e-06
1.70000e+00 5.72387e-06
1.75000e+00 5.11955e-06
1.80000e+00 4.58033e-06
1.85000e+00 4.10409e-06
1.90000e+00 3.68867e-06
1.95000e+00 3.33159e-06
2.00000e+00 3.01693e-06
2.10000e+00 2.48537e-06
2.20000e+00 2.06925e-06
2.30000e+00 1.72181e-06
2.40000e+00 1.45714e-06
2.50000e+00 1.28266e-06
2.60000e+00 1.12533e-06
2.70000e+00 9.81310e-07
2.80000e+00 8.50921e-07
2.90000e+00 7.34493e-07
3.00000e+00 6.32357e-07
3.10000e+00 5.44839e-07
3.20000e+00 4.72268e-07
3.30000e+00 4.14973e-07
3.40000e+00 3.73272e-07
3.50000e+00 3.39765e-07
3.60000e+00 3.07911e-07
3.70000e+00 2.77815e-07
3.80000e+00 2.49584e-07
3.90000e+00 2.23326e-07
4.00000e+00 1.99146e-07
4.10000e+00 1.77153e-07
4.20000e+00 1.57452e-07
4.30000e+00 1.40150e-07
4.60000e+00 1.03711e-07
4.80000e+00 9.33733e-08
5.00000e+00 9.17522e-08
5.20000e+00 9.05574e-08
5.40000e+00 8.93731e-08
5.60000e+00 8.81991e-08
5.80000e+00 8.70354e-08
6.00000e+00 8.58819e-08
6.50000e+00 8.30428e-08
7.00000e+00 8.02668e-08
7.25000e+00 7.89022e-08
7.50000e+00 7.75531e-08
7.75000e+00 7.62195e-08
8.00000e+00 7.49012e-08
8.25000e+00 7.35981e-08
8.50000e+00 7.23102e-08
8.75000e+00 7.10374e-08
9.00000e+00 6.97795e-08
9.50000e+00 6.73083e-08
1.00000e+01 6.48960e-08
1.25000e+01 5.36926e-08
1.50000e+01 4.38545e-08
1.75000e+01 3.52934e-08
2.00000e+01 2.79211e-08
2.25000e+01 2.16492e-08
2.50000e+01 1.63894e-08
2.75000e+01 1.20534e-08
3.00000e+01 8.55288e-09
3.50000e+01 3.70518e-09
4.00000e+01 1.13982e-09
4.50000e+01 1.50339e-10
5.00000e+01 1.70583e-11
5.50000e+01 1.70530e-11
6.00000e+01 1.70477e-11
7.00000e+01 1.70372e-11
8.00000e+01 1.70267e-11
9.00000e+01 1.70161e-11
1.00000e+02 1.70056e-11
1.50000e+02 1.69530e-11
3.00000e+02 1.67959e-11
4.50000e+02 1.66398e-11
6.00000e+02 1.64847e-11
1.00000e+03 1.60757e-11
3.00000e+03 1.41319e-11
1.00000e+04 8.56799e-12
3.00000e+04 9.55733e-13
1.00000e+05 8.77398e-21
3.00000e+05 8.66582e-21
1.00000e+06 8.29424e-21
3.00000e+06 7.29142e-21
1.00000e+07 4.42096e-21
3.00000e+07 4.93342e-22
1.00000e+08 4.93342e-23
