1.00000e-09 8.00400e-01
1.00000e-06 8.00400e-01
4.85201e-06 8.00400e-01
9.70403e-06 8.00400e-01
1.45560e-05 8.00400e-01
1.94081e-05 8.00400e-01
2.42601e-05 8.00400e-01
2.91121e-05 8.00400e-01
3.39641e-05 8.00400e-01
3.88161e-05 8.00400e-01
4.36681e-05 8.00400e-01
4.85201e-05 8.00400e-01
5.33721e-05 8.00400e-01
5.82242e-05 8.00400e-01
6.30762e-05 8.00400e-01
6.79282e-05 8.00400e-01
7.27802e-05 8.00400e-01
7.76322e-05 8.00400e-01
8.24842e-05 8.00400e-01
8.73362e-05 8.00400e-01
9.21883e-05 8.00400e-01
9.70403e-05 8.00400e-01
1.01892e-04 8.00400e-01
1.06744e-04 8.00400e-01
1.11596e-04 8.00400e-01
1.16448e-04 8.00400e-01
1.21300e-04 8.00400e-01
1.26152e-04 8.00400e-01
1.31004e-04 8.00400e-01
1.35856e-04 8.00400e-01
1.40708e-04 8.00400e-01
1.45560e-04 8.00400e-01
1.50412e-04 8.00400e-01
1.55264e-04 8.00400e-01
1.60116e-04 8.00400e-01
1.64968e-04 8.00400e-01
1.69820e-04 8.00400e-01
1.74672e-04 8.00400e-01
1.79525e-04 8.00400e-01
1.84377e-04 8.00400e-01
1.89229e-04 8.00400e-01
1.94081e-04 8.00400e-01
1.98933e-04 8.00400e-01
2.03785e-04 8.00400e-01
2.08637e-04 8.00400e-01
2.13489e-04 8.00400e-01
2.18341e-04 8.00400e-01
2.23193e-04 8.00400e-01
2.28045e-04 8.00400e-01
2.32897e-04 8.00400e-01
2.37749e-04 8.00400e-01
2.42601e-04 8.00400e-01
2.47453e-04 8.00400e-01
2.52305e-04 8.00400e-01
2.57157e-04 8.00400e-01
2.62009e-04 8.00400e-01
2.66861e-04 8.00400e-01
2.71713e-04 8.00400e-01
2.76565e-04 8.00400e-01
2.81417e-04 8.00400e-01
2.86269e-04 8.00400e-01
2.91121e-04 8.00400e-01
2.95973e-04 8.00400e-01
3.00825e-04 8.00400e-01
3.05677e-04 8.00400e-01
3.10529e-04 8.00400e-01
3.15381e-04 8.00400e-01
3.20233e-04 8.00400e-01
3.25085e-04 8.00400e-01
3.29937e-04 8.00400e-01
3.34789e-04 8.00400e-01
3.39641e-04 8.00400e-01
3.44493e-04 8.00400e-01
3.49345e-04 8.00400e-01
3.54197e-04 8.00400e-01
3.59049e-04 8.00400e-01
3.63901e-04 8.00400e-01
3.68753e-04 8.00400e-01
3.73605e-04 8.00400e-01
3.78457e-04 8.00400e-01
3.83309e-04 8.00400e-01
3.88161e-04 8.00400e-01
3.93013e-04 8.00400e-01
3.97865e-04 8.00400e-01
4.02717e-04 8.00400e-01
4.07569e-04 8.00400e-01
4.12421e-04 8.00400e-01
4.17273e-04 8.00400e-01
4.22125e-04 8.00400e-01
4.26977e-04 8.00400e-01
4.31829e-04 8.00400e-01
4.36681e-04 8.00400e-01
4.41533e-04 8.00400e-01
4.46385e-04 8.00400e-01
4.51237e-04 8.00400e-01
4.56089e-04 8.00400e-01
4.60941e-04 8.00400e-01
4.65793e-04 8.00400e-01
4.70645e-04 8.00400e-01
4.75497e-04 8.00400e-01
4.80349e-04 8.00400e-01
4.85201e-04 8.00400e-01
4.90053e-04 8.00400e-01
4.94905e-04 8.00400e-01
4.99757e-04 8.00400e-01
5.04609e-04 8.00400e-01
5.09461e-04 8.00400e-01
5.14313e-04 8.00400e-01
5.19165e-04 8.00400e-01
5.24017e-04 8.00400e-01
5.28869e-04 8.00400e-01
5.33721e-04 8.00400e-01
5.38574e-04 8.00400e-01
5.43426e-04 8.00400e-01
5.48278e-04 8.00400e-01
5.53130e-04 8.00400e-01
5.57982e-04 8.00400e-01
5.62834e-04 8.00400e-01
5.67686e-04 8.00400e-01
5.72538e-04 8.00400e-01
5.77390e-04 8.00400e-01
5.82242e-04 8.00400e-01
5.87094e-04 8.00400e-01
5.91946e-04 8.00400e-01
5.96798e-04 8.00400e-01
6.01650e-04 8.00400e-01
6.06502e-04 8.00400e-01
6.11354e-04 8.00400e-01
6.16206e-04 8.00400e-01
6.21058e-04 8.00400e-01
6.25910e-04 8.00400e-01
6.30762e-04 8.00400e-01
6.35614e-04 8.00400e-01
6.40466e-04 8.00400e-01
6.45318e-04 8.00400e-01
6.50170e-04 8.00400e-01
6.55022e-04 8.00400e-01
6.59874e-04 8.00400e-01
6.64726e-04 8.00400e-01
6.69578e-04 8.00400e-01
6.74430e-04 8.00400e-01
6.79282e-04 8.00400e-01
6.84134e-04 8.00400e-01
6.88986e-04 8.00400e-01
6.93838e-04 8.00400e-01
6.98690e-04 8.00400e-01
7.03542e-04 8.00400e-01
7.08394e-04 8.00400e-01
7.13246e-04 8.00400e-01
7.18098e-04 8.00400e-01
7.22950e-04 8.00400e-01
7.27802e-04 8.00400e-01
7.32654e-04 8.00400e-01
7.37506e-04 8.00400e-01
7.42358e-04 8.00400e-01
7.47210e-04 8.00400e-01
7.52062e-04 8.00400e-01
7.56914e-04 8.00400e-01
7.61766e-04 8.00400e-01
7.66618e-04 8.00400e-01
7.71470e-04 8.00400e-01
7.76322e-04 8.00400e-01
7.81174e-04 8.00400e-01
7.86026e-04 8.00400e-01
7.90878e-04 8.00400e-01
7.95730e-04 8.00400e-01
8.00582e-04 8.00400e-01
8.05434e-04 8.00400e-01
8.10286e-04 8.00400e-01
8.15138e-04 8.00400e-01
8.19990e-04 8.00400e-01
8.24842e-04 8.00400e-01
8.29694e-04 8.00400e-01
8.34546e-04 8.00400e-01
8.39398e-04 8.00400e-01
8.44250e-04 8.00400e-01
8.49102e-04 8.00400e-01
8.53954e-04 8.00400e-01
8.58806e-04 8.00400e-01
8.63658e-04 8.00400e-01
8.68510e-04 8.00400e-01
8.73362e-04 8.00400e-01
8.78214e-04 8.00400e-01
8.83066e-04 8.00400e-01
8.87918e-04 8.00400e-01
8.92770e-04 8.00400e-01
8.97623e-04 8.00400e-01
9.02475e-04 8.00400e-01
9.07327e-04 8.00400e-01
9.12179e-04 8.00400e-01
9.17031e-04 8.00400e-01
9.21883e-04 8.00400e-01
9.26735e-04 8.00400e-01
9.31587e-04 8.00400e-01
9.36439e-04 8.00400e-01
9.41291e-04 8.00400e-01
9.46143e-04 8.00400e-01
9.50995e-04 8.00400e-01
9.55847e-04 8.00400e-01
9.60699e-04 8.00400e-01
9.65551e-04 8.00400e-01
9.70403e-04 8.00400e-01
9.75255e-04 8.00400e-01
9.80107e-04 8.00400e-01
9.84959e-04 8.00400e-01
9.89811e-04 8.00400e-01
9.94663e-04 8.00400e-01
9.99515e-04 8.00400e-01
1.00437e-03 8.00400e-01
1.00922e-03 8.00400e-01
1.01407e-03 8.00400e-01
1.01892e-03 8.00400e-01
1.02377e-03 8.00400e-01
1.02863e-03 8.00400e-01
1.03348e-03 8.00400e-01
1.03833e-03 8.00400e-01
1.04318e-03 8.00400e-01
1.04803e-03 8.00400e-01
1.05289e-03 8.00400e-01
1.05774e-03 8.00400e-01
1.06259e-03 8.00400e-01
1.06744e-03 8.00400e-01
1.07230e-03 8.00400e-01
1.07715e-03 8.00400e-01
1.08200e-03 8.00400e-01
1.08685e-03 8.00400e-01
1.09170e-03 8.00400e-01
1.09656e-03 8.00400e-01
1.10141e-03 8.00400e-01
1.10626e-03 8.00400e-01
1.11111e-03 8.00400e-01
1.11596e-03 8.00400e-01
1.12082e-03 8.00400e-01
1.12567e-03 8.00400e-01
1.13052e-03 8.00400e-01
1.13537e-03 8.00400e-01
1.14022e-03 8.00400e-01
1.14508e-03 8.00400e-01
1.14993e-03 8.00400e-01
1.15478e-03 8.00400e-01
1.15963e-03 8.00400e-01
1.16448e-03 8.00400e-01
1.16934e-03 8.00400e-01
1.17419e-03 8.00400e-01
1.17904e-03 8.00400e-01
1.18389e-03 8.00400e-01
1.18874e-03 8.00400e-01
1.19360e-03 8.00400e-01
1.19845e-03 8.00400e-01
1.20330e-03 8.00400e-01
1.20815e-03 8.00400e-01
1.21300e-03 8.00400e-01
1.21786e-03 8.00400e-01
1.22271e-03 8.00400e-01
1.22756e-03 8.00400e-01
1.23241e-03 8.00400e-01
1.23726e-03 8.00400e-01
1.24212e-03 8.00400e-01
1.24697e-03 8.00400e-01
1.25182e-03 8.00400e-01
1.25667e-03 8.00400e-01
1.26152e-03 8.00400e-01
1.26638e-03 8.00400e-01
1.27123e-03 8.00400e-01
1.27608e-03 8.00400e-01
1.28093e-03 8.00400e-01
1.28578e-03 8.00400e-01
1.29064e-03 8.00400e-01
1.29549e-03 8.00400e-01
1.30034e-03 8.00400e-01
1.30519e-03 8.00400e-01
1.31004e-03 8.00400e-01
1.31490e-03 8.00400e-01
1.31975e-03 8.00400e-01
1.32460e-03 8.00400e-01
1.32945e-03 8.00400e-01
1.33430e-03 8.00400e-01
1.33916e-03 8.00400e-01
1.34401e-03 8.00400e-01
1.34886e-03 8.00400e-01
1.35371e-03 8.00400e-01
1.35856e-03 8.00400e-01
1.36342e-03 8.00400e-01
1.36827e-03 8.00400e-01
1.37312e-03 8.00400e-01
1.37797e-03 8.00400e-01
1.38282e-03 8.00400e-01
1.38768e-03 8.00400e-01
1.39253e-03 8.00400e-01
1.39738e-03 8.00400e-01
1.40223e-03 8.00400e-01
1.40708e-03 8.00400e-01
1.41194e-03 8.00400e-01
1.41679e-03 8.00400e-01
1.42164e-03 8.00400e-01
1.42649e-03 8.00400e-01
1.43134e-03 8.00400e-01
1.43620e-03 8.00400e-01
1.44105e-03 8.00400e-01
1.44590e-03 8.00400e-01
1.45075e-03 8.00400e-01
1.45560e-03 8.00400e-01
1.46046e-03 8.00400e-01
1.46531e-03 8.00400e-01
1.47016e-03 8.00400e-01
1.47501e-03 8.00400e-01
1.47986e-03 8.00400e-01
1.48472e-03 8.00400e-01
1.48957e-03 8.00400e-01
1.49442e-03 8.00400e-01
1.49927e-03 8.00400e-01
1.50412e-03 8.00400e-01
1.50898e-03 8.00400e-01
1.51383e-03 8.00400e-01
1.51868e-03 8.00400e-01
1.52353e-03 8.00400e-01
1.52838e-03 8.00400e-01
1.53324e-03 8.00400e-01
1.53809e-03 8.00400e-01
1.54294e-03 8.00400e-01
1.54779e-03 8.00400e-01
1.55264e-03 8.00400e-01
1.55750e-03 8.00400e-01
1.56235e-03 8.00400e-01
1.56720e-03 8.00400e-01
1.57205e-03 8.00400e-01
1.57690e-03 8.00400e-01
1.58176e-03 8.00400e-01
1.58661e-03 8.00400e-01
1.59146e-03 8.00400e-01
1.59631e-03 8.00400e-01
1.60116e-03 8.00400e-01
1.60602e-03 8.00400e-01
1.61087e-03 8.00400e-01
1.61572e-03 8.00400e-01
1.62057e-03 8.00400e-01
1.62542e-03 8.00400e-01
1.63028e-03 8.00400e-01
1.63513e-03 8.00400e-01
1.63998e-03 8.00400e-01
1.64483e-03 8.00400e-01
1.64968e-03 8.00400e-01
1.65454e-03 8.00400e-01
1.65939e-03 8.00400e-01
1.66424e-03 8.00400e-01
1.66909e-03 8.00400e-01
1.67394e-03 8.00400e-01
1.67880e-03 8.00400e-01
1.68365e-03 8.00400e-01
1.68850e-03 8.00400e-01
1.69335e-03 8.00400e-01
1.69820e-03 8.00400e-01
1.70306e-03 8.00400e-01
1.70791e-03 8.00400e-01
1.71276e-03 8.00400e-01
1.71761e-03 8.00400e-01
1.72246e-03 8.00400e-01
1.72732e-03 8.00400e-01
1.73217e-03 8.00400e-01
1.73702e-03 8.00400e-01
1.74187e-03 8.00400e-01
1.74672e-03 8.00400e-01
1.75158e-03 8.00400e-01
1.75643e-03 8.00400e-01
1.76128e-03 8.00400e-01
1.76613e-03 8.00400e-01
1.77098e-03 8.00400e-01
1.77584e-03 8.00400e-01
1.78069e-03 8.00400e-01
1.78554e-03 8.00400e-01
1.79039e-03 8.00400e-01
1.79525e-03 8.00400e-01
1.80010e-03 8.00400e-01
1.80495e-03 8.00400e-01
1.80980e-03 8.00400e-01
1.81465e-03 8.00400e-01
1.81951e-03 8.00400e-01
1.82436e-03 8.00400e-01
1.82921e-03 8.00400e-01
1.83406e-03 8.00400e-01
1.83891e-03 8.00400e-01
1.84377e-03 8.00400e-01
1.84862e-03 8.00400e-01
1.85347e-03 8.00400e-01
1.85832e-03 8.00400e-01
1.86317e-03 8.00400e-01
1.86803e-03 8.00400e-01
1.87288e-03 8.00400e-01
1.87773e-03 8.00400e-01
1.88258e-03 8.00400e-01
1.88743e-03 8.00400e-01
1.89229e-03 8.00400e-01
1.89714e-03 8.00400e-01
1.90199e-03 8.00400e-01
1.90684e-03 8.00400e-01
1.91169e-03 8.00400e-01
1.91655e-03 8.00400e-01
1.92140e-03 8.00400e-01
1.92625e-03 8.00400e-01
1.93110e-03 8.00400e-01
1.93595e-03 8.00400e-01
1.94081e-03 8.00400e-01
1.94566e-03 8.00412e-01
1.95051e-03 8.00450e-01
1.95536e-03 8.00512e-01
1.96021e-03 8.00597e-01
1.96507e-03 8.00708e-01
1.96992e-03 8.00841e-01
1.97477e-03 8.00998e-01
1.97962e-03 8.01178e-01
1.98447e-03 8.01381e-01
1.98933e-03 8.01607e-01
1.99418e-03 8.01855e-01
1.99903e-03 8.02125e-01
2.00388e-03 8.02417e-01
2.00873e-03 8.02730e-01
2.01359e-03 8.03065e-01
2.01844e-03 8.03420e-01
2.02329e-03 8.03796e-01
2.02814e-03 8.04192e-01
2.03299e-03 8.04609e-01
2.03785e-03 8.05046e-01
2.04270e-03 8.05501e-01
2.04755e-03 8.05976e-01
2.05240e-03 8.06470e-01
2.05725e-03 8.06983e-01
2.06211e-03 8.07515e-01
2.06696e-03 8.08065e-01
2.07181e-03 8.08632e-01
2.07666e-03 8.09217e-01
2.08151e-03 8.09819e-01
2.08637e-03 8.10439e-01
2.09122e-03 8.11075e-01
2.09607e-03 8.11728e-01
2.10092e-03 8.12397e-01
2.10577e-03 8.13081e-01
2.11063e-03 8.13783e-01
2.11548e-03 8.14499e-01
2.12033e-03 8.15230e-01
2.12518e-03 8.15976e-01
2.13003e-03 8.16736e-01
2.13489e-03 8.17513e-01
2.13974e-03 8.18301e-01
2.14459e-03 8.19104e-01
2.14944e-03 8.19920e-01
2.15429e-03 8.20749e-01
2.15915e-03 8.21593e-01
2.16400e-03 8.22448e-01
2.16885e-03 8.23315e-01
2.17370e-03 8.24195e-01
2.17855e-03 8.25086e-01
2.18341e-03 8.25990e-01
2.18826e-03 8.26904e-01
2.19311e-03 8.27829e-01
2.19796e-03 8.28765e-01
2.20281e-03 8.29711e-01
2.20767e-03 8.30670e-01
2.21252e-03 8.31636e-01
2.21737e-03 8.32612e-01
2.22222e-03 8.33597e-01
2.22707e-03 8.34592e-01
2.23193e-03 8.35597e-01
2.23678e-03 8.36608e-01
2.24163e-03 8.37628e-01
2.24648e-03 8.38656e-01
2.25133e-03 8.39692e-01
2.25619e-03 8.40737e-01
2.26104e-03 8.41787e-01
2.26589e-03 8.42845e-01
2.27074e-03 8.43908e-01
2.27559e-03 8.44978e-01
2.28045e-03 8.46057e-01
2.28530e-03 8.47138e-01
2.29015e-03 8.48226e-01
2.29500e-03 8.49318e-01
2.29985e-03 8.50416e-01
2.30471e-03 8.51520e-01
2.30956e-03 8.52627e-01
2.31441e-03 8.53738e-01
2.31926e-03 8.54852e-01
2.32411e-03 8.55970e-01
2.32897e-03 8.57094e-01
2.33382e-03 8.58219e-01
2.33867e-03 8.59346e-01
2.34352e-03 8.60476e-01
2.34837e-03 8.61607e-01
2.35323e-03 8.62744e-01
2.35808e-03 8.63879e-01
2.36293e-03 8.65016e-01
2.36778e-03 8.66154e-01
2.37263e-03 8.67292e-01
2.37749e-03 8.68434e-01
2.38234e-03 8.69574e-01
2.38719e-03 8.70713e-01
2.39204e-03 8.71852e-01
2.39689e-03 8.72991e-01
2.40175e-03 8.74131e-01
2.40660e-03 8.75268e-01
2.41145e-03 8.76403e-01
2.41630e-03 8.77537e-01
2.42115e-03 8.78669e-01
2.42601e-03 8.79801e-01
2.47453e-03 8.93660e-01
2.52305e-03 9.11883e-01
2.57157e-03 9.33306e-01
2.62009e-03 9.56764e-01
2.66861e-03 9.81091e-01
2.71713e-03 1.00512e+00
2.76565e-03 1.02769e+00
2.81417e-03 1.04764e+00
2.86269e-03 1.06380e+00
2.91121e-03 1.07500e+00
2.95973e-03 1.08262e+00
3.00825e-03 1.08900e+00
3.05677e-03 1.09440e+00
3.10529e-03 1.09910e+00
3.15381e-03 1.10338e+00
3.20233e-03 1.10751e+00
3.25085e-03 1.11176e+00
3.29937e-03 1.11641e+00
3.34789e-03 1.12173e+00
3.39641e-03 1.12800e+00
3.44493e-03 1.13494e+00
3.49345e-03 1.14217e+00
3.54197e-03 1.14981e+00
3.59049e-03 1.15796e+00
3.63901e-03 1.16675e+00
3.68753e-03 1.17627e+00
3.73605e-03 1.18665e+00
3.78457e-03 1.19798e+00
3.83309e-03 1.21040e+00
3.88161e-03 1.22400e+00
3.93013e-03 1.24005e+00
3.97865e-03 1.25953e+00
4.02717e-03 1.28209e+00
4.07569e-03 1.30742e+00
4.12421e-03 1.33519e+00
4.17273e-03 1.36506e+00
4.22125e-03 1.39670e+00
4.26977e-03 1.42979e+00
4.31829e-03 1.46400e+00
4.36681e-03 1.49900e+00
4.41533e-03 1.53691e+00
4.46385e-03 1.57953e+00
4.51237e-03 1.62604e+00
4.56089e-03 1.67561e+00
4.60941e-03 1.72741e+00
4.65793e-03 1.78062e+00
4.70645e-03 1.83441e+00
4.75497e-03 1.88795e+00
4.80349e-03 1.94042e+00
4.85201e-03 1.99100e+00
4.90053e-03 2.04406e+00
4.94905e-03 2.10290e+00
4.99757e-03 2.16505e+00
5.04609e-03 2.22806e+00
5.09461e-03 2.28945e+00
5.14313e-03 2.34677e+00
5.19165e-03 2.39755e+00
5.24017e-03 2.43932e+00
5.28869e-03 2.46963e+00
5.33721e-03 2.48600e+00
5.38574e-03 2.49427e+00
5.43426e-03 2.50188e+00
5.48278e-03 2.50877e+00
5.53130e-03 2.51491e+00
5.57982e-03 2.52023e+00
5.62834e-03 2.52470e+00
5.67686e-03 2.52826e+00
5.72538e-03 2.53086e+00
5.77390e-03 2.53246e+00
5.82242e-03 2.53300e+00
5.87094e-03 2.51898e+00
5.91946e-03 2.48021e+00
5.96798e-03 2.42162e+00
6.01650e-03 2.34814e+00
6.06502e-03 2.26472e+00
6.11354e-03 2.17627e+00
6.16206e-03 2.08775e+00
6.21058e-03 2.00407e+00
6.25910e-03 1.93018e+00
6.30762e-03 1.87100e+00
6.35614e-03 1.82090e+00
6.40466e-03 1.77137e+00
6.45318e-03 1.72300e+00
6.50170e-03 1.67639e+00
6.55022e-03 1.63213e+00
6.59874e-03 1.59082e+00
6.64726e-03 1.55306e+00
6.69578e-03 1.51943e+00
6.74430e-03 1.49055e+00
6.79282e-03 1.46700e+00
6.84134e-03 1.44727e+00
6.88986e-03 1.42932e+00
6.93838e-03 1.41297e+00
6.98690e-03 1.39804e+00
7.03542e-03 1.38434e+00
7.08394e-03 1.37170e+00
7.13246e-03 1.35992e+00
7.18098e-03 1.34884e+00
7.22950e-03 1.33826e+00
7.27802e-03 1.32800e+00
7.32654e-03 1.31816e+00
7.37506e-03 1.30890e+00
7.42358e-03 1.30015e+00
7.47210e-03 1.29186e+00
7.52062e-03 1.28396e+00
7.56914e-03 1.27638e+00
7.61766e-03 1.26906e+00
7.66618e-03 1.26193e+00
7.71470e-03 1.25493e+00
7.76322e-03 1.24800e+00
7.81174e-03 1.24126e+00
7.86026e-03 1.23482e+00
7.90878e-03 1.22864e+00
7.95730e-03 1.22265e+00
8.00582e-03 1.21677e+00
8.05434e-03 1.21096e+00
8.10286e-03 1.20514e+00
8.15138e-03 1.19924e+00
8.19990e-03 1.19322e+00
8.24842e-03 1.18700e+00
8.29694e-03 1.18020e+00
8.34546e-03 1.17267e+00
8.39398e-03 1.16470e+00
8.44250e-03 1.15659e+00
8.49102e-03 1.14861e+00
8.53954e-03 1.14107e+00
8.58806e-03 1.13425e+00
8.63658e-03 1.12843e+00
8.68510e-03 1.12392e+00
8.73362e-03 1.12100e+00
8.78214e-03 1.11902e+00
8.83066e-03 1.11715e+00
8.87918e-03 1.11542e+00
8.92770e-03 1.11385e+00
8.97623e-03 1.11246e+00
9.02475e-03 1.11127e+00
9.07327e-03 1.11031e+00
9.12179e-03 1.10960e+00
9.17031e-03 1.10915e+00
9.21883e-03 1.10900e+00
9.26735e-03 1.10912e+00
9.31587e-03 1.10945e+00
9.36439e-03 1.10996e+00
9.41291e-03 1.11063e+00
9.46143e-03 1.11141e+00
9.50995e-03 1.11228e+00
9.55847e-03 1.11321e+00
9.60699e-03 1.11416e+00
9.65551e-03 1.11510e+00
9.70403e-03 1.11600e+00
9.75255e-03 1.11697e+00
9.80107e-03 1.11811e+00
9.84959e-03 1.11940e+00
9.89811e-03 1.12083e+00
9.94663e-03 1.12235e+00
9.99515e-03 1.12396e+00
1.00437e-02 1.12562e+00
1.00922e-02 1.12731e+00
1.01407e-02 1.12900e+00
1.01892e-02 1.13067e+00
1.02377e-02 1.13231e+00
1.02863e-02 1.13387e+00
1.03348e-02 1.13534e+00
1.03833e-02 1.13670e+00
1.04318e-02 1.13791e+00
1.04803e-02 1.13896e+00
1.05289e-02 1.13981e+00
1.05774e-02 1.14046e+00
1.06259e-02 1.14086e+00
1.06744e-02 1.14100e+00
1.07230e-02 1.14090e+00
1.07715e-02 1.14059e+00
1.08200e-02 1.14008e+00
1.08685e-02 1.13938e+00
1.09170e-02 1.13849e+00
1.09656e-02 1.13742e+00
1.10141e-02 1.13618e+00
1.10626e-02 1.13477e+00
1.11111e-02 1.13320e+00
1.11596e-02 1.13147e+00
1.12082e-02 1.12959e+00
1.12567e-02 1.12758e+00
1.13052e-02 1.12542e+00
1.13537e-02 1.12313e+00
1.14022e-02 1.12072e+00
1.14508e-02 1.11819e+00
1.14993e-02 1.11554e+00
1.15478e-02 1.11279e+00
1.15963e-02 1.10995e+00
1.16448e-02 1.10700e+00
1.16934e-02 1.10304e+00
1.17419e-02 1.09739e+00
1.17904e-02 1.09037e+00
1.18389e-02 1.08231e+00
1.18874e-02 1.07356e+00
1.19360e-02 1.06442e+00
1.19845e-02 1.05527e+00
1.20330e-02 1.04643e+00
1.20815e-02 1.03823e+00
1.21300e-02 1.03100e+00
1.21786e-02 1.02453e+00
1.22271e-02 1.01837e+00
1.22756e-02 1.01243e+00
1.23241e-02 1.00667e+00
1.23726e-02 1.00102e+00
1.24212e-02 9.95401e-01
1.24697e-02 9.89779e-01
1.25182e-02 9.84080e-01
1.25667e-02 9.78243e-01
1.26152e-02 9.72204e-01
1.26638e-02 9.65875e-01
1.27123e-02 9.59272e-01
1.27608e-02 9.52428e-01
1.28093e-02 9.45385e-01
1.28578e-02 9.38187e-01
1.29064e-02 9.30862e-01
1.29549e-02 9.23484e-01
1.30034e-02 9.16081e-01
1.30519e-02 9.08697e-01
1.31004e-02 9.01375e-01
1.31490e-02 8.94144e-01
1.31975e-02 8.87076e-01
1.32460e-02 8.80201e-01
1.32945e-02 8.73562e-01
1.33430e-02 8.67202e-01
1.33916e-02 8.61153e-01
1.34401e-02 8.55483e-01
1.34886e-02 8.50222e-01
1.35371e-02 8.45414e-01
1.35856e-02 8.41103e-01
1.36342e-02 8.37172e-01
1.36827e-02 8.33483e-01
1.37312e-02 8.30007e-01
1.37797e-02 8.26722e-01
1.38282e-02 8.23607e-01
1.38768e-02 8.20634e-01
1.39253e-02 8.17794e-01
1.39738e-02 8.15058e-01
1.40223e-02 8.12405e-01
1.40708e-02 8.09814e-01
1.41194e-02 8.07257e-01
1.41679e-02 8.04724e-01
1.42164e-02 8.02187e-01
1.42649e-02 7.99624e-01
1.43134e-02 7.97015e-01
1.43620e-02 7.94332e-01
1.44105e-02 7.91564e-01
1.44590e-02 7.88684e-01
1.45075e-02 7.85671e-01
1.45560e-02 7.82503e-01
1.46046e-02 7.79129e-01
1.46531e-02 7.75556e-01
1.47016e-02 7.71805e-01
1.47501e-02 7.67906e-01
1.47986e-02 7.63888e-01
1.48472e-02 7.59773e-01
1.48957e-02 7.55605e-01
1.49442e-02 7.51407e-01
1.49927e-02 7.47208e-01
1.50412e-02 7.43036e-01
1.50898e-02 7.38914e-01
1.51383e-02 7.34886e-01
1.51868e-02 7.30975e-01
1.52353e-02 7.27209e-01
1.52838e-02 7.23617e-01
1.53324e-02 7.20223e-01
1.53809e-02 7.17069e-01
1.54294e-02 7.14178e-01
1.54779e-02 7.11579e-01
1.55264e-02 7.09302e-01
1.55750e-02 7.07182e-01
1.56235e-02 7.05056e-01
1.56720e-02 7.02934e-01
1.57205e-02 7.00827e-01
1.57690e-02 6.98749e-01
1.58176e-02 6.96708e-01
1.58661e-02 6.94726e-01
1.59146e-02 6.92811e-01
1.59631e-02 6.90975e-01
1.60116e-02 6.89232e-01
1.60602e-02 6.87591e-01
1.61087e-02 6.86072e-01
1.61572e-02 6.84683e-01
1.62057e-02 6.83439e-01
1.62542e-02 6.82350e-01
1.63028e-02 6.81429e-01
1.63513e-02 6.80692e-01
1.63998e-02 6.80149e-01
1.64483e-02 6.79815e-01
1.64968e-02 6.79700e-01
1.65454e-02 6.79701e-01
1.65939e-02 6.79706e-01
1.66424e-02 6.79712e-01
1.66909e-02 6.79721e-01
1.67394e-02 6.79731e-01
1.67880e-02 6.79743e-01
1.68365e-02 6.79756e-01
1.68850e-02 6.79770e-01
1.69335e-02 6.79785e-01
1.69820e-02 6.79800e-01
1.70306e-02 6.79821e-01
1.70791e-02 6.79850e-01
1.71276e-02 6.79887e-01
1.71761e-02 6.79927e-01
1.72246e-02 6.79969e-01
1.72732e-02 6.80009e-01
1.73217e-02 6.80045e-01
1.73702e-02 6.80074e-01
1.74187e-02 6.80093e-01
1.74672e-02 6.80100e-01
1.75158e-02 6.80048e-01
1.75643e-02 6.79901e-01
1.76128e-02 6.79669e-01
1.76613e-02 6.79362e-01
1.77098e-02 6.78991e-01
1.77584e-02 6.78566e-01
1.78069e-02 6.78099e-01
1.78554e-02 6.77601e-01
1.79039e-02 6.77081e-01
1.79525e-02 6.76549e-01
1.80010e-02 6.76019e-01
1.80495e-02 6.75499e-01
1.80980e-02 6.75001e-01
1.81465e-02 6.74534e-01
1.81951e-02 6.74109e-01
1.82436e-02 6.73738e-01
1.82921e-02 6.73431e-01
1.83406e-02 6.73199e-01
1.83891e-02 6.73052e-01
1.84377e-02 6.73000e-01
1.84862e-02 6.73120e-01
1.85347e-02 6.73462e-01
1.85832e-02 6.74002e-01
1.86317e-02 6.74715e-01
1.86803e-02 6.75579e-01
1.87288e-02 6.76565e-01
1.87773e-02 6.77649e-01
1.88258e-02 6.78808e-01
1.88743e-02 6.80016e-01
1.89229e-02 6.81251e-01
1.89714e-02 6.82484e-01
1.90199e-02 6.83692e-01
1.90684e-02 6.84851e-01
1.91169e-02 6.85935e-01
1.91655e-02 6.86923e-01
1.92140e-02 6.87784e-01
1.92625e-02 6.88498e-01
1.93110e-02 6.89038e-01
1.93595e-02 6.89380e-01
1.94081e-02 6.89500e-01
1.94566e-02 6.89401e-01
1.95051e-02 6.89115e-01
1.95536e-02 6.88656e-01
1.96021e-02 6.88037e-01
1.96507e-02 6.87271e-01
1.96992e-02 6.86375e-01
1.97477e-02 6.85362e-01
1.97962e-02 6.84246e-01
1.98447e-02 6.83040e-01
1.98933e-02 6.81757e-01
1.99418e-02 6.80415e-01
1.99903e-02 6.79026e-01
2.00388e-02 6.77604e-01
2.00873e-02 6.76163e-01
2.01359e-02 6.74714e-01
2.01844e-02 6.73277e-01
2.02329e-02 6.71863e-01
2.02814e-02 6.70487e-01
2.03299e-02 6.69161e-01
2.03785e-02 6.67899e-01
2.04270e-02 6.66671e-01
2.04755e-02 6.65432e-01
2.05240e-02 6.64181e-01
2.05725e-02 6.62916e-01
2.06211e-02 6.61634e-01
2.06696e-02 6.60337e-01
2.07181e-02 6.59023e-01
2.07666e-02 6.57689e-01
2.08151e-02 6.56335e-01
2.08637e-02 6.54957e-01
2.09122e-02 6.53558e-01
2.09607e-02 6.52135e-01
2.10092e-02 6.50686e-01
2.10577e-02 6.49209e-01
2.11063e-02 6.47701e-01
2.11548e-02 6.46166e-01
2.12033e-02 6.44601e-01
2.12518e-02 6.43002e-01
2.13003e-02 6.41370e-01
2.13489e-02 6.39699e-01
2.13974e-02 6.37946e-01
2.14459e-02 6.36075e-01
2.14944e-02 6.34109e-01
2.15429e-02 6.32073e-01
2.15915e-02 6.29986e-01
2.16400e-02 6.27880e-01
2.16885e-02 6.25775e-01
2.17370e-02 6.23695e-01
2.17855e-02 6.21662e-01
2.18341e-02 6.19698e-01
2.18826e-02 6.17793e-01
2.19311e-02 6.15906e-01
2.19796e-02 6.14038e-01
2.20281e-02 6.12185e-01
2.20767e-02 6.10342e-01
2.21252e-02 6.08516e-01
2.21737e-02 6.06701e-01
2.22222e-02 6.04895e-01
2.22707e-02 6.03096e-01
2.23193e-02 6.01299e-01
2.23678e-02 5.99493e-01
2.24163e-02 5.97663e-01
2.24648e-02 5.95814e-01
2.25133e-02 5.93951e-01
2.25619e-02 5.92075e-01
2.26104e-02 5.90199e-01
2.26589e-02 5.88326e-01
2.27074e-02 5.86460e-01
2.27559e-02 5.84607e-01
2.28045e-02 5.82769e-01
2.28530e-02 5.80958e-01
2.29015e-02 5.79175e-01
2.29500e-02 5.77428e-01
2.29985e-02 5.75719e-01
2.30471e-02 5.74053e-01
2.30956e-02 5.72440e-01
2.31441e-02 5.70884e-01
2.31926e-02 5.69388e-01
2.32411e-02 5.67959e-01
2.32897e-02 5.66599e-01
2.33382e-02 5.65304e-01
2.33867e-02 5.64054e-01
2.34352e-02 5.62846e-01
2.34837e-02 5.61676e-01
2.35323e-02 5.60539e-01
2.35808e-02 5.59436e-01
2.36293e-02 5.58360e-01
2.36778e-02 5.57309e-01
2.37263e-02 5.56278e-01
2.37749e-02 5.55263e-01
2.38234e-02 5.54263e-01
2.38719e-02 5.53274e-01
2.39204e-02 5.52291e-01
2.39689e-02 5.51312e-01
2.40175e-02 5.50330e-01
2.40660e-02 5.49346e-01
2.41145e-02 5.48355e-01
2.41630e-02 5.47353e-01
2.42115e-02 5.46336e-01
2.42601e-02 5.45299e-01
2.50000e-02 5.27552e-01
2.60000e-02 5.04134e-01
2.70000e-02 4.91774e-01
2.80000e-02 4.85058e-01
2.90000e-02 4.81936e-01
3.00000e-02 4.82508e-01
3.10000e-02 4.83648e-01
3.20000e-02 4.82874e-01
3.40000e-02 4.67442e-01
3.60000e-02 4.53015e-01
3.80000e-02 4.36760e-01
4.00000e-02 4.15094e-01
4.20000e-02 3.86412e-01
4.40000e-02 3.59260e-01
4.60000e-02 3.33832e-01
4.80000e-02 3.12460e-01
5.00000e-02 2.99447e-01
5.25000e-02 2.87823e-01
5.50000e-02 2.75657e-01
5.75000e-02 2.63546e-01
6.00000e-02 2.51763e-01
6.25000e-02 2.40296e-01
6.50000e-02 2.29116e-01
6.75000e-02 2.18294e-01
7.00000e-02 2.08067e-01
7.25000e-02 1.98280e-01
7.50000e-02 1.88746e-01
8.00000e-02 1.70868e-01
8.50000e-02 1.54535e-01
9.00000e-02 1.39756e-01
1.00000e-01 1.14580e-01
1.05000e-01 1.03628e-01
1.10000e-01 9.39166e-02
1.15000e-01 8.51961e-02
1.20000e-01 7.73123e-02
1.25000e-01 7.02378e-02
1.30000e-01 6.39393e-02
1.35000e-01 5.82064e-02
1.40000e-01 5.30678e-02
1.45000e-01 4.84593e-02
1.50000e-01 4.43519e-02
1.55000e-01 4.05881e-02
1.60000e-01 3.71561e-02
1.65000e-01 3.40796e-02
1.70000e-01 3.12933e-02
1.75000e-01 2.87779e-02
1.80000e-01 2.65468e-02
1.85000e-01 2.44790e-02
1.90000e-01 2.25662e-02
1.95000e-01 2.08717e-02
2.00000e-01 1.93072e-02
2.10000e-01 1.66237e-02
2.20000e-01 1.43274e-02
2.30000e-01 1.24154e-02
2.40000e-01 1.07962e-02
2.50000e-01 9.44000e-03
2.60000e-01 8.27567e-03
2.70000e-01 7.27890e-03
2.80000e-01 6.42017e-03
2.90000e-01 5.68375e-03
3.00000e-01 5.04648e-03
3.10000e-01 4.50013e-03
3.20000e-01 4.01835e-03
3.30000e-01 3.60066e-03
3.40000e-01 3.23470e-03
3.50000e-01 2.91152e-03
3.60000e-01 2.63010e-03
3.70000e-01 2.37957e-03
3.80000e-01 2.15464e-03
3.90000e-01 1.96201e-03
4.00000e-01 1.79078e-03
4.10000e-01 1.63376e-03
4.20000e-01 1.49143e-03
4.40000e-01 1.25241e-03
4.60000e-01 1.05992e-03
4.80000e-01 9.02270e-04
5.00000e-01 7.73615e-04
5.20000e-01 6.66032e-04
5.40000e-01 5.76876e-04
5.60000e-01 5.00618e-04
5.80000e-01 4.38203e-04
6.00000e-01 3.87454e-04
6.25000e-01 3.31290e-04
6.75000e-01 2.44222e-04
7.00000e-01 2.12474e-04
7.25000e-01 1.85251e-04
7.50000e-01 1.62124e-04
7.75000e-01 1.42729e-04
8.00000e-01 1.26251e-04
8.25000e-01 1.11900e-04
8.50000e-01 9.95052e-05
9.00000e-01 7.96634e-05
9.50000e-01 6.43860e-05
1.00000e+00 5.26577e-05
1.05000e+00 4.34028e-05
1.10000e+00 3.63496e-05
1.15000e+00 3.04795e-05
1.20000e+00 2.57095e-05
1.25000e+00 2.19214e-05
1.30000e+00 1.87698e-05
1.35000e+00 1.61737e-05
1.40000e+00 1.40188e-05
1.45000e+00 1.21853e-05
1.50000e+00 1.06707e-05
1.55000e+00 9.40239e-06
1.60000e+00 8.28458e-06
1.65000e+00 7.32150e-06
1.70000e+00 6.51791e-06
1.75000e+00 5.83044e-06
1.80000e+00 5.21699e-06
1.85000e+00 4.67512e-06
1.90000e+00 4.20234e-06
1.95000e+00 3.79580e-06
2.00000e+00 3.43740e-06
2.10000e+00 2.83175e-06
2.20000e+00 2.35787e-06
2.30000e+00 1.96265e-06
2.40000e+00 1.66158e-06
2.50000e+00 1.46283e-06
2.60000e+00 1.28355e-06
2.70000e+00 1.11940e-06
2.80000e+00 9.70753e-07
2.90000e+00 8.38001e-07
3.00000e+00 7.21524e-07
3.10000e+00 6.21703e-07
3.20000e+00 5.38921e-07
3.30000e+00 4.73561e-07
3.40000e+00 4.25994e-07
3.50000e+00 3.87779e-07
3.60000e+00 3.51447e-07
3.70000e+00 3.17120e-07
3.80000e+00 2.84921e-07
3.90000e+00 2.54970e-07
4.00000e+00 2.27390e-07
4.10000e+00 2.02304e-07
4.20000e+00 1.79832e-07
4.30000e+00 1.60096e-07
4.60000e+00 1.18528e-07
4.80000e+00 1.06734e-07
5.00000e+00 1.04882e-07
5.20000e+00 1.03516e-07
5.40000e+00 1.02162e-07
5.60000e+00 1.00820e-07
5.80000e+00 9.94903e-08
6.00000e+00 9.81718e-08
6.50000e+00 9.49266e-08
7.00000e+00 9.17535e-08
7.25000e+00 9.01937e-08
7.50000e+00 8.86516e-08
7.75000e+00 8.71272e-08
8.00000e+00 8.56203e-08
8.25000e+00 8.41309e-08
8.50000e+00 8.26587e-08
8.75000e+00 8.12038e-08
9.00000e+00 7.97660e-08
9.50000e+00 7.69413e-08
1.00000e+01 7.41839e-08
1.25000e+01 6.13777e-08
1.50000e+01 5.01320e-08
1.75000e+01 4.03460e-08
2.00000e+01 3.19188e-08
2.25000e+01 2.47493e-08
2.50000e+01 1.87367e-08
2.75000e+01 1.37801e-08
3.00000e+01 9.77850e-09
3.50000e+01 4.23664e-09
4.00000e+01 1.30372e-09
4.50000e+01 1.72321e-10
5.00000e+01 1.98682e-11
5.50000e+01 1.98620e-11
6.00000e+01 1.98559e-11
7.00000e+01 1.98436e-11
8.00000e+01 1.98313e-11
9.00000e+01 1.98191e-11
1.00000e+02 1.98068e-11
1.50000e+02 1.97456e-11
3.00000e+02 1.95626e-11
4.50000e+02 1.93808e-11
6.00000e+02 1.92001e-11
1.00000e+03 1.87237e-11
3.00000e+03 1.64597e-11
1.00000e+04 9.97933e-12
3.00000e+04 1.11316e-12
1.00000e+05 1.04467e-20
3.00000e+05 1.03179e-20
1.00000e+06 9.87547e-21
3.00000e+06 8.68148e-21
1.00000e+07 5.26378e-21
3.00000e+07 5.87393e-22
1.00000e+08 5.87393e-23
