1.00000e-09 5.70494e-01
1.00000e-06 5.70494e-01
4.85201e-06 5.70494e-01
9.70403e-06 5.70494e-01
1.45560e-05 5.70494e-01
1.94081e-05 5.70494e-01
2.42601e-05 5.70494e-01
2.91121e-05 5.70494e-01
3.39641e-05 5.70494e-01
3.88161e-05 5.70494e-01
4.36681e-05 5.70494e-01
4.85201e-05 5.70494e-01
5.33721e-05 5.70494e-01
5.82242e-05 5.70494e-01
6.30762e-05 5.70494e-01
6.79282e-05 5.70494e-01
7.27802e-05 5.70494e-01
7.76322e-05 5.70494e-01
8.24842e-05 5.70494e-01
8.73362e-05 5.70494e-01
9.21883e-05 5.70494e-01
9.70403e-05 5.70494e-01
1.01892e-04 5.70494e-01
1.06744e-04 5.70494e-01
1.11596e-04 5.70494e-01
1.16448e-04 5.70494e-01
1.21300e-04 5.70494e-01
1.26152e-04 5.70494e-01
1.31004e-04 5.70494e-01
1.35856e-04 5.70494e-01
1.40708e-04 5.70494e-01
1.45560e-04 5.70494e-01
1.50412e-04 5.70494e-01
1.55264e-04 5.70494e-01
1.60116e-04 5.70494e-01
1.64968e-04 5.70494e-01
1.69820e-04 5.70494e-01
1.74672e-04 5.70494e-01
1.79525e-04 5.70494e-01
1.84377e-04 5.70494e-01
1.89229e-04 5.70494e-01
1.94081e-04 5.70494e-01
1.98933e-04 5.70494e-01
2.03785e-04 5.70494e-01
2.08637e-04 5.70494e-01
2.13489e-04 5.70494e-01
2.18341e-04 5.70494e-01
2.23193e-04 5.70494e-01
2.28045e-04 5.70494e-01
2.32897e-04 5.70494e-01
2.37749e-04 5.70494e-01
2.42601e-04 5.70494e-01
2.47453e-04 5.70494e-01
2.52305e-04 5.70494e-01
2.57157e-04 5.70494e-01
2.62009e-04 5.70494e-01
2.66861e-04 5.70494e-01
2.71713e-04 5.70494e-01
2.76565e-04 5.70494e-01
2.81417e-04 5.70494e-01
2.86269e-04 5.70494e-01
2.91121e-04 5.70494e-01
2.95973e-04 5.70494e-01
3.00825e-04 5.70494e-01
3.05677e-04 5.70494e-01
3.10529e-04 5.70494e-01
3.15381e-04 5.70494e-01
3.20233e-04 5.70494e-01
3.25085e-04 5.70494e-01
3.29937e-04 5.70494e-01
3.34789e-04 5.70494e-01
3.39641e-04 5.70494e-01
3.44493e-04 5.70494e-01
3.49345e-04 5.70494e-01
3.54197e-04 5.70494e-01
3.59049e-04 5.70494e-01
3.63901e-04 5.70494e-01
3.68753e-04 5.70494e-01
3.73605e-04 5.70494e-01
3.78457e-04 5.70494e-01
3.83309e-04 5.70494e-01
3.88161e-04 5.70494e-01
3.93013e-04 5.70494e-01
3.97865e-04 5.70494e-01
4.02717e-04 5.70494e-01
4.07569e-04 5.70494e-01
4.12421e-04 5.70494e-01
4.17273e-04 5.70494e-01
4.22125e-04 5.70494e-01
4.26977e-04 5.70494e-01
4.31829e-04 5.70494e-01
4.36681e-04 5.70494e-01
4.41533e-04 5.70494e-01
4.46385e-04 5.70494e-01
4.51237e-04 5.70494e-01
4.56089e-04 5.70494e-01
4.60941e-04 5.70494e-01
4.65793e-04 5.70494e-01
4.70645e-04 5.70494e-01
4.75497e-04 5.70494e-01
4.80349e-04 5.70494e-01
4.85201e-04 5.70494e-01
4.90053e-04 5.70494e-01
4.94905e-04 5.70494e-01
4.99757e-04 5.70494e-01
5.04609e-04 5.70494e-01
5.09461e-04 5.70494e-01
5.14313e-04 5.70494e-01
5.19165e-04 5.70494e-01
5.24017e-04 5.70494e-01
5.28869e-04 5.70494e-01
5.33721e-04 5.70494e-01
5.38574e-04 5.70494e-01
5.43426e-04 5.70494e-01
5.48278e-04 5.70494e-01
5.53130e-04 5.70494e-01
5.57982e-04 5.70494e-01
5.62834e-04 5.70494e-01
5.67686e-04 5.70494e-01
5.72538e-04 5.70494e-01
5.77390e-04 5.70494e-01
5.82242e-04 5.70494e-01
5.87094e-04 5.70494e-01
5.91946e-04 5.70494e-01
5.96798e-04 5.70494e-01
6.01650e-04 5.70494e-01
6.06502e-04 5.70494e-01
6.11354e-04 5.70494e-01
6.16206e-04 5.70494e-01
6.21058e-04 5.70494e-01
6.25910e-04 5.70494e-01
6.30762e-04 5.70494e-01
6.35614e-04 5.70494e-01
6.40466e-04 5.70494e-01
6.45318e-04 5.70494e-01
6.50170e-04 5.70494e-01
6.55022e-04 5.70494e-01
6.59874e-04 5.70494e-01
6.64726e-04 5.70494e-01
6.69578e-04 5.70494e-01
6.74430e-04 5.70494e-01
6.79282e-04 5.70494e-01
6.84134e-04 5.70494e-01
6.88986e-04 5.70494e-01
6.93838e-04 5.70494e-01
6.98690e-04 5.70494e-01
7.03542e-04 5.70494e-01
7.08394e-04 5.70494e-01
7.13246e-04 5.70494e-01
7.18098e-04 5.70494e-01
7.22950e-04 5.70494e-01
7.27802e-04 5.70494e-01
7.32654e-04 5.70494e-01
7.37506e-04 5.70494e-01
7.42358e-04 5.70494e-01
7.47210e-04 5.70494e-01
7.52062e-04 5.70494e-01
7.56914e-04 5.70494e-01
7.61766e-04 5.70494e-01
7.66618e-04 5.70494e-01
7.71470e-04 5.70494e-01
7.76322e-04 5.70494e-01
7.81174e-04 5.70494e-01
7.86026e-04 5.70494e-01
7.90878e-04 5.70494e-01
7.95730e-04 5.70494e-01
8.00582e-04 5.70494e-01
8.05434e-04 5.70494e-01
8.10286e-04 5.70494e-01
8.15138e-04 5.70494e-01
8.19990e-04 5.70494e-01
8.24842e-04 5.70494e-01
8.29694e-04 5.70494e-01
8.34546e-04 5.70494e-01
8.39398e-04 5.70494e-01
8.44250e-04 5.70494e-01
8.49102e-04 5.70494e-01
8.53954e-04 5.70494e-01
8.58806e-04 5.70494e-01
8.63658e-04 5.70494e-01
8.68510e-04 5.70494e-01
8.73362e-04 5.70494e-01
8.78214e-04 5.70494e-01
8.83066e-04 5.70494e-01
8.87918e-04 5.70494e-01
8.92770e-04 5.70494e-01
8.97623e-04 5.70494e-01
9.02475e-04 5.70494e-01
9.07327e-04 5.70494e-01
9.12179e-04 5.70494e-01
9.17031e-04 5.70494e-01
9.21883e-04 5.70494e-01
9.26735e-04 5.70494e-01
9.31587e-04 5.70494e-01
9.36439e-04 5.70494e-01
9.41291e-04 5.70494e-01
9.46143e-04 5.70494e-01
9.50995e-04 5.70494e-01
9.55847e-04 5.70494e-01
9.60699e-04 5.70494e-01
9.65551e-04 5.70494e-01
9.70403e-04 5.70494e-01
9.75255e-04 5.70494e-01
9.80107e-04 5.70494e-01
9.84959e-04 5.70494e-01
9.89811e-04 5.70494e-01
9.94663e-04 5.70494e-01
9.99515e-04 5.70494e-01
1.00437e-03 5.70494e-01
1.00922e-03 5.70494e-01
1.01407e-03 5.70494e-01
1.01892e-03 5.70494e-01
1.02377e-03 5.70494e-01
1.02863e-03 5.70494e-01
1.03348e-03 5.70494e-01
1.03833e-03 5.70494e-01
1.04318e-03 5.70494e-01
1.04803e-03 5.70494e-01
1.05289e-03 5.70494e-01
1.05774e-03 5.70494e-01
1.06259e-03 5.70494e-01
1.06744e-03 5.70494e-01
1.07230e-03 5.70494e-01
1.07715e-03 5.70494e-01
1.08200e-03 5.70494e-01
1.08685e-03 5.70494e-01
1.09170e-03 5.70494e-01
1.09656e-03 5.70494e-01
1.10141e-03 5.70494e-01
1.10626e-03 5.70494e-01
1.11111e-03 5.70494e-01
1.11596e-03 5.70494e-01
1.12082e-03 5.70494e-01
1.12567e-03 5.70494e-01
1.13052e-03 5.70494e-01
1.13537e-03 5.70494e-01
1.14022e-03 5.70494e-01
1.14508e-03 5.70494e-01
1.14993e-03 5.70494e-01
1.15478e-03 5.70494e-01
1.15963e-03 5.70494e-01
1.16448e-03 5.70494e-01
1.16934e-03 5.70494e-01
1.17419e-03 5.70494e-01
1.17904e-03 5.70494e-01
1.18389e-03 5.70494e-01
1.18874e-03 5.70494e-01
1.19360e-03 5.70494e-01
1.19845e-03 5.70494e-01
1.20330e-03 5.70494e-01
1.20815e-03 5.70494e-01
1.21300e-03 5.70494e-01
1.21786e-03 5.70494e-01
1.22271e-03 5.70494e-01
1.22756e-03 5.70494e-01
1.23241e-03 5.70494e-01
1.23726e-03 5.70494e-01
1.24212e-03 5.70494e-01
1.24697e-03 5.70494e-01
1.25182e-03 5.70494e-01
1.25667e-03 5.70494e-01
1.26152e-03 5.70494e-01
1.26638e-03 5.70494e-01
1.27123e-03 5.70494e-01
1.27608e-03 5.70494e-01
1.28093e-03 5.70494e-01
1.28578e-03 5.70494e-01
1.29064e-03 5.70494e-01
1.29549e-03 5.70494e-01
1.30034e-03 5.70494e-01
1.30519e-03 5.70494e-01
1.31004e-03 5.70494e-01
1.31490e-03 5.70494e-01
1.31975e-03 5.70494e-01
1.32460e-03 5.70494e-01
1.32945e-03 5.70494e-01
1.33430e-03 5.70494e-01
1.33916e-03 5.70494e-01
1.34401e-03 5.70494e-01
1.34886e-03 5.70494e-01
1.35371e-03 5.70494e-01
1.35856e-03 5.70494e-01
1.36342e-03 5.70494e-01
1.36827e-03 5.70494e-01
1.37312e-03 5.70494e-01
1.37797e-03 5.70494e-01
1.38282e-03 5.70494e-01
1.38768e-03 5.70494e-01
1.39253e-03 5.70494e-01
1.39738e-03 5.70494e-01
1.40223e-03 5.70494e-01
1.40708e-03 5.70494e-01
1.41194e-03 5.70494e-01
1.41679e-03 5.70494e-01
1.42164e-03 5.70494e-01
1.42649e-03 5.70494e-01
1.43134e-03 5.70494e-01
1.43620e-03 5.70494e-01
1.44105e-03 5.70494e-01
1.44590e-03 5.70494e-01
1.45075e-03 5.70494e-01
1.45560e-03 5.70494e-01
1.46046e-03 5.70494e-01
1.46531e-03 5.70494e-01
1.47016e-03 5.70494e-01
1.47501e-03 5.70494e-01
1.47986e-03 5.70494e-01
1.48472e-03 5.70494e-01
1.48957e-03 5.70494e-01
1.49442e-03 5.70494e-01
1.49927e-03 5.70494e-01
1.50412e-03 5.70494e-01
1.50898e-03 5.70494e-01
1.51383e-03 5.70494e-01
1.51868e-03 5.70494e-01
1.52353e-03 5.70494e-01
1.52838e-03 5.70494e-01
1.53324e-03 5.70494e-01
1.53809e-03 5.70494e-01
1.54294e-03 5.70494e-01
1.54779e-03 5.70494e-01
1.55264e-03 5.70494e-01
1.55750e-03 5.70494e-01
1.56235e-03 5.70494e-01
1.56720e-03 5.70494e-01
1.57205e-03 5.70494e-01
1.57690e-03 5.70494e-01
1.58176e-03 5.70494e-01
1.58661e-03 5.70494e-01
1.59146e-03 5.70494e-01
1.59631e-03 5.70494e-01
1.60116e-03 5.70494e-01
1.60602e-03 5.70494e-01
1.61087e-03 5.70494e-01
1.61572e-03 5.70494e-01
1.62057e-03 5.70494e-01
1.62542e-03 5.70494e-01
1.63028e-03 5.70494e-01
1.63513e-03 5.70494e-01
1.63998e-03 5.70494e-01
1.64483e-03 5.70494e-01
1.64968e-03 5.70494e-01
1.65454e-03 5.70494e-01
1.65939e-03 5.70494e-01
1.66424e-03 5.70494e-01
1.66909e-03 5.70494e-01
1.67394e-03 5.70494e-01
1.67880e-03 5.70494e-01
1.68365e-03 5.70494e-01
1.68850e-03 5.70494e-01
1.69335e-03 5.70494e-01
1.69820e-03 5.70494e-01
1.70306e-03 5.70494e-01
1.70791e-03 5.70494e-01
1.71276e-03 5.70494e-01
1.71761e-03 5.70494e-01
1.72246e-03 5.70494e-01
1.72732e-03 5.70494e-01
1.73217e-03 5.70494e-01
1.73702e-03 5.70494e-01
1.74187e-03 5.70494e-01
1.74672e-03 5.70494e-01
1.75158e-03 5.70494e-01
1.75643e-03 5.70494e-01
1.76128e-03 5.70494e-01
1.76613e-03 5.70494e-01
1.77098e-03 5.70494e-01
1.77584e-03 5.70494e-01
1.78069e-03 5.70494e-01
1.78554e-03 5.70494e-01
1.79039e-03 5.70494e-01
1.79525e-03 5.70494e-01
1.80010e-03 5.70494e-01
1.80495e-03 5.70494e-01
1.80980e-03 5.70494e-01
1.81465e-03 5.70494e-01
1.81951e-03 5.70494e-01
1.82436e-03 5.70494e-01
1.82921e-03 5.70494e-01
1.83406e-03 5.70494e-01
1.83891e-03 5.70494e-01
1.84377e-03 5.70494e-01
1.84862e-03 5.70494e-01
1.85347e-03 5.70494e-01
1.85832e-03 5.70494e-01
1.86317e-03 5.70494e-01
1.86803e-03 5.70494e-01
1.87288e-03 5.70494e-01
1.87773e-03 5.70494e-01
1.88258e-03 5.70494e-01
1.88743e-03 5.70494e-01
1.89229e-03 5.70494e-01
1.89714e-03 5.70494e-01
1.90199e-03 5.70494e-01
1.90684e-03 5.70494e-01
1.91169e-03 5.70494e-01
1.91655e-03 5.70494e-01
1.92140e-03 5.70494e-01
1.92625e-03 5.70494e-01
1.93110e-03 5.70494e-01
1.93595e-03 5.70494e-01
1.94081e-03 5.70494e-01
1.94566e-03 5.70318e-01
1.95051e-03 5.70256e-01
1.95536e-03 5.70544e-01
1.96021e-03 5.71303e-01
1.96507e-03 5.72379e-01
1.96992e-03 5.73610e-01
1.97477e-03 5.74840e-01
1.97962e-03 5.75914e-01
1.98447e-03 5.76673e-01
1.98933e-03 5.76962e-01
1.99418e-03 5.76961e-01
1.99903e-03 5.76957e-01
2.00388e-03 5.76952e-01
2.00873e-03 5.76945e-01
2.01359e-03 5.76937e-01
2.01844e-03 5.76926e-01
2.02329e-03 5.76915e-01
2.02814e-03 5.76901e-01
2.03299e-03 5.76887e-01
2.03785e-03 5.76784e-01
2.04270e-03 5.76516e-01
2.04755e-03 5.76101e-01
2.05240e-03 5.75555e-01
2.05725e-03 5.74896e-01
2.06211e-03 5.74138e-01
2.06696e-03 5.73303e-01
2.07181e-03 5.72404e-01
2.07666e-03 5.71460e-01
2.08151e-03 5.70487e-01
2.08637e-03 5.69500e-01
2.09122e-03 5.68521e-01
2.09607e-03 5.67564e-01
2.10092e-03 5.66646e-01
2.10577e-03 5.65784e-01
2.11063e-03 5.64994e-01
2.11548e-03 5.64296e-01
2.12033e-03 5.63603e-01
2.12518e-03 5.62845e-01
2.13003e-03 5.62061e-01
2.13489e-03 5.61290e-01
2.13974e-03 5.60572e-01
2.14459e-03 5.59946e-01
2.14944e-03 5.59450e-01
2.15429e-03 5.59124e-01
2.15915e-03 5.59006e-01
2.16400e-03 5.59066e-01
2.16885e-03 5.59237e-01
2.17370e-03 5.59510e-01
2.17855e-03 5.59873e-01
2.18341e-03 5.60319e-01
2.18826e-03 5.60835e-01
2.19311e-03 5.61410e-01
2.19796e-03 5.62036e-01
2.20281e-03 5.62701e-01
2.20767e-03 5.63397e-01
2.21252e-03 5.64110e-01
2.21737e-03 5.64832e-01
2.22222e-03 5.65552e-01
2.22707e-03 5.66260e-01
2.23193e-03 5.66947e-01
2.23678e-03 5.67600e-01
2.24163e-03 5.68209e-01
2.24648e-03 5.68766e-01
2.25133e-03 5.69336e-01
2.25619e-03 5.69975e-01
2.26104e-03 5.70651e-01
2.26589e-03 5.71334e-01
2.27074e-03 5.71994e-01
2.27559e-03 5.72602e-01
2.28045e-03 5.73129e-01
2.28530e-03 5.73541e-01
2.29015e-03 5.73810e-01
2.29500e-03 5.73907e-01
2.29985e-03 5.73739e-01
2.30471e-03 5.73259e-01
2.30956e-03 5.72506e-01
2.31441e-03 5.71514e-01
2.31926e-03 5.70321e-01
2.32411e-03 5.68964e-01
2.32897e-03 5.67475e-01
2.33382e-03 5.65897e-01
2.33867e-03 5.64265e-01
2.34352e-03 5.62614e-01
2.34837e-03 5.60982e-01
2.35323e-03 5.59401e-01
2.35808e-03 5.57916e-01
2.36293e-03 5.56558e-01
2.36778e-03 5.55365e-01
2.37263e-03 5.54373e-01
2.37749e-03 5.53618e-01
2.38234e-03 5.53139e-01
2.38719e-03 5.52971e-01
2.39204e-03 5.52972e-01
2.39689e-03 5.52974e-01
2.40175e-03 5.52978e-01
2.40660e-03 5.52983e-01
2.41145e-03 5.52990e-01
2.41630e-03 5.52998e-01
2.42115e-03 5.53008e-01
2.42601e-03 5.53019e-01
2.47453e-03 5.74311e-01
2.52305e-03 5.65086e-01
2.57157e-03 5.61437e-01
2.62009e-03 5.61953e-01
2.66861e-03 5.62029e-01
2.71713e-03 5.61998e-01
2.76565e-03 5.62085e-01
2.81417e-03 5.61711e-01
2.86269e-03 5.41027e-01
2.91121e-03 5.43857e-01
2.95973e-03 5.49732e-01
3.00825e-03 5.48426e-01
3.05677e-03 5.43515e-01
3.10529e-03 5.46029e-01
3.15381e-03 5.51172e-01
3.20233e-03 5.60659e-01
3.25085e-03 5.82181e-01
3.29937e-03 6.36346e-01
3.34789e-03 6.85639e-01
3.39641e-03 6.82995e-01
3.44493e-03 6.67131e-01
3.49345e-03 6.69276e-01
3.54197e-03 6.74545e-01
3.59049e-03 6.83664e-01
3.63901e-03 7.14180e-01
3.68753e-03 7.17442e-01
3.73605e-03 7.16816e-01
3.78457e-03 7.16275e-01
3.83309e-03 7.18566e-01
3.88161e-03 7.26641e-01
3.93013e-03 7.34963e-01
3.97865e-03 7.43843e-01
4.02717e-03 7.49293e-01
4.07569e-03 7.47216e-01
4.12421e-03 7.43032e-01
4.17273e-03 7.44796e-01
4.22125e-03 7.49592e-01
4.26977e-03 7.56673e-01
4.31829e-03 7.69416e-01
4.36681e-03 7.93473e-01
4.41533e-03 7.99014e-01
4.46385e-03 8.00726e-01
4.51237e-03 8.02077e-01
4.56089e-03 8.04796e-01
4.60941e-03 8.15115e-01
4.65793e-03 8.28637e-01
4.70645e-03 8.38695e-01
4.75497e-03 8.48057e-01
4.80349e-03 8.56650e-01
4.85201e-03 8.64399e-01
4.90053e-03 8.70409e-01
4.94905e-03 8.77139e-01
4.99757e-03 8.87895e-01
5.04609e-03 9.02536e-01
5.09461e-03 9.20850e-01
5.14313e-03 9.42627e-01
5.19165e-03 9.75962e-01
5.24017e-03 1.01422e+00
5.28869e-03 1.05299e+00
5.33721e-03 1.09011e+00
5.38574e-03 1.10669e+00
5.43426e-03 1.08836e+00
5.48278e-03 1.07003e+00
5.53130e-03 1.09699e+00
5.57982e-03 1.13493e+00
5.62834e-03 1.15418e+00
5.67686e-03 1.16939e+00
5.72538e-03 1.18266e+00
5.77390e-03 1.19605e+00
5.82242e-03 1.21167e+00
5.87094e-03 1.23144e+00
5.91946e-03 1.25041e+00
5.96798e-03 1.26396e+00
6.01650e-03 1.27464e+00
6.06502e-03 1.28489e+00
6.11354e-03 1.29716e+00
6.16206e-03 1.31389e+00
6.21058e-03 1.34503e+00
6.25910e-03 1.38794e+00
6.30762e-03 1.42616e+00
6.35614e-03 1.45306e+00
6.40466e-03 1.47675e+00
6.45318e-03 1.50290e+00
6.50170e-03 1.53610e+00
6.55022e-03 1.56996e+00
6.59874e-03 1.59912e+00
6.64726e-03 1.62643e+00
6.69578e-03 1.65340e+00
6.74430e-03 1.68423e+00
6.79282e-03 1.71920e+00
6.84134e-03 1.75397e+00
6.88986e-03 1.78419e+00
6.93838e-03 1.80551e+00
6.98690e-03 1.81358e+00
7.03542e-03 1.80373e+00
7.08394e-03 1.78544e+00
7.13246e-03 1.77559e+00
7.18098e-03 1.78122e+00
7.22950e-03 1.79562e+00
7.27802e-03 1.81507e+00
7.32654e-03 1.83584e+00
7.37506e-03 1.85420e+00
7.42358e-03 1.86641e+00
7.47210e-03 1.87436e+00
7.52062e-03 1.88086e+00
7.56914e-03 1.88354e+00
7.61766e-03 1.88324e+00
7.66618e-03 1.88233e+00
7.71470e-03 1.88085e+00
7.76322e-03 1.87882e+00
7.81174e-03 1.87626e+00
7.86026e-03 1.87319e+00
7.90878e-03 1.86212e+00
7.95730e-03 1.84133e+00
8.00582e-03 1.81950e+00
8.05434e-03 1.80532e+00
8.10286e-03 1.79886e+00
8.15138e-03 1.79403e+00
8.19990e-03 1.79025e+00
8.24842e-03 1.78694e+00
8.29694e-03 1.78353e+00
8.34546e-03 1.77944e+00
8.39398e-03 1.77410e+00
8.44250e-03 1.76688e+00
8.49102e-03 1.75796e+00
8.53954e-03 1.74795e+00
8.58806e-03 1.73663e+00
8.63658e-03 1.72378e+00
8.68510e-03 1.70997e+00
8.73362e-03 1.69579e+00
8.78214e-03 1.67917e+00
8.83066e-03 1.66175e+00
8.87918e-03 1.64968e+00
8.92770e-03 1.64375e+00
8.97623e-03 1.63965e+00
9.02475e-03 1.63591e+00
9.07327e-03 1.63105e+00
9.12179e-03 1.62378e+00
9.17031e-03 1.61437e+00
9.21883e-03 1.60365e+00
9.26735e-03 1.59245e+00
9.31587e-03 1.58160e+00
9.36439e-03 1.57192e+00
9.41291e-03 1.56427e+00
9.46143e-03 1.55945e+00
9.50995e-03 1.55693e+00
9.55847e-03 1.55517e+00
9.60699e-03 1.55350e+00
9.65551e-03 1.55125e+00
9.70403e-03 1.54812e+00
9.75255e-03 1.54429e+00
9.80107e-03 1.53987e+00
9.84959e-03 1.53496e+00
9.89811e-03 1.52968e+00
9.94663e-03 1.52412e+00
9.99515e-03 1.51838e+00
1.00437e-02 1.51258e+00
1.00922e-02 1.50502e+00
1.01407e-02 1.49591e+00
1.01892e-02 1.48824e+00
1.02377e-02 1.48502e+00
1.02863e-02 1.48600e+00
1.03348e-02 1.48860e+00
1.03833e-02 1.49238e+00
1.04318e-02 1.49685e+00
1.04803e-02 1.50156e+00
1.05289e-02 1.50605e+00
1.05774e-02 1.50983e+00
1.06259e-02 1.51243e+00
1.06744e-02 1.51341e+00
1.07230e-02 1.50886e+00
1.07715e-02 1.49831e+00
1.08200e-02 1.48637e+00
1.08685e-02 1.47765e+00
1.09170e-02 1.47257e+00
1.09656e-02 1.46837e+00
1.10141e-02 1.46485e+00
1.10626e-02 1.46177e+00
1.11111e-02 1.45891e+00
1.11596e-02 1.45607e+00
1.12082e-02 1.45300e+00
1.12567e-02 1.44952e+00
1.13052e-02 1.44539e+00
1.13537e-02 1.44039e+00
1.14022e-02 1.43383e+00
1.14508e-02 1.42551e+00
1.14993e-02 1.41608e+00
1.15478e-02 1.40612e+00
1.15963e-02 1.39532e+00
1.16448e-02 1.38317e+00
1.16934e-02 1.36997e+00
1.17419e-02 1.35611e+00
1.17904e-02 1.34187e+00
1.18389e-02 1.32759e+00
1.18874e-02 1.31359e+00
1.19360e-02 1.30016e+00
1.19845e-02 1.28769e+00
1.20330e-02 1.27648e+00
1.20815e-02 1.26677e+00
1.21300e-02 1.25811e+00
1.21786e-02 1.24974e+00
1.22271e-02 1.24097e+00
1.22756e-02 1.23103e+00
1.23241e-02 1.21933e+00
1.23726e-02 1.20600e+00
1.24212e-02 1.19140e+00
1.24697e-02 1.17596e+00
1.25182e-02 1.16004e+00
1.25667e-02 1.14403e+00
1.26152e-02 1.12832e+00
1.26638e-02 1.11325e+00
1.27123e-02 1.09928e+00
1.27608e-02 1.08676e+00
1.28093e-02 1.07607e+00
1.28578e-02 1.06687e+00
1.29064e-02 1.05848e+00
1.29549e-02 1.05083e+00
1.30034e-02 1.04381e+00
1.30519e-02 1.03733e+00
1.31004e-02 1.03126e+00
1.31490e-02 1.02554e+00
1.31975e-02 1.02014e+00
1.32460e-02 1.01500e+00
1.32945e-02 1.01007e+00
1.33430e-02 1.00529e+00
1.33916e-02 1.00062e+00
1.34401e-02 9.96025e-01
1.34886e-02 9.91441e-01
1.35371e-02 9.86822e-01
1.35856e-02 9.82120e-01
1.36342e-02 9.77352e-01
1.36827e-02 9.72621e-01
1.37312e-02 9.67955e-01
1.37797e-02 9.63388e-01
1.38282e-02 9.58959e-01
1.38768e-02 9.54695e-01
1.39253e-02 9.50320e-01
1.39738e-02 9.45601e-01
1.40223e-02 9.40676e-01
1.40708e-02 9.35682e-01
1.41194e-02 9.30749e-01
1.41679e-02 9.26034e-01
1.42164e-02 9.21665e-01
1.42649e-02 9.17780e-01
1.43134e-02 9.14518e-01
1.43620e-02 9.12013e-01
1.44105e-02 9.10411e-01
1.44590e-02 9.09847e-01
1.45075e-02 9.11501e-01
1.45560e-02 9.15638e-01
1.46046e-02 9.21027e-01
1.46531e-02 9.26405e-01
1.47016e-02 9.30543e-01
1.47501e-02 9.32198e-01
1.47986e-02 9.32032e-01
1.48472e-02 9.31550e-01
1.48957e-02 9.30780e-01
1.49442e-02 9.29747e-01
1.49927e-02 9.28477e-01
1.50412e-02 9.26997e-01
1.50898e-02 9.25328e-01
1.51383e-02 9.23503e-01
1.51868e-02 9.21545e-01
1.52353e-02 9.19481e-01
1.52838e-02 9.17335e-01
1.53324e-02 9.15130e-01
1.53809e-02 9.12901e-01
1.54294e-02 9.09704e-01
1.54779e-02 9.05160e-01
1.55264e-02 9.00128e-01
1.55750e-02 8.95459e-01
1.56235e-02 8.92033e-01
1.56720e-02 8.90699e-01
1.57205e-02 8.91164e-01
1.57690e-02 8.92459e-01
1.58176e-02 8.94438e-01
1.58661e-02 8.96941e-01
1.59146e-02 8.99821e-01
1.59631e-02 9.02927e-01
1.60116e-02 9.06109e-01
1.60602e-02 9.09221e-01
1.61087e-02 9.12101e-01
1.61572e-02 9.14604e-01
1.62057e-02 9.16578e-01
1.62542e-02 9.17874e-01
1.63028e-02 9.18340e-01
1.63513e-02 9.17804e-01
1.63998e-02 9.16421e-01
1.64483e-02 9.14529e-01
1.64968e-02 9.12469e-01
1.65454e-02 9.10574e-01
1.65939e-02 9.09191e-01
1.66424e-02 9.08655e-01
1.66909e-02 9.08707e-01
1.67394e-02 9.08853e-01
1.67880e-02 9.09077e-01
1.68365e-02 9.09364e-01
1.68850e-02 9.09697e-01
1.69335e-02 9.10062e-01
1.69820e-02 9.10443e-01
1.70306e-02 9.10824e-01
1.70791e-02 9.11189e-01
1.71276e-02 9.11522e-01
1.71761e-02 9.11809e-01
1.72246e-02 9.12033e-01
1.72732e-02 9.12179e-01
1.73217e-02 9.12231e-01
1.73702e-02 9.11238e-01
1.74187e-02 9.08541e-01
1.74672e-02 9.04563e-01
1.75158e-02 8.99718e-01
1.75643e-02 8.94448e-01
1.76128e-02 8.89169e-01
1.76613e-02 8.84302e-01
1.77098e-02 8.80272e-01
1.77584e-02 8.76912e-01
1.78069e-02 8.73769e-01
1.78554e-02 8.70798e-01
1.79039e-02 8.67964e-01
1.79525e-02 8.65225e-01
1.80010e-02 8.62556e-01
1.80495e-02 8.59914e-01
1.80980e-02 8.57264e-01
1.81465e-02 8.54569e-01
1.81951e-02 8.51787e-01
1.82436e-02 8.48894e-01
1.82921e-02 8.45847e-01
1.83406e-02 8.42610e-01
1.83891e-02 8.39147e-01
1.84377e-02 8.35413e-01
1.84862e-02 8.31071e-01
1.85347e-02 8.25968e-01
1.85832e-02 8.20376e-01
1.86317e-02 8.14570e-01
1.86803e-02 8.08812e-01
1.87288e-02 8.03398e-01
1.87773e-02 7.98591e-01
1.88258e-02 7.94664e-01
1.88743e-02 7.91171e-01
1.89229e-02 7.87619e-01
1.89714e-02 7.84238e-01
1.90199e-02 7.81234e-01
1.90684e-02 7.78822e-01
1.91169e-02 7.77217e-01
1.91655e-02 7.76633e-01
1.92140e-02 7.77252e-01
1.92625e-02 7.78909e-01
1.93110e-02 7.81307e-01
1.93595e-02 7.84150e-01
1.94081e-02 7.87147e-01
1.94566e-02 7.89990e-01
1.95051e-02 7.92388e-01
1.95536e-02 7.94045e-01
1.96021e-02 7.94663e-01
1.96507e-02 7.93637e-01
1.96992e-02 7.90857e-01
1.97477e-02 7.86760e-01
1.97962e-02 7.81782e-01
1.98447e-02 7.76362e-01
1.98933e-02 7.70924e-01
1.99418e-02 7.65931e-01
1.99903e-02 7.61807e-01
2.00388e-02 7.58225e-01
2.00873e-02 7.54586e-01
2.01359e-02 7.50907e-01
2.01844e-02 7.47229e-01
2.02329e-02 7.43570e-01
2.02814e-02 7.39956e-01
2.03299e-02 7.36412e-01
2.03785e-02 7.32956e-01
2.04270e-02 7.29630e-01
2.04755e-02 7.26451e-01
2.05240e-02 7.23446e-01
2.05725e-02 7.20638e-01
2.06211e-02 7.18050e-01
2.06696e-02 7.15717e-01
2.07181e-02 7.13660e-01
2.07666e-02 7.11904e-01
2.08151e-02 7.10474e-01
2.08637e-02 7.09331e-01
2.09122e-02 7.08385e-01
2.09607e-02 7.07583e-01
2.10092e-02 7.06870e-01
2.10577e-02 7.06195e-01
2.11063e-02 7.05502e-01
2.11548e-02 7.04741e-01
2.12033e-02 7.03858e-01
2.12518e-02 7.02800e-01
2.13003e-02 7.01483e-01
2.13489e-02 6.99879e-01
2.13974e-02 6.98030e-01
2.14459e-02 6.95968e-01
2.14944e-02 6.93727e-01
2.15429e-02 6.91342e-01
2.15915e-02 6.88844e-01
2.16400e-02 6.86278e-01
2.16885e-02 6.83673e-01
2.17370e-02 6.81065e-01
2.17855e-02 6.78489e-01
2.18341e-02 6.75974e-01
2.18826e-02 6.73567e-01
2.19311e-02 6.71296e-01
2.19796e-02 6.69197e-01
2.20281e-02 6.67306e-01
2.20767e-02 6.65653e-01
2.21252e-02 6.64280e-01
2.21737e-02 6.63161e-01
2.22222e-02 6.62212e-01
2.22707e-02 6.61384e-01
2.23193e-02 6.60624e-01
2.23678e-02 6.59883e-01
2.24163e-02 6.59110e-01
2.24648e-02 6.58254e-01
2.25133e-02 6.57263e-01
2.25619e-02 6.56084e-01
2.26104e-02 6.54617e-01
2.26589e-02 6.52811e-01
2.27074e-02 6.50703e-01
2.27559e-02 6.48327e-01
2.28045e-02 6.45714e-01
2.28530e-02 6.42910e-01
2.29015e-02 6.39944e-01
2.29500e-02 6.36853e-01
2.29985e-02 6.33671e-01
2.30471e-02 6.30428e-01
2.30956e-02 6.27172e-01
2.31441e-02 6.23933e-01
2.31926e-02 6.20745e-01
2.32411e-02 6.17644e-01
2.32897e-02 6.14659e-01
2.33382e-02 6.11839e-01
2.33867e-02 6.09212e-01
2.34352e-02 6.06813e-01
2.34837e-02 6.04679e-01
2.35323e-02 6.02717e-01
2.35808e-02 6.00824e-01
2.36293e-02 5.98998e-01
2.36778e-02 5.97242e-01
2.37263e-02 5.95558e-01
2.37749e-02 5.93944e-01
2.38234e-02 5.92410e-01
2.38719e-02 5.90955e-01
2.39204e-02 5.89580e-01
2.39689e-02 5.88287e-01
2.40175e-02 5.87017e-01
2.40660e-02 5.85720e-01
2.41145e-02 5.84403e-01
2.41630e-02 5.83079e-01
2.42115e-02 5.81755e-01
2.42601e-02 5.80440e-01
2.50000e-02 5.69550e-01
2.60000e-02 5.63734e-01
2.70000e-02 4.92833e-01
2.80000e-02 4.75660e-01
2.90000e-02 4.60298e-01
3.00000e-02 4.46542e-01
3.10000e-02 4.34141e-01
3.20000e-02 4.22931e-01
3.40000e-02 4.03606e-01
3.60000e-02 3.87964e-01
3.80000e-02 3.74449e-01
4.00000e-02 3.62747e-01
4.20000e-02 3.52539e-01
4.40000e-02 3.43196e-01
4.60000e-02 3.34599e-01
4.80000e-02 3.26515e-01
5.00000e-02 3.18626e-01
5.25000e-02 3.09116e-01
5.50000e-02 2.99689e-01
5.75000e-02 2.90367e-01
6.00000e-02 2.81095e-01
6.25000e-02 2.71883e-01
6.50000e-02 2.62723e-01
6.75000e-02 2.53639e-01
7.00000e-02 2.44696e-01
7.25000e-02 2.35879e-01
7.50000e-02 2.27187e-01
8.00000e-02 2.10148e-01
8.50000e-02 1.93855e-01
9.00000e-02 1.78592e-01
1.00000e-01 1.51002e-01
1.05000e-01 1.38400e-01
1.10000e-01 1.26944e-01
1.15000e-01 1.16425e-01
1.20000e-01 1.06731e-01
1.25000e-01 9.78730e-02
1.30000e-01 8.98427e-02
1.35000e-01 8.24324e-02
1.40000e-01 7.56875e-02
1.45000e-01 6.95568e-02
1.50000e-01 6.40282e-02
1.55000e-01 5.89176e-02
1.60000e-01 5.42229e-02
1.65000e-01 4.99832e-02
1.70000e-01 4.61147e-02
1.75000e-01 4.25947e-02
1.80000e-01 3.94292e-02
1.85000e-01 3.64740e-02
1.90000e-01 3.37323e-02
1.95000e-01 3.12940e-02
2.00000e-01 2.90344e-02
2.10000e-01 2.51298e-02
2.20000e-01 2.17647e-02
2.30000e-01 1.89420e-02
2.40000e-01 1.65360e-02
2.50000e-01 1.45038e-02
2.60000e-01 1.27486e-02
2.70000e-01 1.12427e-02
2.80000e-01 9.94100e-03
2.90000e-01 8.81946e-03
3.00000e-01 7.84760e-03
3.10000e-01 7.00990e-03
3.20000e-01 6.26889e-03
3.30000e-01 5.62550e-03
3.40000e-01 5.06064e-03
3.50000e-01 4.56066e-03
3.60000e-01 4.12453e-03
3.70000e-01 3.73592e-03
3.80000e-01 3.38664e-03
3.90000e-01 3.08685e-03
4.00000e-01 2.81991e-03
4.10000e-01 2.57485e-03
4.20000e-01 2.35244e-03
4.40000e-01 1.97818e-03
4.60000e-01 1.67595e-03
4.80000e-01 1.42799e-03
5.00000e-01 1.22545e-03
5.20000e-01 1.05592e-03
5.40000e-01 9.15232e-04
5.60000e-01 7.94757e-04
5.80000e-01 6.96053e-04
6.00000e-01 6.15728e-04
6.25000e-01 5.26791e-04
6.75000e-01 3.88795e-04
7.00000e-01 3.38430e-04
7.25000e-01 2.95233e-04
7.50000e-01 2.58514e-04
7.75000e-01 2.27682e-04
8.00000e-01 2.01451e-04
8.25000e-01 1.78585e-04
8.50000e-01 1.58825e-04
9.00000e-01 1.27205e-04
9.50000e-01 1.02862e-04
1.00000e+00 8.41576e-05
1.05000e+00 6.93874e-05
1.10000e+00 5.81268e-05
1.15000e+00 4.87534e-05
1.20000e+00 4.11335e-05
1.25000e+00 3.50780e-05
1.30000e+00 3.00376e-05
1.35000e+00 2.58862e-05
1.40000e+00 2.24428e-05
1.45000e+00 1.95142e-05
1.50000e+00 1.70935e-05
1.55000e+00 1.50640e-05
1.60000e+00 1.32743e-05
1.65000e+00 1.17319e-05
1.70000e+00 1.04450e-05
1.75000e+00 9.34428e-06
1.80000e+00 8.36209e-06
1.85000e+00 7.49446e-06
1.90000e+00 6.73741e-06
1.95000e+00 6.08633e-06
2.00000e+00 5.51234e-06
2.10000e+00 4.54231e-06
2.20000e+00 3.78287e-06
2.30000e+00 3.14895e-06
2.40000e+00 2.66591e-06
2.50000e+00 2.34718e-06
2.60000e+00 2.05970e-06
2.70000e+00 1.79650e-06
2.80000e+00 1.55819e-06
2.90000e+00 1.34536e-06
3.00000e+00 1.15862e-06
3.10000e+00 9.98576e-07
3.20000e+00 8.65833e-07
3.30000e+00 7.60995e-07
3.40000e+00 6.84649e-07
3.50000e+00 6.23278e-07
3.60000e+00 5.64928e-07
3.70000e+00 5.09795e-07
3.80000e+00 4.58075e-07
3.90000e+00 4.09966e-07
4.00000e+00 3.65662e-07
4.10000e+00 3.25360e-07
4.20000e+00 2.89257e-07
4.30000e+00 2.57549e-07
4.60000e+00 1.90757e-07
4.80000e+00 1.71801e-07
5.00000e+00 1.68821e-07
5.20000e+00 1.66623e-07
5.40000e+00 1.64444e-07
5.60000e+00 1.62284e-07
5.80000e+00 1.60143e-07
6.00000e+00 1.58021e-07
6.50000e+00 1.52798e-07
7.00000e+00 1.47690e-07
7.25000e+00 1.45180e-07
7.50000e+00 1.42698e-07
7.75000e+00 1.40244e-07
8.00000e+00 1.37819e-07
8.25000e+00 1.35421e-07
8.50000e+00 1.33052e-07
8.75000e+00 1.30710e-07
9.00000e+00 1.28396e-07
9.50000e+00 1.23849e-07
1.00000e+01 1.19411e-07
1.25000e+01 9.87983e-08
1.50000e+01 8.06973e-08
1.75000e+01 6.49457e-08
2.00000e+01 5.13810e-08
2.25000e+01 3.98408e-08
2.50000e+01 3.01626e-08
2.75000e+01 2.21840e-08
3.00000e+01 1.57426e-08
3.50000e+01 6.82148e-09
4.00000e+01 2.09986e-09
4.50000e+01 2.78235e-10
5.00000e+01 3.27225e-11
5.50000e+01 3.27124e-11
6.00000e+01 3.27023e-11
7.00000e+01 3.26821e-11
8.00000e+01 3.26619e-11
9.00000e+01 3.26417e-11
1.00000e+02 3.26215e-11
1.50000e+02 3.25206e-11
3.00000e+02 3.22193e-11
4.50000e+02 3.19198e-11
6.00000e+02 3.16222e-11
1.00000e+03 3.08376e-11
3.00000e+03 2.71088e-11
1.00000e+04 1.64358e-11
3.00000e+04 1.83336e-12
1.00000e+05 1.76306e-20
3.00000e+05 1.74133e-20
1.00000e+06 1.66666e-20
3.00000e+06 1.46515e-20
1.00000e+07 8.88357e-21
3.00000e+07 9.91331e-22
1.00000e+08 9.91331e-23
