0.964635696448 20 80
80
0.964635696448  0
1.00237446725  1.33790533892e-36
1.04158966572  8.92510961828e-36
1.08233905309  1.75892175588e-35
1.12468265038  2.65922853625e-35
1.16868282675  3.59475739204e-35
1.21440439138  4.56688629196e-35
1.26191468896  5.57704711408e-35
1.31128369884  6.6267277548e-35
1.36258413812  7.71747432048e-35
1.41589156877  8.85089340471e-35
1.47128450892  1.00286544547e-34
1.52884454851  1.12524922304e-34
1.58865646945  1.25242093593e-34
1.65080837054  1.38456789922e-34
1.71539179718  1.52188475616e-34
1.78250187627  1.66457376489e-34
1.85223745626  1.81284509638e-34
1.9247012528  1.96691714395e-34
2  3.2915085953e-32
2.07824460767  2.5880864799e-31
2.15955032466  5.24887692626e-31
2.2440369086  8.01376362491e-31
2.33182880236  1.08868190611e-30
2.42305531726  1.38722750449e-30
2.51785082359  1.69745289448e-30
2.61635494852  2.01981501644e-30
2.71871278176  2.35478868728e-30
2.82507508925  2.70286729985e-30
2.93559853524  3.06456354965e-30
3.05044591308  4.56229981028e-29
3.16978638492  1.42998951046e-28
3.29379573097  2.44360101439e-28
3.42265660832  3.49686733555e-28
3.55655882008  4.59133986175e-28
3.69569959484  5.72863067465e-28
3.84028387728  6.91041492429e-28
3.99052462994  1.25694463584e-27
4.14664314697  5.20508417165e-27
4.30886938006  1.00050886e-26
4.47744227714  1.49928802601e-26
4.65261013431  2.01758058209e-26
4.83463096161  2.55614993702e-26
5.02377286302  4.36977407611e-26
5.22031443137  1.09012153332e-25
5.42454515866  1.81253011308e-25
5.63676586253  2.56320098078e-25
5.85728912925  3.34323982226e-25
6.08643977422  5.66419807103e-25
6.32455532034  1.04542214195e-24
6.5719864952  1.54609953316e-24
6.82909774767  2.0663645774e-24
7.09626778467  3.04653602475e-24
7.37389012904  4.79914530677e-24
7.66237369911  6.63180389946e-24
7.96214341107  8.65236525466e-24
8.27364080478  1.19240167774e-23
8.59732469416  1.56283073344e-23
8.93367184302  1.95123711211e-23
9.28317766723  2.40573404038e-23
9.64635696448  2.89484632689e-23
10.0237446725  3.39864833398e-23
10.4158966572  3.90156951073e-23
10.8233905309  4.42131335691e-23
11.2468265038  4.91874408397e-23
11.6868282675  5.40456657766e-23
12.1440439138  5.88369265267e-23
12.6191468896  6.3314274383e-23
13.1128369884  6.77661092818e-23
13.6258413812  7.19024139434e-23
14.1589156877  7.59550920961e-23
14.7128450892  7.97121465239e-23
15.2884454851  8.33111943851e-23
15.8865646945  8.67380742976e-23
16.5080837054  8.99666848347e-23
17.1539179718  9.30975950293e-23
17.8250187627  9.60430253101e-23
18.5223745626  9.94945286005e-23
19.247012528  1.03242088931e-22
20  1.07136262456e-22

