1.9247012528 20 62
62
1.9247012528  0
2  2.42142581103e-40
2.07824460767  1.91463292175e-39
2.15955032466  3.88466911719e-39
2.2440369086  5.93177766723e-39
2.33182880236  8.05897381996e-39
2.42305531726  1.02693907869e-38
2.51785082359  1.2566284358e-38
2.61635494852  1.49530376973e-38
2.71871278176  1.74331663259e-38
2.82507508925  2.00103233002e-38
2.93559853524  2.26883045927e-38
3.05044591308  1.89829065501e-35
3.16978638492  6.25723726142e-35
3.29379573097  1.0794608768e-34
3.42265660832  1.55094927012e-34
3.55655882008  2.04088337563e-34
3.69569959484  2.54998483207e-34
3.84028387728  3.07900351037e-34
3.99052462994  3.47211019173e-33
4.14664314697  3.03378847516e-32
4.30886938006  6.31483926659e-32
4.47744227714  9.72425232397e-32
4.65261013431  1.32670494749e-31
4.83463096161  1.69484490124e-31
5.02377286302  9.0769618546e-31
5.22031443137  4.26860558164e-30
5.42454515866  8.00499574655e-30
5.63676586253  1.18875621027e-29
5.85728912925  1.59220233996e-29
6.08643977422  6.75454770736e-29
6.32455532034  1.958731566e-28
6.5719864952  3.30143108162e-28
6.82909774767  4.69666009565e-28
7.09626778467  1.3345008541e-27
7.37389012904  3.43538873266e-27
7.66237369911  5.637274178e-27
7.96214341107  9.19180711452e-27
8.27364080478  2.56593475739e-26
8.59732469416  4.60914225196e-26
8.93367184302  7.22577719952e-26
9.28317766723  1.71511922588e-25
9.64635696448  2.9848546926e-25
10.0237446725  4.95743182305e-25
10.4158966572  1.00325411472e-24
10.8233905309  1.572602932e-24
11.2468265038  2.8018948134e-24
11.6868282675  4.54383240257e-24
12.1440439138  6.96126997013e-24
12.6191468896  1.06579757857e-23
13.1128369884  1.49578334426e-23
13.6258413812  2.05421547524e-23
14.1589156877  2.6600211036e-23
14.7128450892  3.33020778801e-23
15.2884454851  4.01770541328e-23
15.8865646945  4.7190154112e-23
16.5080837054  5.40582613501e-23
17.1539179718  6.08630265407e-23
17.8250187627  6.74139782793e-23
18.5223745626  7.44112016334e-23
19.247012528  8.18110694231e-23
20  8.95004370889e-23

