2.93559853524 20 51
51
2.93559853524  0
3.05044591308  1.04560860896e-42
3.16978638492  3.44965199804e-42
3.29379573097  5.95210046045e-42
3.42265660832  8.55245047193e-42
3.55655882008  1.12545321666e-41
3.69569959484  1.40623255224e-41
3.84028387728  1.69799662229e-41
3.99052462994  3.83650896912e-39
4.14664314697  3.67464798048e-38
4.30886938006  7.69508135041e-38
4.47744227714  1.18728033362e-37
4.65261013431  1.62139674308e-37
4.83463096161  2.07249678662e-37
5.02377286302  7.46503811777e-36
5.22031443137  4.17280943107e-35
5.42454515866  7.98452122177e-35
5.63676586253  1.19453559593e-34
5.85728912925  1.60611476768e-34
6.08643977422  2.51649284335e-33
6.32455532034  8.60674550679e-33
6.5719864952  1.49802169282e-32
6.82909774767  2.16030332351e-32
7.09626778467  1.45067353682e-31
7.37389012904  4.68064762757e-31
7.66237369911  8.06744260858e-31
7.96214341107  1.70097643004e-30
8.27364080478  8.09984998595e-30
8.59732469416  1.61707707036e-29
8.93367184302  2.94069241349e-29
9.28317766723  1.13977276759e-28
9.64635696448  2.25279850775e-28
10.0237446725  4.79998015189e-28
10.4158966572  1.38878979256e-27
10.8233905309  2.43346360731e-27
11.2468265038  6.6664112702e-27
11.6868282675  1.33579007309e-26
12.1440439138  2.92058232396e-26
12.6191468896  6.30235472556e-26
13.1128369884  1.26642410088e-25
13.6258413812  2.6590808164e-25
14.1589156877  5.21797811961e-25
14.7128450892  1.00946599742e-24
15.2884454851  1.95070259261e-24
15.8865646945  3.43592836162e-24
16.5080837054  6.1297484701e-24
17.1539179718  9.85647773697e-24
17.8250187627  1.51847743591e-23
18.5223745626  2.46572061891e-23
19.247012528  3.60107527387e-23
20  4.78084761861e-23

