1.9247012528 20 62
62
1.9247012528  0
2  4.41243435146e-43
2.07824460767  3.48893285762e-42
2.15955032466  7.07882412861e-42
2.2440369086  1.08091602166e-41
2.33182880236  1.46854356465e-41
2.42305531726  1.87133599015e-41
2.51785082359  2.2898865833e-41
2.61635494852  2.72481183993e-41
2.71871278176  3.1767523746e-41
2.82507508925  3.64637386417e-41
2.93559853524  4.13436802835e-41
3.05044591308  1.4014624961e-37
3.16978638492  4.62266389971e-37
3.29379573097  7.97571913441e-37
3.42265660832  1.14599536148e-36
3.55655882008  1.50804993751e-36
3.69569959484  1.88426892267e-36
3.84028387728  2.27520646128e-36
3.99052462994  5.84785547377e-35
4.14664314697  5.39997765153e-34
4.30886938006  1.12817513376e-33
4.47744227714  1.73936335608e-33
4.65261013431  2.37446266975e-33
4.83463096161  3.03440853172e-33
5.02377286302  2.70374440276e-32
5.22031443137  1.38385839484e-31
5.42454515866  2.62218477693e-31
5.63676586253  3.90895733998e-31
5.85728912925  5.24607141022e-31
6.08643977422  3.18707504233e-30
6.32455532034  9.92722135187e-30
6.5719864952  1.69801009966e-29
6.82909774767  2.43089055416e-29
7.09626778467  8.78884979637e-29
7.37389012904  2.47420391833e-28
7.66237369911  4.14655588256e-28
7.96214341107  7.24665400504e-28
8.27364080478  2.42083720796e-27
8.59732469416  4.54051485749e-27
8.93367184302  7.45596512569e-27
9.28317766723  2.08950783627e-26
9.64635696448  3.83031017532e-26
10.0237446725  6.91427254157e-26
10.4158966572  1.60247350522e-25
10.8233905309  2.63467470999e-25
11.2468265038  5.53376810333e-25
11.6868282675  9.87692550349e-25
12.1440439138  1.74491443397e-24
12.6191468896  3.12847426448e-24
13.1128369884  5.04872985705e-24
13.6258413812  8.26316351363e-24
14.1589156877  1.22818522633e-23
14.7128450892  1.77277791985e-23
15.2884454851  2.39712485864e-23
15.8865646945  3.10074128274e-23
16.5080837054  3.84072646139e-23
17.1539179718  4.60046248911e-23
17.8250187627  5.35738369331e-23
18.5223745626  6.16991609686e-23
19.247012528  7.03105527816e-23
20  7.92588420816e-23

