2.93559853524 20000 231
231
2.93559853524  0
3.05044591308  9.3790496635e-44
3.16978638492  3.09431819268e-43
3.29379573097  5.33900020927e-43
3.42265660832  7.67149935772e-43
3.55655882008  1.00952512466e-42
3.69569959484  1.26138258932e-42
3.84028387728  1.52309329824e-42
3.99052462994  5.66154517202e-40
4.14664314697  5.43248962268e-39
4.30886938006  1.13774618117e-38
4.47744227714  1.7555015009e-38
4.65261013431  2.39742483194e-38
4.83463096161  3.06446168258e-38
5.02377286302  1.53982970262e-36
5.22031443137  8.6749267757e-36
5.42454515866  1.66128275129e-35
5.63676586253  2.48612772146e-35
5.85728912925  3.34324252717e-35
6.08643977422  6.58176393205e-34
6.32455532034  2.27705302567e-33
6.5719864952  3.97123229373e-33
6.82909774767  5.73169175786e-33
7.09626778467  4.48426659181e-32
7.37389012904  1.47747375292e-31
7.66237369911  2.55651927561e-31
7.96214341107  5.676558915e-31
8.27364080478  2.90783188653e-30
8.59732469416  5.86356375858e-30
8.93367184302  1.09349955298e-29
9.28317766723  4.54115406198e-29
9.64635696448  9.0897467858e-29
10.0237446725  2.00930325736e-28
10.4158966572  6.05996249126e-28
10.8233905309  1.07286145078e-27
11.2468265038  3.08778330072e-27
11.6868282675  6.29601382421e-27
12.1440439138  1.42412995779e-26
12.6191468896  3.14926432011e-26
13.1128369884  6.51476724243e-26
13.6258413812  1.40565277846e-25
14.1589156877  2.85194766505e-25
14.7128450892  5.67998176654e-25
15.2884454851  1.15145517303e-24
15.8865646945  2.10596643575e-24
16.5080837054  4.00084429496e-24
17.1539179718  6.80080940246e-24
17.8250187627  1.1135976122e-23
18.5223745626  2.03453097601e-23
19.247012528  3.17006646234e-23
20  4.35002671299e-23
20.7824460767  5.57614972707e-23
21.5955032466  6.85024149825e-23
22.440369086  8.17417867481e-23
23.3182880236  9.54991132385e-23
24.2305531726  1.08146321577e-22
25.1785082359  1.1577994258e-22
26.1635494852  1.23021575561e-22
27.1871278176  1.29886173743e-22
28.2507508925  1.36388106768e-22
29.3559853524  1.42541182929e-22
30.5044591308  1.48358670674e-22
31.6978638492  1.53853319397e-22
32.9379573097  1.59037379558e-22
34.2265660832  1.63922622135e-22
35.5655882008  1.68520357457e-22
36.9569959484  1.72841453419e-22
38.4028387728  1.76896353129e-22
39.9052462994  1.80695091983e-22
41.4664314697  1.84247314226e-22
43.0886938006  1.87562288986e-22
44.7744227714  1.90648925845e-22
46.5261013431  1.93515789934e-22
48.3463096161  1.96171116604e-22
50.2377286302  1.98622825688e-22
52.2031443137  2.00878535369e-22
54.2454515866  2.02945575693e-22
56.3676586253  2.04831001743e-22
58.5728912925  2.06541606494e-22
60.8643977422  2.08083933385e-22
63.2455532034  2.09464288619e-22
65.719864952  2.1068875322e-22
68.2909774767  2.11763194869e-22
70.9626778467  2.12693279542e-22
73.7389012904  2.13484482972e-22
76.6237369911  2.14142101955e-22
79.6214341107  2.14671265517e-22
82.7364080478  2.15076945973e-22
85.9732469416  2.15363969877e-22
89.3367184302  2.15537028903e-22
92.8317766723  2.15600690641e-22
96.4635696448  2.15559409345e-22
100.237446725  2.15417536632e-22
104.158966572  2.15179332123e-22
108.233905309  2.14848974049e-22
112.468265038  2.14430569791e-22
116.868282675  2.1392816636e-22
121.440439138  2.13345760781e-22
126.191468896  2.12687310363e-22
131.128369884  2.11956742811e-22
136.258413812  2.11157966126e-22
141.589156877  2.10294878229e-22
147.128450892  2.09371376247e-22
152.884454851  2.08391365338e-22
158.865646945  2.07358766984e-22
165.080837054  2.06277526589e-22
171.539179718  2.0515162027e-22
178.250187627  2.03985060657e-22
185.223745626  2.02781901542e-22
192.47012528  2.01546241177e-22
200  2.00282224013e-22
207.824460767  1.98994040679e-22
215.955032466  1.97685925976e-22
224.40369086  1.96362154671e-22
233.182880236  1.95027034905e-22
242.305531726  1.93684899019e-22
251.785082359  1.92340091659e-22
261.635494852  1.90996955067e-22
271.871278176  1.89659811497e-22
282.507508925  1.88332942805e-22
293.559853524  1.87020567316e-22
305.044591308  1.85821172261e-22
316.978638492  1.84548020272e-22
329.379573097  1.83301471152e-22
342.265660832  1.8208520183e-22
355.655882008  1.80902680232e-22
369.569959484  1.79757133988e-22
384.028387728  1.78651520032e-22
399.052462994  1.77588495942e-22
414.664314697  1.76570393848e-22
430.886938006  1.75599197765e-22
447.744227714  1.74676525113e-22
465.261013431  1.73803613135e-22
483.463096161  1.72981310791e-22
502.377286302  1.72210076586e-22
522.031443137  1.71489982625e-22
542.454515866  1.70820725055e-22
563.676586253  1.70201640935e-22
585.728912925  1.69631731444e-22
608.643977422  1.69109691354e-22
632.455532034  1.68633944727e-22
657.19864952  1.68202687096e-22
682.909774767  1.67813935011e-22
709.626778467  1.67465585443e-22
737.389012904  1.67155492344e-22
766.237369911  1.66885084381e-22
796.214341107  1.66673664775e-22
827.364080478  1.66523806574e-22
859.732469416  1.66434460536e-22
893.367184302  1.65742660566e-22
928.317766723  1.65827211404e-22
964.635696448  1.65962517796e-22
1002.37446725  1.66149458548e-22
1041.58966572  1.66388737527e-22
1082.33905309  1.6668087924e-22
1124.68265038  1.67026226106e-22
1168.68282675  1.67424937514e-22
1214.40439138  1.67876990666e-22
1261.91468896  1.68382183215e-22
1311.28369884  1.68940137624e-22
1362.58413812  1.69550307168e-22
1415.89156877  1.71833739774e-22
1471.28450892  1.73304239322e-22
1528.84454851  1.74660892199e-22
1588.65646945  1.75916186365e-22
1650.80837054  1.77081206961e-22
1715.39179718  1.78165861486e-22
1782.50187627  1.79179059004e-22
1852.23745626  1.80128854009e-22
1924.7012528  1.81022562812e-22
2000  1.81866858379e-22
2078.24460767  1.82667848078e-22
2159.55032466  1.83431137809e-22
2244.0369086  1.83946999097e-22
2331.82880236  1.8455169524e-22
2423.05531726  1.85099069835e-22
2517.85082359  1.85593332273e-22
2616.35494852  1.86038330493e-22
2718.71278176  1.86437593837e-22
2825.07508925  1.86794369652e-22
2935.59853524  1.87111654676e-22
3050.44591308  1.87392222048e-22
3169.78638492  1.87638644624e-22
3293.79573097  1.87853315158e-22
3422.65660832  1.88038463817e-22
3556.55882008  1.8819617341e-22
3695.69959484  1.88328392651e-22
3840.28387728  1.88436947744e-22
3990.52462994  1.88523552509e-22
4146.64314697  1.88589817251e-22
4308.86938006  1.88637256549e-22
4477.44227714  1.88667296109e-22
4652.61013431  1.88681278803e-22
4834.63096161  1.88680470021e-22
5023.77286302  1.88666062416e-22
5220.31443137  1.88639180138e-22
5424.54515866  1.88600882632e-22
5636.76586253  1.88552168053e-22
5857.28912925  1.88493976371e-22
6086.43977422  1.88427192195e-22
6324.55532034  1.88352647379e-22
6571.9864952  1.88271123431e-22
6829.09774767  1.88183353765e-22
7096.26778467  1.88090025814e-22
7373.89012904  1.87991783041e-22
7662.37369911  1.87889226845e-22
7962.14341107  1.877829184e-22
8273.64080478  1.87673380426e-22
8597.32469416  1.875610989e-22
8933.67184302  1.8744652473e-22
9283.17766723  1.87330075378e-22
9646.35696448  1.8721213645e-22
10023.7446725  1.87093063253e-22
10415.8966572  1.86973182317e-22
10823.3905309  1.86852792885e-22
11246.8265038  1.86732168371e-22
11686.8282675  1.86611557786e-22
12144.0439138  1.86491187132e-22
12619.1468896  1.86371260754e-22
13112.8369884  1.86251962662e-22
13625.8413812  1.86133457813e-22
14158.9156877  1.86015893351e-22
14712.8450892  1.85899399804e-22
15288.4454851  1.85784092242e-22
15886.5646945  1.8567007139e-22
16508.0837054  1.85557424689e-22
17153.9179718  1.8544622732e-22
17825.0187627  1.85336543172e-22
18522.3745626  1.85228425772e-22
19247.012528  1.85121919156e-22
20000  1.85017058705e-22

