0.964635696448 20 80
80
0.964635696448  0
1.00237446725  9.40040642228e-38
1.04158966572  6.2709711468e-37
1.08233905309  1.2358556984e-36
1.12468265038  1.86843032039e-36
1.16868282675  2.52575271894e-36
1.21440439138  3.20879108408e-36
1.26191468896  3.91855148368e-36
1.31128369884  4.65607934528e-36
1.36258413812  5.42246099597e-36
1.41589156877  6.21882526245e-36
1.47128450892  7.04634513373e-36
1.52884454851  7.90623948884e-36
1.58865646945  8.79977489217e-36
1.65080837054  9.72826745905e-36
1.71539179718  1.06930847942e-35
1.78250187627  1.16956480064e-35
1.85223745626  1.27374338011e-35
1.9247012528  1.38199766562e-35
2  5.13605494923e-33
2.07824460767  4.05089750745e-32
2.15955032466  8.21747832245e-32
2.2440369086  1.2547065378e-31
2.33182880236  1.70460358539e-31
2.42305531726  2.17210164197e-31
2.51785082359  2.65788929955e-31
2.61635494852  3.16268208948e-31
2.71871278176  3.68722353631e-31
2.82507508925  4.232286253e-31
2.93559853524  4.79867307889e-31
3.05044591308  1.11197553861e-29
3.16978638492  3.55086231622e-29
3.29379573097  6.08956934228e-29
3.42265660832  8.72759643595e-29
3.55655882008  1.14688292271e-28
3.69569959484  1.43173053604e-28
3.84028387728  1.72772204424e-28
3.99052462994  3.5890550768e-28
4.14664314697  1.73055918995e-27
4.30886938006  3.40042427732e-27
4.47744227714  5.135618334e-27
4.65261013431  6.93869717978e-27
4.83463096161  8.812316624e-27
5.02377286302  1.65100458247e-26
5.22031443137  4.58195778593e-26
5.42454515866  7.82804087873e-26
5.63676586253  1.12011182206e-25
5.85728912925  1.4706158119e-25
6.08643977422  2.71571364293e-25
6.32455532034  5.39654902158e-25
6.5719864952  8.19938428474e-25
6.82909774767  1.11118729207e-24
7.09626778467  1.7462504467e-24
7.37389012904  2.96132934447e-24
7.66237369911  4.23262931677e-24
7.96214341107  5.67518745382e-24
8.27364080478  8.39985057028e-24
8.59732469416  1.15496925134e-23
8.93367184302  1.48844046393e-23
9.28317766723  1.92497161114e-23
9.64635696448  2.40835434122e-23
10.0237446725  2.91232634542e-23
10.4158966572  3.44378817138e-23
10.8233905309  3.99681651381e-23
11.2468265038  4.53812239828e-23
11.6868282675  5.07630337892e-23
12.1440439138  5.60953116704e-23
12.6191468896  6.11288901089e-23
13.1128369884  6.61290545113e-23
13.6258413812  7.07581155279e-23
14.1589156877  7.53174019678e-23
14.7128450892  7.95979914345e-23
15.2884454851  8.37204474893e-23
15.8865646945  8.76642300598e-23
16.5080837054  9.13376873166e-23
17.1539179718  9.48814603558e-23
17.8250187627  9.82062960737e-23
18.5223745626  1.01609828052e-22
19.247012528  1.05159836478e-22
20  1.08848729413e-22

