1.9247012528 20 62
62
1.9247012528  0
2  2.93482134901e-41
2.07824460767  2.32057721889e-40
2.15955032466  4.70830442422e-40
2.2440369086  7.18944501877e-40
2.33182880236  9.76765354951e-40
2.42305531726  1.24467275377e-39
2.51785082359  1.52306130725e-39
2.61635494852  1.81234106231e-39
2.71871278176  2.11293810783e-39
2.82507508925  2.4252952023e-39
2.93559853524  2.74987242593e-39
3.05044591308  3.64481222614e-36
3.16978638492  1.20181476014e-35
3.29379573097  2.07342293513e-35
3.42265660832  2.97913042997e-35
3.55655882008  3.9202712886e-35
3.69569959484  4.89823174586e-35
3.84028387728  5.91445226926e-35
3.99052462994  8.68378856096e-34
4.14664314697  7.76572918628e-33
4.30886938006  1.61899670369e-32
4.47744227714  2.49437804803e-32
4.65261013431  3.4040063273e-32
4.83463096161  4.34922136049e-32
5.02377286302  2.73453994618e-31
5.22031443137  1.32817984727e-30
5.42454515866  2.50090632008e-30
5.63676586253  3.71951255429e-30
5.85728912925  4.98579347184e-30
6.08643977422  2.37185530618e-29
6.32455532034  7.06087099684e-29
6.5719864952  1.19671806158e-28
6.82909774767  1.70654363705e-28
7.09626778467  5.24434211435e-28
7.37389012904  1.39442179433e-27
7.66237369911  2.30630369225e-27
7.96214341107  3.84731644859e-27
8.27364080478  1.14342043941e-26
8.59732469416  2.08737212781e-26
8.93367184302  3.32537709386e-26
9.28317766723  8.36656240353e-26
9.64635696448  1.48469123558e-25
10.0237446725  2.53795975547e-25
10.4158966572  5.39198029145e-25
10.8233905309  8.60543745323e-25
11.2468265038  1.62434137876e-24
11.6868282675  2.73119578719e-24
12.1440439138  4.39631789987e-24
12.6191468896  7.13106819201e-24
13.1128369884  1.04999303664e-23
13.6258413812  1.53081694572e-23
14.1589156877  2.07526655737e-23
14.7128450892  2.71947675143e-23
15.2884454851  3.40110411676e-23
15.8865646945  4.11699205778e-23
16.5080837054  4.83070250585e-23
17.1539179718  5.54394692463e-23
17.8250187627  6.23563950115e-23
18.5223745626  6.9772329687e-23
19.247012528  7.76247548873e-23
20  8.57843850521e-23

