4.83463096161 20 38
38
4.83463096161  0
5.02377286302  1.2603979808e-40
5.22031443137  7.24073511556e-40
5.42454515866  1.3894391894e-39
5.63676586253  2.08083550545e-39
5.85728912925  2.79928083825e-39
6.08643977422  2.22295714648e-37
6.32455532034  7.94820615433e-37
6.5719864952  1.39399528909e-36
6.82909774767  2.01661105637e-36
7.09626778467  4.13582966141e-35
7.37389012904  1.46862694933e-34
7.66237369911  2.57505558074e-34
7.96214341107  8.42072773884e-34
8.27364080478  6.18584491689e-33
8.59732469416  1.29697765337e-32
8.93367184302  2.89130634853e-32
9.28317766723  1.75357407164e-31
9.64635696448  3.70489967903e-31
10.0237446725  1.03680319262e-30
10.4158966572  3.87625570272e-30
10.8233905309  7.20103625217e-30
11.2468265038  2.76570852111e-29
11.6868282675  6.12990923295e-29
12.1440439138  1.68048057945e-28
12.6191468896  4.19007600649e-28
13.1128369884  1.00678281049e-27
13.6258413812  2.46161448452e-27
14.1589156877  5.79041736216e-27
14.7128450892  1.29119967002e-26
15.2884454851  3.12266959299e-26
15.8865646945  6.47128193421e-26
16.5080837054  1.51592789994e-25
17.1539179718  3.17352191397e-25
17.8250187627  6.55041717686e-25
18.5223745626  7.13132058722e-24
19.247012528  1.60253578832e-23
20  2.52673504087e-23

