1.9247012528 20 62
62
1.9247012528  0
2  3.84908189755e-43
2.07824460767  3.04348738913e-42
2.15955032466  6.17504344294e-42
2.2440369086  9.42911318417e-42
2.33182880236  1.28104896305e-41
2.42305531726  1.63241533136e-41
2.51785082359  1.99752796148e-41
2.61635494852  2.37692463885e-41
2.71871278176  2.77116418832e-41
2.82507508925  3.18082729721e-41
2.93559853524  3.60651737073e-41
3.05044591308  1.22550038609e-37
3.16978638492  4.04226257964e-37
3.29379573097  6.97432364483e-37
3.42265660832  1.00210936939e-36
3.55655882008  1.31870604065e-36
3.69569959484  1.64768870308e-36
3.84028387728  1.98954192518e-36
3.99052462994  5.10483506301e-35
4.14664314697  4.71352278427e-34
4.30886938006  9.84754847866e-34
4.47744227714  1.51824290862e-33
4.65261013431  2.07260225137e-33
4.83463096161  2.64864940877e-33
5.02377286302  2.34911066576e-32
5.22031443137  1.20166253251e-31
5.42454515866  2.27680252959e-31
5.63676586253  3.3940044803e-31
5.85728912925  4.55491394517e-31
6.08643977422  2.75128065283e-30
6.32455532034  8.56186511362e-30
6.5719864952  1.46420459581e-29
6.82909774767  2.09600974849e-29
7.09626778467  7.54382597381e-29
7.37389012904  2.12066551587e-28
7.66237369911  3.55291770439e-28
7.96214341107  6.20145331234e-28
8.27364080478  2.06558730964e-27
8.59732469416  3.87175118286e-27
8.93367184302  6.35260106118e-27
9.28317766723  1.77510079371e-26
9.64635696448  3.25128667523e-26
10.0237446725  5.85821288624e-26
10.4158966572  1.35370340975e-25
10.8233905309  2.22353845912e-25
11.2468265038  4.6563921978e-25
11.6868282675  8.29832001932e-25
12.1440439138  1.46763767373e-24
12.6191468896  2.63630979539e-24
13.1128369884  4.28288252516e-24
13.6258413812  7.08757747569e-24
14.1589156877  1.06717424749e-23
14.7128450892  1.56615931091e-23
15.2884454851  2.151150472e-23
15.8865646945  2.82256303505e-23
16.5080837054  3.53878828522e-23
17.1539179718  4.27899450933e-23
17.8250187627  5.02085301196e-23
18.5223745626  5.85917953517e-23
19.247012528  6.76142622052e-23
20  7.69897087483e-23

