2.93559853524 20 51
51
2.93559853524  0
3.05044591308  2.27019456763e-43
3.16978638492  7.48978265771e-43
3.29379573097  1.29230249402e-42
3.42265660832  1.8568828178e-42
3.55655882008  2.44355082456e-42
3.69569959484  3.05317063532e-42
3.84028387728  3.68664017754e-42
3.99052462994  1.15641428514e-39
4.14664314697  1.10905368536e-38
4.30886938006  2.32265665244e-38
4.47744227714  3.58373856354e-38
4.65261013431  4.89415690433e-38
4.83463096161  6.25584182959e-38
5.02377286302  2.80372269328e-36
5.22031443137  1.57575669139e-35
5.42454515866  3.01687901552e-35
5.63676586253  4.51438136508e-35
5.85728912925  6.07046945656e-35
6.08643977422  1.10453145754e-33
6.32455532034  3.8073331897e-33
6.5719864952  6.63584668479e-33
6.82909774767  9.57501814424e-33
7.09626778467  7.10560980863e-32
7.37389012904  2.32520562465e-31
7.66237369911  4.01828277434e-31
7.96214341107  8.76248217568e-31
8.27364080478  4.37977903229e-30
8.59732469416  8.80289772404e-30
8.93367184302  1.62755469043e-29
9.28317766723  6.60455510324e-29
9.64635696448  1.31656492927e-28
10.0237446725  2.87456412673e-28
10.4158966572  8.55202831981e-28
10.8233905309  1.50899037424e-27
11.2468265038  4.27178809225e-27
11.6868282675  8.66049011321e-27
12.1440439138  1.93610613072e-26
12.6191468896  4.24572137044e-26
13.1128369884  8.69229877533e-26
13.6258413812  1.85737425205e-25
14.1589156877  3.72322420307e-25
14.7128450892  7.33857002652e-25
15.2884454851  1.46215671001e-24
15.8865646945  2.63813076724e-24
16.5080837054  4.89462076956e-24
17.1539179718  8.13821769238e-24
17.8250187627  1.29944557305e-23
18.5223745626  2.23522852021e-23
19.247012528  3.37242523978e-23
20  4.55411171494e-23

