3.84028387728 20 44
44
3.84028387728  0
3.99052462994  2.75867653328e-40
4.14664314697  2.65446950109e-39
4.30886938006  5.56032045979e-39
4.47744227714  8.5798550026e-39
4.65261013431  1.17175206932e-38
4.83463096161  1.49779390944e-38
5.02377286302  8.44934076281e-37
5.22031443137  4.77035573992e-36
5.42454515866  9.13747771216e-36
5.63676586253  1.36754515571e-35
5.85728912925  1.83909613936e-35
6.08643977422  3.92184524529e-34
6.32455532034  1.36145768863e-33
6.5719864952  2.37582028908e-33
6.82909774767  3.42986709139e-33
7.09626778467  2.83162133473e-32
7.37389012904  9.39093402764e-32
7.66237369911  1.6269015703e-31
7.96214341107  3.68068642816e-31
8.27364080478  1.93206392973e-30
8.59732469416  3.90829827207e-30
8.93367184302  7.35360854449e-30
9.28317766723  3.12574275419e-29
9.64635696448  6.28188108716e-29
10.0237446725  1.40621028926e-28
10.4158966572  4.29927796375e-28
10.8233905309  7.63669034898e-28
11.2468265038  2.2346926757e-27
11.6868282675  4.58228436653e-27
12.1440439138  1.04861925068e-26
12.6191468896  2.33788364211e-26
13.1128369884  4.88535339271e-26
13.6258413812  1.06392269557e-25
14.1589156877  2.18349229506e-25
14.7128450892  4.3909874563e-25
15.2884454851  9.04540962235e-25
15.8865646945  1.67506708191e-24
16.5080837054  3.25255067297e-24
17.1539179718  5.64612010787e-24
17.8250187627  9.47094185789e-24
18.5223745626  1.85706638754e-23
19.247012528  2.99571670862e-23
20  4.17891365352e-23

