2.93559853524 20 51
51
2.93559853524  0
3.05044591308  1.84082102195e-40
3.16978638492  6.07320163774e-40
3.29379573097  1.04788269324e-39
3.42265660832  1.50568104384e-39
3.55655882008  1.9813895206e-39
3.69569959484  2.47570880894e-39
3.84028387728  2.98936700666e-39
3.99052462994  2.55228010449e-37
4.14664314697  2.42604693244e-36
4.30886938006  5.07795583975e-36
4.47744227714  7.83361353306e-36
4.65261013431  1.06970789039e-35
4.83463096161  1.36725696371e-35
5.02377286302  2.59826244403e-34
5.22031443137  1.41631877347e-33
5.42454515866  2.70278349863e-33
5.63676586253  4.03957768764e-33
5.85728912925  5.42867034508e-33
6.08643977422  5.50200939692e-32
6.32455532034  1.82364961092e-31
6.5719864952  3.15627581579e-31
6.82909774767  4.54103742795e-31
7.09626778467  2.28955881808e-30
7.37389012904  7.02187761275e-30
7.66237369911  1.19835272413e-29
7.96214341107  2.30974342515e-29
8.27364080478  9.47399116024e-29
8.59732469416  1.84805167341e-28
8.93367184302  3.21100055501e-28
9.28317766723  1.08635876225e-27
9.64635696448  2.08783218221e-27
10.0237446725  4.14494788968e-27
10.4158966572  1.09906287173e-26
10.8233905309  1.88154572468e-26
11.2468265038  4.63523025189e-26
11.6868282675  8.91039864917e-26
12.1440439138  1.79780305645e-25
12.6191468896  3.64222882376e-25
13.1128369884  6.78392947458e-25
13.6258413812  1.31851487624e-24
14.1589156877  2.35344166021e-24
14.7128450892  4.15884241686e-24
15.2884454851  6.99128612965e-24
15.8865646945  1.09609086202e-23
16.5080837054  1.64614889555e-23
17.1539179718  2.29221605265e-23
17.8250187627  3.04024098064e-23
18.5223745626  4.00226642796e-23
19.247012528  5.07678655157e-23
20  6.19334437793e-23

