1.9247012528 20 62
62
1.9247012528  0
2  6.83267047407e-44
2.07824460767  5.40262508708e-43
2.15955032466  1.09615846406e-42
2.2440369086  1.67380234988e-42
2.33182880236  2.27404499532e-42
2.42305531726  2.8977705159e-42
2.51785082359  3.5458976158e-42
2.61635494852  4.21938094103e-42
2.71871278176  4.91921248554e-42
2.82507508925  5.64642305237e-42
2.93559853524  6.40208377195e-42
3.05044591308  3.46985798931e-38
3.16978638492  1.14461184605e-37
3.29379573097  1.97488722658e-37
3.42265660832  2.83764489282e-37
3.55655882008  3.73415562661e-37
3.69569959484  4.66573992572e-37
3.84028387728  5.63376994882e-37
3.99052462994  1.9156030703e-35
4.14664314697  1.7870388343e-34
4.30886938006  3.7359858472e-34
4.47744227714  5.76118015729e-34
4.65261013431  7.8656047345e-34
4.83463096161  1.00523592494e-33
5.02377286302  1.06243310944e-32
5.22031443137  5.54229766419e-32
5.42454515866  1.05248105934e-31
5.63676586253  1.57022509073e-31
5.85728912925  2.10822446142e-31
6.08643977422  1.43594759868e-30
6.32455532034  4.55004466602e-30
6.5719864952  7.80869552038e-30
6.82909774767  1.11948323036e-29
7.09626778467  4.36263725396e-29
7.37389012904  1.25613848122e-28
7.66237369911  2.11564205723e-28
7.96214341107  3.78045751487e-28
8.27364080478  1.32936184291e-27
8.59732469416  2.52020192659e-27
8.93367184302  4.19558866075e-27
9.28317766723  1.23319720717e-26
9.64635696448  2.29020663271e-26
10.0237446725  4.22951475987e-26
10.4158966572  1.0139816614e-25
10.8233905309  1.68502725864e-25
11.2468265038  3.66778469265e-25
11.6868282675  6.66459168987e-25
12.1440439138  1.21122692475e-24
12.6191468896  2.23250212762e-24
13.1128369884  3.71342765967e-24
13.6258413812  6.31686230347e-24
14.1589156877  9.73748431055e-24
14.7128450892  1.46547204457e-23
15.2884454851  2.05745003748e-23
15.8865646945  2.7512992451e-23
16.5080837054  3.50530259195e-23
17.1539179718  4.29111526085e-23
17.8250187627  5.08460081829e-23
18.5223745626  5.9263845607e-23
19.247012528  6.81539045797e-23
20  7.73917631407e-23

