0.964635696448 20 80
80
0.964635696448  0
1.00237446725  4.68276625762e-39
1.04158966572  3.12385345586e-38
1.08233905309  6.15635442105e-38
1.12468265038  9.30749381037e-38
1.16868282675  1.25819130323e-37
1.21440439138  1.59844350779e-37
1.26191468896  1.95200716248e-37
1.31128369884  2.3194030419e-37
1.36258413812  2.70117229453e-37
1.41589156877  3.09787723987e-37
1.47128450892  3.5101021966e-37
1.52884454851  3.93845434335e-37
1.58865646945  4.38356461292e-37
1.65080837054  4.8460886217e-37
1.71539179718  5.32670763529e-37
1.78250187627  5.82612957195e-37
1.85223745626  6.34509004536e-37
1.9247012528  6.88435344809e-37
2  5.56948919531e-34
2.07824460767  4.39873776242e-33
2.15955032466  8.92399532365e-33
2.2440369086  1.36262913861e-32
2.33182880236  1.85125521039e-32
2.42305531726  2.3589974598e-32
2.51785082359  2.88660375577e-32
2.61635494852  3.43485122555e-32
2.71871278176  4.00454739943e-32
2.82507508925  4.59653140011e-32
2.93559853524  5.21167517873e-32
3.05044591308  1.84978701043e-30
3.16978638492  5.97490179743e-30
3.29379573097  1.02688585069e-29
3.42265660832  1.47308046953e-29
3.55655882008  1.93673124983e-29
3.69569959484  2.41852111682e-29
3.84028387728  2.91915971338e-29
3.99052462994  7.00677044846e-29
4.14664314697  3.83062670616e-28
4.30886938006  7.64450407581e-28
4.47744227714  1.16075891147e-27
4.65261013431  1.57257191706e-27
4.83463096161  2.00049599618e-27
5.02377286302  4.1215752643e-27
5.22031443137  1.2537886375e-26
5.42454515866  2.18678346738e-26
5.63676586253  3.15627920447e-26
5.85728912925  4.16370384836e-26
6.08643977422  8.39955202209e-26
6.32455532034  1.78224991105e-25
6.5719864952  2.76760702115e-25
6.82909774767  3.79151357149e-25
7.09626778467  6.42224421553e-25
7.37389012904  1.17725331254e-24
7.66237369911  1.73730690482e-24
7.96214341107  2.40514499144e-24
8.27364080478  3.96523331848e-24
8.59732469416  5.81148413452e-24
8.93367184302  7.80941638535e-24
9.28317766723  1.10457381754e-23
9.64635696448  1.47924353692e-23
10.0237446725  1.88348206662e-23
10.4158966572  2.37260002042e-23
10.8233905309  2.88952016604e-23
11.2468265038  3.42223004779e-23
11.6868282675  3.97255097857e-23
12.1440439138  4.52510839713e-23
12.6191468896  5.06164977998e-23
13.1128369884  5.59811471667e-23
13.6258413812  6.10313699279e-23
14.1589156877  6.60164853043e-23
14.7128450892  7.07105876311e-23
15.2884454851  7.52486072116e-23
15.8865646945  7.96101092654e-23
16.5080837054  8.37043813821e-23
17.1539179718  8.76665636646e-23
17.8250187627  9.13876356578e-23
18.5223745626  9.53830775866e-23
19.247012528  9.96142837723e-23
20  1.04011024492e-22

