3.84028387728 20 44
44
3.84028387728  0
3.99052462994  4.10874158953e-42
4.14664314697  3.95353681582e-41
4.30886938006  8.28147832798e-41
4.47744227714  1.2778738883e-40
4.65261013431  1.74519426318e-40
4.83463096161  2.23079728776e-40
5.02377286302  2.5713583034e-38
5.22031443137  1.4647395033e-37
5.42454515866  2.80826743673e-37
5.63676586253  4.20435727819e-37
5.85728912925  5.6550653706e-37
6.08643977422  1.98554386574e-35
6.32455532034  7.00363979069e-35
6.5719864952  1.22552511101e-34
6.82909774767  1.77123175631e-34
7.09626778467  2.05209764043e-33
7.37389012904  7.03709453289e-33
7.66237369911  1.22646178094e-32
7.96214341107  3.14655699294e-32
8.27364080478  1.90290777857e-31
8.59732469416  3.91426377205e-31
8.93367184302  7.81014230275e-31
9.28317766723  3.82288088578e-30
9.64635696448  7.8559941369e-30
10.0237446725  1.90709049194e-29
10.4158966572  6.32586385908e-29
10.8233905309  1.1451643679e-28
11.2468265038  3.71519669269e-28
11.6868282675  7.87005721563e-28
12.1440439138  1.93164801696e-27
12.6191468896  4.51164868527e-27
13.1128369884  9.98159071744e-27
13.6258413812  2.28512746925e-26
14.1589156877  4.97688888347e-26
14.7128450892  1.04943855129e-25
15.2884454851  2.32990695398e-25
15.8865646945  4.55912601888e-25
16.5080837054  9.73506385343e-25
17.1539179718  1.86038209929e-24
17.8250187627  3.48403076937e-24
18.5223745626  1.16142612169e-23
19.247012528  2.24105626504e-23
20  3.36292402689e-23

