3.84028387728 20 44
44
3.84028387728  0
3.99052462994  2.0962083752e-42
4.14664314697  2.01702560367e-41
4.30886938006  4.22506596042e-41
4.47744227714  6.51948994289e-41
4.65261013431  8.90367707752e-41
4.83463096161  1.13811391056e-40
5.02377286302  1.49169349718e-38
5.22031443137  8.50594066145e-38
5.42454515866  1.63097177427e-37
5.63676586253  2.4418796562e-37
5.85728912925  3.28451212267e-37
6.08643977422  1.25600668207e-35
6.32455532034  4.4392113849e-35
6.5719864952  7.77055167223e-35
6.82909774767  1.12322216665e-34
7.09626778467  1.37979161422e-33
7.37389012904  4.75355811382e-33
7.66237369911  8.29148672054e-33
7.96214341107  2.17685739255e-32
8.27364080478  1.34623092135e-31
8.59732469416  2.77586513941e-31
8.93367184302  5.59806704683e-31
9.28317766723  2.80494313099e-30
9.64635696448  5.78352803253e-30
10.0237446725  1.42434084075e-29
10.4158966572  4.78829723371e-29
10.8233905309  8.69426498393e-29
11.2468265038  2.87144247547e-28
11.6868282675  6.11459670397e-28
12.1440439138  1.51859820137e-27
12.6191468896  3.57332506607e-27
13.1128369884  7.97702421743e-27
13.6258413812  1.83992098843e-26
14.1589156877  4.04169494689e-26
14.7128450892  8.57766629598e-26
15.2884454851  1.92334567278e-25
15.8865646945  3.78991807695e-25
16.5080837054  8.18857849536e-25
17.1539179718  1.58382851994e-24
17.8250187627  3.00609844139e-24
18.5223745626  1.09728225822e-23
19.247012528  2.16074893719e-23
20  3.2658208827e-23

