0.964635696448 20 80
80
0.964635696448  0
1.00237446725  1.44867916874e-26
1.04158966572  8.20528985173e-26
1.08233905309  1.57047824481e-25
1.12468265038  2.34976724724e-25
1.16868282675  3.1595438308e-25
1.21440439138  4.0010007399e-25
1.26191468896  4.87537738186e-25
1.31128369884  5.78396165247e-25
1.36258413812  6.72809183298e-25
1.41589156877  7.70915856127e-25
1.47128450892  8.72860688019e-25
1.52884454851  9.78793836599e-25
1.58865646945  1.088871334e-24
1.65080837054  1.20325531671e-24
1.71539179718  1.32211426434e-24
1.78250187627  1.44562324783e-24
1.85223745626  1.5739641873e-24
1.9247012528  1.70732611999e-24
2  1.97117705711e-24
2.07824460767  2.98043471795e-24
2.15955032466  4.14926028514e-24
2.2440369086  5.36381300131e-24
2.33182880236  6.62588181786e-24
2.42305531726  7.93732567411e-24
2.51785082359  9.30007623537e-24
2.61635494852  1.07161407381e-23
2.71871278176  1.21876049466e-23
2.82507508925  1.3716636225e-23
2.93559853524  1.53054867296e-23
3.05044591308  1.73237289298e-23
3.16978638492  1.98836635257e-23
3.29379573097  2.25452776201e-23
3.42265660832  2.53110201897e-23
3.55655882008  2.81849649804e-23
3.69569959484  3.11713451125e-23
3.84028387728  3.42745593154e-23
3.99052462994  3.74223500963e-23
4.14664314697  4.01106902616e-23
4.30886938006  4.27832831204e-23
4.47744227714  4.5560433969e-23
4.65261013431  4.84462333569e-23
4.83463096161  5.14449318652e-23
5.02377286302  5.43933383799e-23
5.22031443137  5.68359920621e-23
5.42454515866  5.93157824536e-23
5.63676586253  6.18925879581e-23
5.85728912925  6.45702040306e-23
6.08643977422  6.69811674128e-23
6.32455532034  6.89016393689e-23
6.5719864952  7.08900265245e-23
6.82909774767  7.29562039664e-23
7.09626778467  7.48076626776e-23
7.37389012904  7.6237956268e-23
7.66237369911  7.77164850072e-23
7.96214341107  7.92196749855e-23
8.27364080478  8.04469979575e-23
8.59732469416  8.16353456811e-23
8.93367184302  8.28583547417e-23
9.28317766723  8.39564650362e-23
9.64635696448  8.50403975639e-23
10.0237446725  8.61305389281e-23
10.4158966572  8.70956701281e-23
10.8233905309  8.80764744671e-23
11.2468265038  8.89353888602e-23
11.6868282675  8.97111528029e-23
12.1440439138  9.04506805601e-23
12.6191468896  9.10892587456e-23
13.1128369884  9.16783982e-23
13.6258413812  9.21051633165e-23
14.1589156877  9.24995293648e-23
14.7128450892  9.28279227973e-23
15.2884454851  9.31277939074e-23
15.8865646945  9.3398395466e-23
16.5080837054  9.36463903136e-23
17.1539179718  9.38821948866e-23
17.8250187627  9.40975105819e-23
18.5223745626  9.55125723196e-23
19.247012528  9.73987096888e-23
20  9.93586370974e-23

