0.964635696448 20 80
80
0.964635696448  0
1.00237446725  5.25440247119e-34
1.04158966572  3.50518954291e-33
1.08233905309  6.90787498326e-33
1.12468265038  1.04436813172e-32
1.16868282675  1.41178165409e-32
1.21440439138  1.79356923992e-32
1.26191468896  2.19029323568e-32
1.31128369884  2.60253798814e-32
1.36258413812  3.03091070505e-32
1.41589156877  3.47604234956e-32
1.47128450892  3.93858856951e-32
1.52884454851  4.41923066321e-32
1.58865646945  4.91867658294e-32
1.65080837054  5.43766197769e-32
1.71539179718  5.97695127673e-32
1.78250187627  6.5373388156e-32
1.85223745626  7.11965000602e-32
1.9247012528  7.72474255176e-32
2  2.48651631092e-30
2.07824460767  1.9090555783e-29
2.15955032466  3.86476446374e-29
2.2440369086  5.89698518641e-29
2.33182880236  8.00871106566e-29
2.42305531726  1.02030525264e-28
2.51785082359  1.24832416804e-28
2.61635494852  1.48526370873e-28
2.71871278176  1.73147287013e-28
2.82507508925  1.98731430115e-28
2.93559853524  2.25316483836e-28
3.05044591308  1.38094404441e-27
3.16978638492  4.00313163653e-27
3.29379573097  6.73260164981e-27
3.42265660832  9.56885481825e-27
3.55655882008  1.25160687449e-26
3.69569959484  1.55785844703e-26
3.84028387728  1.87609128663e-26
3.99052462994  2.77916573362e-26
4.14664314697  8.05809326597e-26
4.30886938006  1.4444441354e-25
4.47744227714  2.10806380922e-25
4.65261013431  2.79764581356e-25
4.83463096161  3.51420585459e-25
5.02377286302  5.13584897343e-25
5.22031443137  1.0070998195e-24
5.42454515866  1.55049476341e-24
5.63676586253  2.11514856942e-24
5.85728912925  2.70189293319e-24
6.08643977422  3.83089914603e-24
6.32455532034  5.82177011077e-24
6.5719864952  7.90062097212e-24
6.82909774767  1.00608012685e-23
7.09626778467  1.28427833298e-23
7.37389012904  1.66309254392e-23
7.66237369911  2.05813049764e-23
7.96214341107  2.4705085239e-23
8.27364080478  2.91803460954e-23
8.59732469416  3.38801141707e-23
8.93367184302  3.87344952091e-23
9.28317766723  4.33516158114e-23
9.64635696448  4.80080739203e-23
10.0237446725  5.2721282602e-23
10.4158966572  5.7037954411e-23
10.8233905309  6.14473999596e-23
11.2468265038  6.55425506958e-23
11.6868282675  6.94432689774e-23
12.1440439138  7.32593789545e-23
12.6191468896  7.67620782622e-23
13.1128369884  8.02392020809e-23
13.6258413812  8.34594029092e-23
14.1589156877  8.6613923974e-23
14.7128450892  8.95383508191e-23
15.2884454851  9.23206967676e-23
15.8865646945  9.49479659152e-23
16.5080837054  9.74004618422e-23
17.1539179718  9.97738880907e-23
17.8250187627  1.02014732814e-22
18.5223745626  1.07983054042e-22
19.247012528  1.15471234321e-22
20  1.23252369464e-22

