3.84028387728 20 44
44
3.84028387728  0
3.99052462994  8.54155302504e-42
4.14664314697  8.21890197105e-41
4.30886938006  1.7216143854e-40
4.47744227714  2.65653785675e-40
4.65261013431  3.62803768821e-40
4.83463096161  4.63754483125e-40
5.02377286302  4.72831340207e-38
5.22031443137  2.69043029429e-37
5.42454515866  5.15762621741e-37
5.63676586253  7.72134452904e-37
5.85728912925  1.03853614074e-36
6.08643977422  3.34420429881e-35
6.32455532034  1.17699586476e-34
6.5719864952  2.05877843023e-34
6.82909774767  2.97505836114e-34
7.09626778467  3.24824757308e-33
7.37389012904  1.10834140529e-32
7.66237369911  1.9299710281e-32
7.96214341107  4.83882441998e-32
8.27364080478  2.85889805265e-31
8.59732469416  5.86559232644e-31
8.93367184302  1.15796876386e-30
9.28317766723  5.5335464774e-30
9.64635696448  1.13312014328e-29
10.0237446725  2.7114247163e-29
10.4158966572  8.87148643444e-29
10.8233905309  1.60103039475e-28
11.2468265038  5.10278118067e-28
11.6868282675  1.07521936952e-27
12.1440439138  2.60838582585e-27
12.6191468896  6.04703060304e-27
13.1128369884  1.32573845616e-26
13.6258413812  3.0118673237e-26
14.1589156877  6.50041874219e-26
14.7128450892  1.36114698854e-25
15.2884454851  2.98841087771e-25
15.8865646945  5.80088916831e-25
16.5080837054  1.22151977991e-24
17.1539179718  2.30059893814e-24
17.8250187627  4.23773403763e-24
18.5223745626  1.27327474877e-23
19.247012528  2.39327744206e-23
20  3.55709722101e-23

