3.84028387728 20000 224
224
3.84028387728  0
3.99052462994  1.04013190422e-43
4.14664314697  1.00084166576e-42
4.30886938006  2.09646424224e-42
4.47744227714  3.23495009805e-42
4.65261013431  4.41797614342e-42
4.83463096161  5.64728489318e-42
5.02377286302  1.39115024286e-39
5.22031443137  7.96035191083e-39
5.42454515866  1.52690753209e-38
5.63676586253  2.28637328289e-38
5.85728912925  3.07555108355e-38
6.08643977422  1.6817021528e-36
6.32455532034  5.9838883817e-36
6.5719864952  1.04863118856e-35
6.82909774767  1.51648805697e-35
7.09626778467  2.38830527137e-34
7.37389012904  8.36668503508e-34
7.66237369911  1.46361147988e-33
7.96214341107  4.25719880019e-33
8.27364080478  2.87654348329e-32
8.59732469416  5.98482931817e-32
8.93367184302  1.26496852448e-31
9.28317766723  6.97356936814e-31
9.64635696448  1.45646386442e-30
10.0237446725  3.81378668384e-30
10.4158966572  1.35284496821e-29
10.8233905309  2.48540300862e-29
11.2468265038  8.83487401725e-29
11.6868282675  1.92010846272e-28
12.1440439138  5.00285517587e-28
12.6191468896  1.21182488519e-27
13.1128369884  2.8043723305e-27
13.6258413812  6.65970837961e-27
14.1589156877  1.51386826732e-26
14.7128450892  3.29517287136e-26
15.2884454851  7.68607611021e-26
15.8865646945  1.55607804075e-25
16.5080837054  3.51598221467e-25
17.1539179718  7.1132701644e-25
17.8250187627  1.4175358521e-24
18.5223745626  8.86682748715e-24
19.247012528  1.90043520028e-23
20  2.95384798327e-23
20.7824460767  4.04847270121e-23
21.5955032466  5.18592165996e-23
22.440369086  6.36787024247e-23
23.3182880236  7.59605937654e-23
24.2305531726  8.79896539621e-23
25.1785082359  9.76828598225e-23
26.1635494852  1.06893958656e-22
27.1871278176  1.15641423651e-22
28.2507508925  1.23943007624e-22
29.3559853524  1.31815770401e-22
30.5044591308  1.39276105298e-22
31.6978638492  1.46339764723e-22
32.9379573097  1.53021884922e-22
34.2265660832  1.59337009915e-22
35.5655882008  1.65299114642e-22
36.9569959484  1.70921627348e-22
38.4028387728  1.76217451249e-22
39.9052462994  1.81198985498e-22
41.4664314697  1.85878145477e-22
43.0886938006  1.90266382462e-22
44.7744227714  1.94374702677e-22
46.5261013431  1.98213685763e-22
48.3463096161  2.01793502702e-22
50.2377286302  2.05123933224e-22
52.2031443137  2.08214382716e-22
54.2454515866  2.11073898666e-22
56.3676586253  2.13711186682e-22
58.5728912925  2.1613462609e-22
60.8643977422  2.18352285165e-22
63.2455532034  2.20371936006e-22
65.719864952  2.22201069085e-22
68.2909774767  2.23846907502e-22
70.9626778467  2.2531642097e-22
73.7389012904  2.26616339552e-22
76.6237369911  2.27753167185e-22
79.6214341107  2.28733194995e-22
82.7364080478  2.29562514457e-22
85.9732469416  2.30247030389e-22
89.3367184302  2.30792473817e-22
92.8317766723  2.31204414727e-22
96.4635696448  2.31488274712e-22
100.237446725  2.31649339527e-22
104.158966572  2.31692771558e-22
108.233905309  2.31623622206e-22
112.468265038  2.31446844181e-22
116.868282675  2.31167303694e-22
121.440439138  2.30789792521e-22
126.191468896  2.30319039924e-22
131.128369884  2.2975972437e-22
136.258413812  2.29116485009e-22
141.589156877  2.28393932837e-22
147.128450892  2.27596661468e-22
152.884454851  2.26729257417e-22
158.865646945  2.25796309767e-22
165.080837054  2.24802419111e-22
171.539179718  2.23752205587e-22
178.250187627  2.22650315859e-22
185.223745626  2.21501428843e-22
192.47012528  2.20310259964e-22
200  2.19081563748e-22
207.824460767  2.17820134486e-22
215.955032466  2.1653080477e-22
224.40369086  2.15218441641e-22
233.182880236  2.13887940146e-22
242.305531726  2.125442141e-22
251.785082359  2.11192183891e-22
261.635494852  2.09836761214e-22
271.871278176  2.08482830672e-22
282.507508925  2.07135228285e-22
293.559853524  2.05798716995e-22
305.044591308  2.04578523274e-22
316.978638492  2.03275924507e-22
329.379573097  2.01998089996e-22
342.265660832  2.00749184076e-22
355.655882008  1.99533142243e-22
369.569959484  1.98353637361e-22
384.028387728  1.97214046738e-22
399.052462994  1.96117420976e-22
414.664314697  1.95066455516e-22
430.886938006  1.94063465798e-22
447.744227714  1.93110366876e-22
465.261013431  1.92208658283e-22
483.463096161  1.91359414773e-22
502.377286302  1.90563283465e-22
522.031443137  1.89820487727e-22
542.454515866  1.89130837991e-22
563.676586253  1.88493749548e-22
585.728912925  1.87908267269e-22
608.643977422  1.87373097147e-22
632.455532034  1.86886644656e-22
657.19864952  1.86447060179e-22
682.909774767  1.86052292462e-22
709.626778467  1.85700152769e-22
737.389012904  1.8538839754e-22
766.237369911  1.85118611946e-22
796.214341107  1.84911564397e-22
827.364080478  1.84770068388e-22
859.732469416  1.84693043302e-22
893.367184302  1.83960052892e-22
928.317766723  1.84069506899e-22
964.635696448  1.84233006742e-22
1002.37446725  1.844515526e-22
1041.58966572  1.84725953443e-22
1082.33905309  1.85056822196e-22
1124.68265038  1.8544457275e-22
1168.68282675  1.85889418902e-22
1214.40439138  1.86391375241e-22
1261.91468896  1.86950259979e-22
1311.28369884  1.87565699666e-22
1362.58413812  1.88237135689e-22
1415.89156877  1.90708007306e-22
1471.28450892  1.92304719315e-22
1528.84454851  1.93778990773e-22
1588.65646945  1.95144210553e-22
1650.80837054  1.96412271333e-22
1715.39179718  1.97593808983e-22
1782.50187627  1.98698393139e-22
1852.23745626  1.99734680249e-22
1924.7012528  2.00710537419e-22
2000  2.01633143339e-22
2078.24460767  2.0250907105e-22
2159.55032466  2.03344356213e-22
2244.0369086  2.03910541346e-22
2331.82880236  2.04573764389e-22
2423.05531726  2.05174812149e-22
2517.85082359  2.05718225758e-22
2616.35494852  2.06208157548e-22
2718.71278176  2.06648417123e-22
2825.07508925  2.07042510697e-22
2935.59853524  2.07393674838e-22
3050.44591308  2.07704905504e-22
3169.78638492  2.07978983109e-22
3293.79573097  2.08218494222e-22
3422.65660832  2.08425850398e-22
3556.55882008  2.08603304543e-22
3695.69959484  2.08752965187e-22
3840.28387728  2.08876808924e-22
3990.52462994  2.08976691306e-22
4146.64314697  2.0905435637e-22
4308.86938006  2.09111445013e-22
4477.44227714  2.09149502352e-22
4652.61013431  2.09169984216e-22
4834.63096161  2.09174262893e-22
5023.77286302  2.09163632228e-22
5220.31443137  2.09139312173e-22
5424.54515866  2.09102452862e-22
5636.76586253  2.09054138279e-22
5857.28912925  2.0899538959e-22
6086.43977422  2.08927168183e-22
6324.55532034  2.08850378456e-22
6571.9864952  2.08765870413e-22
6829.09774767  2.08674442075e-22
7096.26778467  2.08576841758e-22
7373.89012904  2.08473770224e-22
7662.37369911  2.08365882738e-22
7962.14341107  2.08253791041e-22
8273.64080478  2.08138065254e-22
8597.32469416  2.08019235723e-22
8933.67184302  2.07897794812e-22
9283.17766723  2.07774198659e-22
9646.35696448  2.07648868885e-22
10023.7446725  2.07522194267e-22
10415.8966572  2.07394532385e-22
10823.3905309  2.07266211223e-22
11246.8265038  2.07137530746e-22
11686.8282675  2.07008764433e-22
12144.0439138  2.06880160782e-22
12619.1468896  2.06751944774e-22
13112.8369884  2.06624319295e-22
13625.8413812  2.06497466522e-22
14158.9156877  2.06371549262e-22
14712.8450892  2.06246712249e-22
15288.4454851  2.06123083391e-22
15886.5646945  2.06000774973e-22
16508.0837054  2.05879884811e-22
17153.9179718  2.05760497352e-22
17825.0187627  2.05642684725e-22
18522.3745626  2.05526507747e-22
19247.012528  2.05412016869e-22
20000  2.05299253074e-22

