3.84028387728 20000 224
224
3.84028387728  0
3.99052462994  4.33168457266e-42
4.14664314697  4.16805828727e-41
4.30886938006  8.73083671251e-41
4.47744227714  1.34721215416e-40
4.65261013431  1.83988963564e-40
4.83463096161  2.35184179524e-40
5.02377286302  2.70888506589e-38
5.22031443137  1.54307009306e-37
5.42454515866  2.95844460674e-37
5.63676586253  4.42919183218e-37
5.85728912925  5.95747807744e-37
6.08643977422  2.08810956446e-35
6.32455532034  7.36510914099e-35
6.5719864952  1.28876718865e-34
6.82909774767  1.86262900097e-34
7.09626778467  2.15503808433e-33
7.37389012904  7.38927473665e-33
7.66237369911  1.28781626947e-32
7.96214341107  3.30209530272e-32
8.27364080478  1.99584960247e-31
8.59732469416  4.10519250993e-31
8.93367184302  8.18915660982e-31
9.28317766723  4.00629871713e-30
9.64635696448  8.23228853998e-30
10.0237446725  1.9980025691e-29
10.4158966572  6.62610717602e-29
10.8233905309  1.19946900127e-28
11.2468265038  3.89123006817e-28
11.6868282675  8.2428825283e-28
12.1440439138  2.02327173962e-27
12.6191468896  4.72584909296e-27
13.1128369884  1.04551626371e-26
13.6258413812  2.39344354363e-26
14.1589156877  5.21133229886e-26
14.7128450892  1.09859173289e-25
15.2884454851  2.43729029165e-25
15.8865646945  4.766515186e-25
16.5080837054  1.01662686973e-24
17.1539179718  1.94010866746e-24
17.8250187627  3.62714491703e-24
18.5223745626  1.17580665755e-23
19.247012528  2.25353439221e-23
20  3.37342531876e-23
20.7824460767  4.5371289584e-23
21.5955032466  5.7463593654e-23
22.440369086  7.00289765179e-23
23.3182880236  8.30859461081e-23
24.2305531726  9.5518245443e-23
25.1785082359  1.04436021156e-22
26.1635494852  1.12905607069e-22
27.1871278176  1.20944151664e-22
28.2507508925  1.28568134549e-22
29.3559853524  1.35793391903e-22
30.5044591308  1.42635141079e-22
31.6978638492  1.49108004394e-22
32.9379573097  1.5522603213e-22
34.2265660832  1.61002724785e-22
35.5655882008  1.66451054588e-22
36.9569959484  1.71583486323e-22
38.4028387728  1.76411997472e-22
39.9052462994  1.8094809772e-22
41.4664314697  1.85202847842e-22
43.0886938006  1.89186878006e-22
44.7744227714  1.92910405503e-22
46.5261013431  1.9638325196e-22
48.3463096161  1.99614860033e-22
50.2377286302  2.02614309633e-22
52.2031443137  2.05390333685e-22
54.2454515866  2.0795133348e-22
56.3676586253  2.10305393612e-22
58.5728912925  2.12460296554e-22
60.8643977422  2.14423536885e-22
63.2455532034  2.16202335195e-22
65.719864952  2.17803651702e-22
68.2909774767  2.19234199593e-22
70.9626778467  2.2050045813e-22
73.7389012904  2.21608685531e-22
76.6237369911  2.22564931658e-22
79.6214341107  2.23375050535e-22
82.7364080478  2.24044712704e-22
85.9732469416  2.24579417464e-22
89.3367184302  2.24984504984e-22
92.8317766723  2.25265168325e-22
96.4635696448  2.2542646537e-22
100.237446725  2.25473330687e-22
104.158966572  2.25410587307e-22
108.233905309  2.25242958443e-22
112.468265038  2.24975079128e-22
116.868282675  2.24611507757e-22
121.440439138  2.24156737531e-22
126.191468896  2.23615207747e-22
131.128369884  2.22991314919e-22
136.258413812  2.22289423661e-22
141.589156877  2.21513877269e-22
147.128450892  2.20669007938e-22
152.884454851  2.19759146489e-22
158.865646945  2.18788631518e-22
165.080837054  2.1776181783e-22
171.539179718  2.16683084003e-22
178.250187627  2.15556838915e-22
185.223745626  2.14387527057e-22
192.47012528  2.13179632426e-22
200  2.11937680776e-22
207.824460767  2.10666240024e-22
215.955032466  2.09369918555e-22
224.40369086  2.08053361231e-22
233.182880236  2.0672124287e-22
242.305531726  2.05378259011e-22
251.785082359  2.04029113818e-22
261.635494852  2.02678504993e-22
271.871278176  2.01331105673e-22
282.507508925  1.99991543312e-22
293.559853524  1.98664375687e-22
305.044591308  1.97452412248e-22
316.978638492  1.96161198005e-22
329.379573097  1.94895461379e-22
342.265660832  1.93659182106e-22
355.655882008  1.92456118289e-22
369.569959484  1.91289773543e-22
384.028387728  1.90163365029e-22
399.052462994  1.89079793254e-22
414.664314697  1.88041614526e-22
430.886938006  1.87051016955e-22
447.744227714  1.86109800822e-22
465.261013431  1.85219364065e-22
483.463096161  1.84380693497e-22
502.377286302  1.83594362253e-22
522.031443137  1.82860533784e-22
542.454515866  1.82178972586e-22
563.676586253  1.8154906169e-22
585.728912925  1.80969826863e-22
608.643977422  1.80439967413e-22
632.455532034  1.79957893591e-22
657.19864952  1.79521770834e-22
682.909774767  1.79129571789e-22
709.626778467  1.78779138719e-22
737.389012904  1.78468263918e-22
766.237369911  1.78198477205e-22
796.214341107  1.77990019192e-22
827.364080478  1.77845618035e-22
859.732469416  1.77764206331e-22
893.367184302  1.77047506221e-22
928.317766723  1.77147817571e-22
964.635696448  1.77300952658e-22
1002.37446725  1.77507865035e-22
1041.58966572  1.77769323061e-22
1082.33905309  1.78085905224e-22
1124.68265038  1.78457997262e-22
1168.68282675  1.78885791162e-22
1214.40439138  1.79369286044e-22
1261.91468896  1.79908290931e-22
1311.28369884  1.80502429347e-22
1362.58413812  1.81151145648e-22
1415.89156877  1.8355339974e-22
1471.28450892  1.85103656e-22
1528.84454851  1.86534532415e-22
1588.65646945  1.87859099789e-22
1650.80837054  1.89088964246e-22
1715.39179718  1.90234502024e-22
1782.50187627  1.91305046357e-22
1852.23745626  1.92309037511e-22
1924.7012528  1.9325414418e-22
2000  1.94147362394e-22
2078.24460767  1.94995096619e-22
2159.55032466  1.95803226649e-22
2244.0369086  1.96350574005e-22
2331.82880236  1.96991690263e-22
2423.05531726  1.97572437761e-22
2517.85082359  1.98097235951e-22
2616.35494852  1.98570125406e-22
2718.71278176  1.98994812733e-22
2825.07508925  1.99374708925e-22
2935.59853524  1.99712962253e-22
3050.44591308  2.00012486565e-22
3169.78638492  2.0027598572e-22
3293.79573097  2.00505974738e-22
3422.65660832  2.00704798151e-22
3556.55882008  2.00874645956e-22
3695.69959484  2.01017567521e-22
3840.28387728  2.0113548372e-22
3990.52462994  2.01230197538e-22
4146.64314697  2.01303403369e-22
4308.86938006  2.01356695175e-22
4477.44227714  2.01391573659e-22
4652.61013431  2.01409452599e-22
4834.63096161  2.01411664448e-22
5023.77286302  2.01399465307e-22
5220.31443137  2.01374039358e-22
5424.54515866  2.0133650284e-22
5636.76586253  2.0128790763e-22
5857.28912925  2.01229244487e-22
6086.43977422  2.01161446017e-22
6324.55532034  2.01085389397e-22
6571.9864952  2.01001898903e-22
6829.09774767  2.0091174826e-22
7096.26778467  2.00815662867e-22
7373.89012904  2.00714321891e-22
7662.37369911  2.00608360276e-22
7962.14341107  2.00498370662e-22
8273.64080478  2.00384905244e-22
8597.32469416  2.00268477567e-22
8933.67184302  2.00149564277e-22
9283.17766723  2.00028606829e-22
9646.35696448  1.99906013149e-22
10023.7446725  1.99782159272e-22
10415.8966572  1.99657390934e-22
10823.3905309  1.99532025141e-22
11246.8265038  1.99406351696e-22
11686.8282675  1.99280634698e-22
12144.0439138  1.99155114002e-22
12619.1468896  1.99030006644e-22
13112.8369884  1.98905508226e-22
13625.8413812  1.98781794264e-22
14158.9156877  1.98659021488e-22
14712.8450892  1.98537329106e-22
15288.4454851  1.98416840016e-22
15886.5646945  1.98297661975e-22
16508.0837054  1.9817988872e-22
17153.9179718  1.98063601037e-22
17825.0187627  1.97948867789e-22
18522.3745626  1.97835746881e-22
19247.012528  1.9772428619e-22
20000  1.97614524434e-22

