4.83463096161 20000 218
218
4.83463096161  0
5.02377286302  5.69689251931e-41
5.22031443137  3.27275117405e-40
5.42454515866  6.28014789355e-40
5.63676586253  9.40520090126e-40
5.85728912925  1.26525131822e-39
6.08643977422  1.11150167962e-37
6.32455532034  3.97826346654e-37
6.5719864952  6.97846951012e-37
6.82909774767  1.00960505261e-36
7.09626778467  2.23207300262e-35
7.37389012904  7.95160173665e-35
7.66237369911  1.39497200705e-34
7.96214341107  4.73296255479e-34
8.27364080478  3.55820923558e-33
8.59732469416  7.47550400277e-33
8.93367184302  1.6964652596e-32
9.28317766723  1.05952207737e-31
9.64635696448  2.24593723539e-31
10.0237446725  6.43225428656e-31
10.4158966572  2.44624128044e-30
10.8233905309  4.56093361382e-30
11.2468265038  1.80305509263e-29
11.6868282675  4.02391221892e-29
12.1440439138  1.12713098333e-28
12.6191468896  2.84374768627e-28
13.1128369884  6.95965872578e-28
13.6258413812  1.72588106815e-27
14.1589156877  4.13977462989e-27
14.7128450892  9.35887599226e-27
15.2884454851  2.31620731859e-26
15.8865646945  4.87141321374e-26
16.5080837054  1.16760501692e-25
17.1539179718  2.49367622998e-25
17.8250187627  5.24555245259e-25
18.5223745626  6.80472771349e-24
19.247012528  1.54447410687e-23
20  2.44227716515e-23
20.7824460767  3.37520434746e-23
21.5955032466  4.34462979046e-23
22.440369086  5.35198139018e-23
23.3182880236  6.39874290525e-23
24.2305531726  7.49094494005e-23
25.1785082359  8.57810136395e-23
26.1635494852  9.6119298155e-23
27.1871278176  1.0594477685e-22
28.2507508925  1.15277125532e-22
29.3559853524  1.24135252227e-22
30.5044591308  1.32537326483e-22
31.6978638492  1.40500807699e-22
32.9379573097  1.48042472505e-22
34.2265660832  1.55178441241e-22
35.5655882008  1.61924203548e-22
36.9569959484  1.68294643128e-22
38.4028387728  1.74304061682e-22
39.9052462994  1.79966202087e-22
41.4664314697  1.8529427081e-22
43.0886938006  1.90300959627e-22
44.7744227714  1.94998466651e-22
46.5261013431  1.99398516719e-22
48.3463096161  2.03512381158e-22
50.2377286302  2.07350896975e-22
52.2031443137  2.10924485484e-22
54.2454515866  2.14243170421e-22
56.3676586253  2.17316595558e-22
58.5728912925  2.20154041867e-22
60.8643977422  2.2276444425e-22
63.2455532034  2.25156407866e-22
65.719864952  2.27338224093e-22
68.2909774767  2.29317886148e-22
70.9626778467  2.31103104395e-22
73.7389012904  2.32701321363e-22
76.6237369911  2.34119726523e-22
79.6214341107  2.35365270812e-22
82.7364080478  2.36444680971e-22
85.9732469416  2.37364473687e-22
89.3367184302  2.3813096958e-22
92.8317766723  2.38750307039e-22
96.4635696448  2.3922845594e-22
100.237446725  2.39571231237e-22
104.158966572  2.39784306448e-22
108.233905309  2.39873227038e-22
112.468265038  2.39843423683e-22
116.868282675  2.39700225415e-22
121.440439138  2.39448872626e-22
126.191468896  2.39094529894e-22
131.128369884  2.38642298601e-22
136.258413812  2.38097229279e-22
141.589156877  2.37464333628e-22
147.128450892  2.36748596108e-22
152.884454851  2.35954985023e-22
158.865646945  2.35088462958e-22
165.080837054  2.34153996448e-22
171.539179718  2.33156564718e-22
178.250187627  2.32101167308e-22
185.223745626  2.30992830396e-22
192.47012528  2.29836611604e-22
200  2.28637603053e-22
207.824460767  2.27400932437e-22
215.955032466  2.26131761861e-22
224.40369086  2.24835284212e-22
233.182880236  2.23516716827e-22
242.305531726  2.22181292257e-22
251.785082359  2.20834245943e-22
261.635494852  2.19480800694e-22
271.871278176  2.18126147902e-22
282.507508925  2.1677542551e-22
293.559853524  2.15433692854e-22
305.044591308  2.14209635204e-22
316.978638492  2.12898429054e-22
329.379573097  2.11610735059e-22
342.265660832  2.10350982246e-22
355.655882008  2.09123360074e-22
369.569959484  2.0793178337e-22
384.028387728  2.06779858122e-22
399.052462994  2.05670849065e-22
414.664314697  2.04607650022e-22
430.886938006  2.03592757955e-22
447.744227714  2.0262825162e-22
465.261013431  2.01715775635e-22
483.463096161  2.00856530644e-22
502.377286302  2.0005127012e-22
522.031443137  1.99300304164e-22
542.454515866  1.98603510525e-22
563.676586253  1.97960352881e-22
585.728912925  1.97369906338e-22
608.643977422  1.96830890056e-22
632.455532034  1.96341706977e-22
657.19864952  1.95900490939e-22
682.909774767  1.95505162151e-22
709.626778467  1.95153493798e-22
737.389012904  1.94843197858e-22
766.237369911  1.94575945523e-22
796.214341107  1.94373264957e-22
827.364080478  1.94238098925e-22
859.732469416  1.94169355903e-22
893.367184302  1.93417173405e-22
928.317766723  1.93541211884e-22
964.635696448  1.93720920488e-22
1002.37446725  1.93957365353e-22
1041.58966572  1.94251412881e-22
1082.33905309  1.9460372469e-22
1124.68265038  1.95014754499e-22
1168.68282675  1.95484747005e-22
1214.40439138  1.96013738799e-22
1261.91468896  1.96601561301e-22
1311.28369884  1.97247845655e-22
1362.58413812  1.97952029493e-22
1415.89156877  2.00520705797e-22
1471.28450892  2.02183595236e-22
1528.84454851  2.03719572569e-22
1588.65646945  2.0514249204e-22
1650.80837054  2.06464663541e-22
1715.39179718  2.07697099333e-22
1782.50187627  2.08849710503e-22
1852.23745626  2.09931464738e-22
1924.7012528  2.10950514021e-22
2000  2.119142987e-22
2078.24460767  2.12829632835e-22
2159.55032466  2.13702774603e-22
2244.0369086  2.14295650984e-22
2331.82880236  2.14989741079e-22
2423.05531726  2.15619128942e-22
2517.85082359  2.16188527339e-22
2616.35494852  2.1670224617e-22
2718.71278176  2.17164240178e-22
2825.07508925  2.17578149699e-22
2935.59853524  2.17947335615e-22
3050.44591308  2.18274909429e-22
3169.78638492  2.18563759232e-22
3293.79573097  2.1881657218e-22
3422.65660832  2.19035853999e-22
3556.55882008  2.19223945944e-22
3695.69959484  2.19383039571e-22
3840.28387728  2.1951518964e-22
3990.52462994  2.19622325381e-22
4146.64314697  2.1970626038e-22
4308.86938006  2.19768701239e-22
4477.44227714  2.19811255206e-22
4652.61013431  2.19835436897e-22
4834.63096161  2.19842674248e-22
5023.77286302  2.19834313794e-22
5220.31443137  2.1981162538e-22
5424.54515866  2.19775806378e-22
5636.76586253  2.19727985492e-22
5857.28912925  2.19669226205e-22
6086.43977422  2.1960052992e-22
6324.55532034  2.1952283886e-22
6571.9864952  2.19437038746e-22
6829.09774767  2.19343961296e-22
7096.26778467  2.19244386589e-22
7373.89012904  2.19139045287e-22
7662.37369911  2.19028620772e-22
7962.14341107  2.18913751185e-22
8273.64080478  2.18795031404e-22
8597.32469416  2.18673014951e-22
8933.67184302  2.18548215857e-22
9283.17766723  2.18421110478e-22
9646.35696448  2.18292139269e-22
10023.7446725  2.18161708521e-22
10415.8966572  2.18030192065e-22
10823.3905309  2.17897932938e-22
11246.8265038  2.17765245016e-22
11686.8282675  2.17632414607e-22
12144.0439138  2.17499702014e-22
12619.1468896  2.1736734305e-22
13112.8369884  2.17235550522e-22
13625.8413812  2.17104515664e-22
14158.9156877  2.16974409528e-22
14712.8450892  2.16845384337e-22
15288.4454851  2.16717574773e-22
15886.5646945  2.16591099233e-22
16508.0837054  2.16466061023e-22
17153.9179718  2.16342549505e-22
17825.0187627  2.16220641188e-22
18522.3745626  2.16100400773e-22
19247.012528  2.15981882137e-22
20000  2.1586512927e-22

