0.964635696448 20000 260
260
0.964635696448  0
1.00237446725  3.69263467571e-27
1.04158966572  2.31927201188e-26
1.08233905309  4.52239057892e-26
1.12468265038  6.81170021992e-26
1.16868282675  9.19057292827e-26
1.21440439138  1.16625126175e-25
1.26191468896  1.42311602823e-25
1.31128369884  1.69002993615e-25
1.36258413812  1.96738613108e-25
1.41589156877  2.25559313933e-25
1.47128450892  2.55507546972e-25
1.52884454851  2.86627423884e-25
1.58865646945  3.18964782076e-25
1.65080837054  3.5256725222e-25
1.71539179718  3.87484328411e-25
1.78250187627  4.23767441066e-25
1.85223745626  4.61470032678e-25
1.9247012528  5.00647636534e-25
2  6.08899606212e-25
2.07824460767  1.11771598738e-24
2.15955032466  1.71118282939e-24
2.2440369086  2.3278674615e-24
2.33182880236  2.96867821717e-24
2.42305531726  3.63455896592e-24
2.51785082359  4.32649050365e-24
2.61635494852  5.04549199722e-24
2.71871278176  5.79262248569e-24
2.82507508925  6.56898244012e-24
2.93559853524  7.37571538458e-24
3.05044591308  8.69973471772e-24
3.16978638492  1.06875948937e-23
3.29379573097  1.27552470403e-23
3.42265660832  1.49037905024e-23
3.55655882008  1.71363899347e-23
3.69569959484  1.94563338002e-23
3.84028387728  2.18670392146e-23
3.99052462994  2.43710960681e-23
4.14664314697  2.69658306803e-23
4.30886938006  2.96605648951e-23
4.47744227714  3.24607233207e-23
4.65261013431  3.5370430395e-23
4.83463096161  3.83939719135e-23
5.02377286302  4.14188424373e-23
5.22031443137  4.41286407866e-23
5.42454515866  4.69036826403e-23
5.63676586253  4.97872905246e-23
5.85728912925  5.27837117927e-23
6.08643977422  5.55493052252e-23
6.32455532034  5.78750517156e-23
6.5719864952  6.02850225206e-23
6.82909774767  6.27892769357e-23
7.09626778467  6.50809977108e-23
7.37389012904  6.6943803787e-23
7.66237369911  6.88713752409e-23
7.96214341107  7.08375670048e-23
8.27364080478  7.2509610039e-23
8.59732469416  7.41506161659e-23
8.93367184302  7.58390286521e-23
9.28317766723  7.73482610755e-23
9.64635696448  7.88354229099e-23
10.0237446725  8.03274262724e-23
10.4158966572  8.16307396879e-23
10.8233905309  8.29526623427e-23
11.2468265038  8.4117101647e-23
11.6868282675  8.51746906055e-23
12.1440439138  8.61700158501e-23
12.6191468896  8.70021234226e-23
13.1128369884  8.78046678605e-23
13.6258413812  8.84902300507e-23
14.1589156877  8.91998540449e-23
14.7128450892  8.99475593544e-23
15.2884454851  9.05849796949e-23
15.8865646945  9.1104401975e-23
16.5080837054  9.15883844049e-23
17.1539179718  9.2051080813e-23
17.8250187627  9.24729870802e-23
18.5223745626  9.42514394145e-23
19.247012528  9.65681889298e-23
20  9.89755750236e-23
20.7824460767  1.01477143608e-22
21.5955032466  1.04076579318e-22
22.440369086  1.06777710942e-22
23.3182880236  1.09584517058e-22
24.2305531726  1.11736686722e-22
25.1785082359  1.1160302281e-22
26.1635494852  1.11431984834e-22
27.1871278176  1.11224761177e-22
28.2507508925  1.10982493161e-22
29.3559853524  1.10706277096e-22
30.5044591308  1.10397166282e-22
31.6978638492  1.10056172983e-22
32.9379573097  1.09684270352e-22
34.2265660832  1.09282394332e-22
35.5655882008  1.08851445525e-22
36.9569959484  1.08392291038e-22
38.4028387728  1.0790576631e-22
39.9052462994  1.07392676919e-22
41.4664314697  1.06853800376e-22
43.0886938006  1.06289887914e-22
44.7744227714  1.05701666272e-22
46.5261013431  1.05089839478e-22
48.3463096161  1.04455090641e-22
50.2377286302  1.03798083747e-22
52.2031443137  1.03119465473e-22
54.2454515866  1.02419867024e-22
56.3676586253  1.01699905989e-22
58.5728912925  1.00960188226e-22
60.8643977422  1.00201309789e-22
63.2455532034  9.9423858883e-23
65.719864952  9.86284178719e-23
68.2909774767  9.7815565329e-23
70.9626778467  9.69858781422e-23
73.7389012904  9.61399336743e-23
76.6237369911  9.52783119824e-23
79.6214341107  9.44015980995e-23
82.7364080478  9.35103843785e-23
85.9732469416  9.26052729006e-23
89.3367184302  9.16868779463e-23
92.8317766723  9.07558285268e-23
96.4635696448  8.98127709727e-23
100.237446725  8.8858371571e-23
104.158966572  8.78933192442e-23
108.233905309  8.6918328257e-23
112.468265038  8.59341409366e-23
116.868282675  8.49415303855e-23
121.440439138  8.39413031639e-23
126.191468896  8.29343019127e-23
131.128369884  8.19214078811e-23
136.258413812  8.09035433204e-23
141.589156877  7.98816736955e-23
147.128450892  7.88568096621e-23
152.884454851  7.78300087478e-23
158.865646945  7.68023766724e-23
165.080837054  7.57750682309e-23
171.539179718  7.47492876623e-23
178.250187627  7.37262884178e-23
185.223745626  7.27073722415e-23
192.47012528  7.16938874717e-23
200  7.06872264753e-23
207.824460767  6.96888221266e-23
215.955032466  6.87001432542e-23
224.40369086  6.77226889856e-23
233.182880236  6.67579819389e-23
242.305531726  6.5807560229e-23
251.785082359  6.48729682839e-23
261.635494852  6.39557464946e-23
271.871278176  6.30574197606e-23
282.507508925  6.21794850292e-23
293.559853524  6.1323397973e-23
305.044591308  6.05430226327e-23
316.978638492  5.97333717052e-23
329.379573097  5.89496171818e-23
342.265660832  5.81928997823e-23
355.655882008  5.74642474316e-23
369.569959484  5.67645620309e-23
384.028387728  5.60946073739e-23
399.052462994  5.54549985509e-23
414.664314697  5.48461931586e-23
430.886938006  5.42684846016e-23
447.744227714  5.37219977244e-23
465.261013431  5.32066869559e-23
483.463096161  5.27223370886e-23
502.377286302  5.22685667494e-23
522.031443137  5.18448345581e-23
542.454515866  5.14504479198e-23
563.676586253  5.10845743553e-23
585.728912925  5.07462552647e-23
608.643977422  5.04344220313e-23
632.455532034  5.01479144523e-23
657.19864952  4.98855016427e-23
682.909774767  4.96459059146e-23
709.626778467  4.94278309601e-23
737.389012904  4.92299980966e-23
766.237369911  4.90529771275e-23
796.214341107  4.89064010084e-23
827.364080478  4.87914077506e-23
859.732469416  4.87073324521e-23
893.367184302  4.83586995423e-23
928.317766723  4.83597920464e-23
964.635696448  4.83868941943e-23
1002.37446725  4.84402901155e-23
1041.58966572  4.85201960012e-23
1082.33905309  4.86267583436e-23
1124.68265038  4.8760052784e-23
1168.68282675  4.89200835903e-23
1214.40439138  4.91067837747e-23
1261.91468896  4.93200158459e-23
1311.28369884  4.95595731836e-23
1362.58413812  4.98251820057e-23
1415.89156877  5.0930541668e-23
1471.28450892  5.16291380144e-23
1528.84454851  5.22712254082e-23
1588.65646945  5.28628797392e-23
1650.80837054  5.3409513139e-23
1715.39179718  5.39159772344e-23
1782.50187627  5.43866459905e-23
1852.23745626  5.48254827268e-23
1924.7012528  5.52360947312e-23
2000  5.56217780678e-23
2078.24460767  5.59855545621e-23
2159.55032466  5.63302024996e-23
2244.0369086  5.65612664821e-23
2331.82880236  5.68306354868e-23
2423.05531726  5.70725566008e-23
2517.85082359  5.72890823069e-23
2616.35494852  5.74820925284e-23
2718.71278176  5.76533143397e-23
2825.07508925  5.78043388901e-23
2935.59853524  5.79366359913e-23
3050.44591308  5.8051566731e-23
3169.78638492  5.81503944136e-23
3293.79573097  5.82342940723e-23
3422.65660832  5.83043607599e-23
3556.55882008  5.83616167893e-23
3695.69959484  5.84070180686e-23
3840.28387728  5.84414596552e-23
3990.52462994  5.84657806334e-23
4146.64314697  5.84807684069e-23
4308.86938006  5.84871624838e-23
4477.44227714  5.84856578229e-23
4652.61013431  5.84769078001e-23
4834.63096161  5.8461526847e-23
5023.77286302  5.84400928054e-23
5220.31443137  5.841314904e-23
5424.54515866  5.8381206341e-23
5636.76586253  5.8344744649e-23
5857.28912925  5.83042146266e-23
6086.43977422  5.82600391021e-23
6324.55532034  5.8212614402e-23
6571.9864952  5.81623115929e-23
6829.09774767  5.81094776438e-23
7096.26778467  5.80544365242e-23
7373.89012904  5.79974902469e-23
7662.37369911  5.79389198645e-23
7962.14341107  5.78789864264e-23
8273.64080478  5.78179319037e-23
8597.32469416  5.77559800838e-23
8933.67184302  5.76933374407e-23
9283.17766723  5.76301939827e-23
9646.35696448  5.75667240793e-23
10023.7446725  5.75030872681e-23
10415.8966572  5.74394290439e-23
10823.3905309  5.7375881628e-23
11246.8265038  5.73125647202e-23
11686.8282675  5.7249586231e-23
12144.0439138  5.7187042994e-23
12619.1468896  5.7125021459e-23
13112.8369884  5.70635983636e-23
13625.8413812  5.70028413831e-23
14158.9156877  5.69428097583e-23
14712.8450892  5.68835548999e-23
15288.4454851  5.68251209695e-23
15886.5646945  5.67675454359e-23
16508.0837054  5.67108596073e-23
17153.9179718  5.66550891381e-23
17825.0187627  5.66002545112e-23
18522.3745626  5.65463714944e-23
19247.012528  5.64934515723e-23
20000  5.64415023534e-23

