2.93559853524 20 51
51
2.93559853524  0
3.05044591308  4.70008370748e-43
3.16978638492  1.5506426605e-42
3.29379573097  2.67551071784e-42
3.42265660832  3.84438620509e-42
3.55655882008  5.05899079429e-42
3.69569959484  6.32111351328e-42
3.84028387728  7.63261338076e-42
3.99052462994  2.0332512532e-39
4.14664314697  1.94883217011e-38
4.30886938006  4.08122849244e-38
4.47744227714  6.29704907158e-38
4.65261013431  8.59955765666e-38
4.83463096161  1.09921456822e-37
5.02377286302  4.41824400688e-36
5.22031443137  2.4768245299e-35
5.42454515866  4.74075330911e-35
5.63676586253  7.09325219789e-35
5.85728912925  9.53778626296e-35
6.08643977422  1.61083255495e-33
6.32455532034  5.5317970881e-33
6.5719864952  9.635117121e-33
6.82909774767  1.3898968487e-32
7.09626778467  9.81200458293e-32
7.37389012904  3.18893062946e-31
7.66237369911  5.503877338e-31
7.96214341107  1.17995936254e-30
8.27364080478  5.75781442349e-30
8.59732469416  1.15346269303e-29
8.93367184302  2.11492561432e-29
9.28317766723  8.38829255873e-29
9.64635696448  1.6651642688e-28
10.0237446725  3.59191383502e-28
10.4158966572  1.05412425445e-27
10.8233905309  1.85369025519e-27
11.2468265038  5.16522495663e-27
11.6868282675  1.04135393286e-26
12.1440439138  2.3035790088e-26
12.6191468896  5.01348602359e-26
13.1128369884  1.01725175201e-25
13.6258413812  2.15546167698e-25
14.1589156877  4.27570431305e-25
14.7128450892  8.35057617904e-25
15.2884454851  1.63943872169e-24
15.8865646945  2.9247393799e-24
16.5080837054  5.33280507597e-24
17.1539179718  8.7423110169e-24
17.8250187627  1.37582334685e-23
18.5223745626  2.31005898776e-23
19.247012528  3.43905800425e-23
20  4.61222606328e-23

