4.83463096161 20000 218
218
4.83463096161  0
5.02377286302  4.06358516855e-40
5.22031443137  2.3344486641e-39
5.42454515866  4.47962038076e-39
5.63676586253  6.7087161571e-39
5.85728912925  9.02501929568e-39
6.08643977422  5.92797362736e-37
6.32455532034  2.11482009887e-36
6.5719864952  3.70768637782e-36
6.82909774767  5.36286925531e-36
7.09626778467  9.61878319107e-35
7.37389012904  3.39379313916e-34
7.66237369911  5.94412853543e-34
7.96214341107  1.83071387738e-33
8.27364080478  1.29117972973e-32
8.59732469416  2.69727456649e-32
8.93367184302  5.85314641843e-32
9.28317766723  3.38809675092e-31
9.64635696448  7.11912540631e-31
10.0237446725  1.92798277182e-30
10.4158966572  7.02850511494e-30
10.8233905309  1.29881242571e-29
11.2468265038  4.8053439867e-29
11.6868282675  1.05524747366e-28
12.1440439138  2.8235610245e-28
12.6191468896  6.94542107525e-28
13.1128369884  1.63976272162e-27
13.6258413812  3.95575010353e-27
14.1589156877  9.16151119299e-27
14.7128450892  2.02094537239e-26
15.2884454851  4.81083417761e-26
15.8865646945  9.87053123863e-26
16.5080837054  2.27756041496e-25
17.1539179718  4.70121781043e-25
17.8250187627  9.56533928039e-25
18.5223745626  7.99931882223e-24
19.247012528  1.76372356184e-23
20  2.76522099239e-23
20.7824460767  3.8058993097e-23
21.5955032466  4.88729136033e-23
22.440369086  6.01098995934e-23
23.3182880236  7.17865023635e-23
24.2305531726  8.34423149731e-23
25.1785082359  9.35134180956e-23
26.1635494852  1.03086066135e-22
27.1871278176  1.12179371889e-22
28.2507508925  1.20811702959e-22
29.3559853524  1.2900071007e-22
30.5044591308  1.36763354448e-22
31.6978638492  1.44115934293e-22
32.9379573097  1.51074110362e-22
34.2265660832  1.5765293072e-22
35.5655882008  1.6386685466e-22
36.9569959484  1.69729775851e-22
38.4028387728  1.75255044728e-22
39.9052462994  1.80455490157e-22
41.4664314697  1.85343440414e-22
43.0886938006  1.89930743498e-22
44.7744227714  1.94228786817e-22
46.5261013431  1.9824851627e-22
48.3463096161  2.02000454759e-22
50.2377286302  2.05494720165e-22
52.2031443137  2.08741042803e-22
54.2454515866  2.11748782403e-22
56.3676586253  2.14526944635e-22
58.5728912925  2.1708419721e-22
60.8643977422  2.19428885587e-22
63.2455532034  2.21569048312e-22
65.719864952  2.23512432018e-22
68.2909774767  2.25266506118e-22
70.9626778467  2.26838477207e-22
73.7389012904  2.28235303213e-22
76.6237369911  2.29463707317e-22
79.6214341107  2.30530191656e-22
82.7364080478  2.31441050856e-22
85.9732469416  2.32202385396e-22
89.3367184302  2.32820114824e-22
92.8317766723  2.33299990861e-22
96.4635696448  2.33647610384e-22
100.237446725  2.33868428313e-22
104.158966572  2.33967770403e-22
108.233905309  2.33950845944e-22
112.468265038  2.33822760363e-22
116.868282675  2.33588527718e-22
121.440439138  2.33253083062e-22
126.191468896  2.32821294645e-22
131.128369884  2.32297975923e-22
136.258413812  2.31687897301e-22
141.589156877  2.30995797574e-22
147.128450892  2.30226394949e-22
152.884454851  2.29384397579e-22
158.865646945  2.28474513473e-22
165.080837054  2.27501459662e-22
171.539179718  2.26469970449e-22
178.250187627  2.25384804594e-22
185.223745626  2.24250751212e-22
192.47012528  2.23072634205e-22
200  2.21855314987e-22
207.824460767  2.2060369327e-22
215.955032466  2.19322705687e-22
224.40369086  2.18017321995e-22
233.182880236  2.16692538665e-22
242.305531726  2.15353369627e-22
251.785082359  2.1400483403e-22
261.635494852  2.12651940884e-22
271.871278176  2.11299670531e-22
282.507508925  2.09952952981e-22
293.559853524  2.08616643201e-22
305.044591308  2.07397107151e-22
316.978638492  2.06093594218e-22
329.379573097  2.04814424421e-22
342.265660832  2.03563843289e-22
355.655882008  2.02345863954e-22
369.569959484  2.01164232979e-22
384.028387728  2.00022397064e-22
399.052462994  1.98923471528e-22
414.664314697  1.97870211518e-22
430.886938006  1.96864986857e-22
447.744227714  1.95909761413e-22
465.261013431  1.95006077749e-22
483.463096161  1.94155047745e-22
502.377286302  1.93357349672e-22
522.031443137  1.92613232102e-22
542.454515866  1.91922524827e-22
563.676586253  1.91284656845e-22
585.728912925  1.90698681357e-22
608.643977422  1.90163307676e-22
632.455532034  1.89676940034e-22
657.19864952  1.89237723551e-22
682.909774767  1.88843598338e-22
709.626778467  1.88492364414e-22
737.389012904  1.88181765368e-22
766.237369911  1.87913416455e-22
796.214341107  1.87708335859e-22
827.364080478  1.87569381563e-22
859.732469416  1.87495472058e-22
893.367184302  1.86757865945e-22
928.317766723  1.86872267288e-22
964.635696448  1.87041200619e-22
1002.37446725  1.87265685769e-22
1041.58966572  1.87546548673e-22
1082.33905309  1.8788441648e-22
1124.68265038  1.88279714537e-22
1168.68282675  1.8873266532e-22
1214.40439138  1.89243289345e-22
1261.91468896  1.89811408041e-22
1311.28369884  1.90436648539e-22
1362.58413812  1.91118450255e-22
1415.89156877  1.93620611498e-22
1471.28450892  1.95238331443e-22
1528.84454851  1.9673210658e-22
1588.65646945  1.98115484193e-22
1650.80837054  1.99400497704e-22
1715.39179718  2.00597908931e-22
1782.50187627  2.01717400951e-22
1852.23745626  2.02767732956e-22
1924.7012528  2.03756865575e-22
2000  2.04692062984e-22
2078.24460767  2.0557997665e-22
2159.55032466  2.0642671439e-22
2244.0369086  2.07001150808e-22
2331.82880236  2.0767370298e-22
2423.05531726  2.08283299051e-22
2517.85082359  2.08834534568e-22
2616.35494852  2.09331611737e-22
2718.71278176  2.09778386029e-22
2825.07508925  2.10178405976e-22
2935.59853524  2.10534947311e-22
3050.44591308  2.10851042337e-22
3169.78638492  2.11129505285e-22
3293.79573097  2.11372954267e-22
3422.65660832  2.11583830317e-22
3556.55882008  2.11764413958e-22
3695.69959484  2.11916839627e-22
3840.28387728  2.12043108269e-22
3990.52462994  2.12145098348e-22
4146.64314697  2.12224575492e-22
4308.86938006  2.1228320096e-22
4477.44227714  2.12322539088e-22
4652.61013431  2.12344063857e-22
4834.63096161  2.12349164707e-22
5023.77286302  2.12339151691e-22
5220.31443137  2.12315260081e-22
5424.54515866  2.12278654489e-22
5636.76586253  2.12230432576e-22
5857.28912925  2.12171628428e-22
6086.43977422  2.12103215624e-22
6324.55532034  2.12026110062e-22
6571.9864952  2.11941172585e-22
6829.09774767  2.11849211417e-22
7096.26778467  2.1175098447e-22
7373.89012904  2.11647201521e-22
7662.37369911  2.11538526294e-22
7962.14341107  2.11425578452e-22
8273.64080478  2.11308935528e-22
8597.32469416  2.11189134788e-22
8933.67184302  2.11066675052e-22
9283.17766723  2.10942018462e-22
9646.35696448  2.10815592217e-22
10023.7446725  2.10687790269e-22
10415.8966572  2.10558974982e-22
10823.3905309  2.10429478756e-22
11246.8265038  2.10299605623e-22
11686.8282675  2.101696328e-22
12144.0439138  2.10039812211e-22
12619.1468896  2.09910371964e-22
13112.8369884  2.097815178e-22
13625.8413812  2.09653434486e-22
14158.9156877  2.09526287177e-22
14712.8450892  2.09400222725e-22
15288.4454851  2.09275370941e-22
15886.5646945  2.09151845818e-22
16508.0837054  2.0902974669e-22
17153.9179718  2.08909159353e-22
17825.0187627  2.08790157127e-22
18522.3745626  2.08672801874e-22
19247.012528  2.0855714495e-22
20000  2.08443228127e-22

