0.964635696448 20000 260
260
0.964635696448  0
1.00237446725  1.10053738121e-44
1.04158966572  7.34163806702e-44
1.08233905309  1.44685807482e-43
1.12468265038  2.18743458463e-43
1.16868282675  2.95698415368e-43
1.21440439138  3.75664027478e-43
1.26191468896  4.58758078561e-43
1.31128369884  5.45102960358e-43
1.36258413812  6.34825852855e-43
1.41589156877  7.28058911613e-43
1.47128450892  8.24939462424e-43
1.52884454851  9.25610203579e-43
1.58865646945  1.03021941606e-42
1.65080837054  1.13892118193e-42
1.71539179718  1.25187561131e-42
1.78250187627  1.3692490782e-42
1.85223745626  1.49121446553e-42
1.9247012528  1.61795141979e-42
2  4.85294163031e-38
2.07824460767  3.83712458064e-37
2.15955032466  7.78526512623e-37
2.2440369086  1.18878660258e-36
2.33182880236  1.61509701243e-36
2.42305531726  2.05808566766e-36
2.51785082359  2.51840505966e-36
2.61635494852  2.99673320677e-36
2.71871278176  3.49377465299e-36
2.82507508925  4.01026150569e-36
2.93559853524  4.54695451396e-36
3.05044591308  1.22688884481e-33
3.16978638492  4.03657130487e-33
3.29379573097  6.9612618746e-33
3.42265660832  1.00003730774e-32
3.55655882008  1.31583813121e-32
3.69569959484  1.64399381045e-32
3.84028387728  1.98498769587e-32
3.99052462994  1.20581724267e-31
4.14664314697  9.62247963744e-31
4.30886938006  1.98980874185e-30
4.47744227714  3.05757006492e-30
4.65261013431  4.1671046709e-30
4.83463096161  5.32004682685e-30
5.02377286302  1.96163171203e-29
5.22031443137  8.30096892589e-29
5.42454515866  1.53448992189e-28
5.63676586253  2.2664404293e-28
5.85728912925  3.02702652686e-28
6.08643977422  9.78770886444e-28
6.32455532034  2.62137197669e-27
6.5719864952  4.33983842338e-27
6.82909774767  6.12553523653e-27
7.09626778467  1.44908820131e-26
7.37389012904  3.40554218795e-26
7.66237369911  5.4555438244e-26
7.96214341107  8.43258842643e-26
8.27364080478  2.0067338718e-25
8.59732469416  3.43773605688e-25
8.93367184302  5.1637368112e-25
9.28317766723  1.04475622826e-24
9.64635696448  1.70925749632e-24
10.0237446725  2.60564357762e-24
10.4158966572  4.49073759312e-24
10.8233905309  6.5762077729e-24
11.2468265038  9.81966698392e-24
11.6868282675  1.39741946213e-23
12.1440439138  1.87302167359e-23
12.6191468896  2.45285352496e-23
13.1128369884  3.06381181659e-23
13.6258413812  3.7148764421e-23
14.1589156877  4.3774614508e-23
14.7128450892  5.03539959982e-23
15.2884454851  5.68130490941e-23
15.8865646945  6.31199176334e-23
16.5080837054  6.91295400405e-23
17.1539179718  7.49942066969e-23
17.8250187627  8.05499740401e-23
18.5223745626  8.64704096184e-23
19.247012528  9.27250690196e-23
20  9.92244251063e-23
20.7824460767  1.05978050977e-22
21.5955032466  1.1299589425e-22
22.440369086  1.2028829172e-22
23.3182880236  1.2786598458e-22
24.2305531726  1.34558756868e-22
25.1785082359  1.37682484032e-22
26.1635494852  1.40616153607e-22
27.1871278176  1.43366855627e-22
28.2507508925  1.45941402382e-22
29.3559853524  1.4834633912e-22
30.5044591308  1.50587954417e-22
31.6978638492  1.5267229022e-22
32.9379573097  1.54605151587e-22
34.2265660832  1.56392116118e-22
35.5655882008  1.58038543108e-22
36.9569959484  1.59549582426e-22
38.4028387728  1.60930183138e-22
39.9052462994  1.62185101871e-22
41.4664314697  1.63318910962e-22
43.0886938006  1.64336006373e-22
44.7744227714  1.65240615404e-22
46.5261013431  1.6603680421e-22
48.3463096161  1.66728485142e-22
50.2377286302  1.67319423916e-22
52.2031443137  1.6781324663e-22
54.2454515866  1.68213446644e-22
56.3676586253  1.68523391326e-22
58.5728912925  1.68746328694e-22
60.8643977422  1.68885393952e-22
63.2455532034  1.68943615943e-22
65.719864952  1.68923923531e-22
68.2909774767  1.68829151918e-22
70.9626778467  1.68662048921e-22
73.7389012904  1.68425281214e-22
76.6237369911  1.68121440544e-22
79.6214341107  1.67753049947e-22
82.7364080478  1.67322569953e-22
85.9732469416  1.66832404806e-22
89.3367184302  1.66284908708e-22
92.8317766723  1.65682392079e-22
96.4635696448  1.65027127846e-22
100.237446725  1.6432135777e-22
104.158966572  1.63567298792e-22
108.233905309  1.6276714941e-22
112.468265038  1.61923096063e-22
116.868282675  1.61037319519e-22
121.440439138  1.60112001234e-22
126.191468896  1.59149329671e-22
131.128369884  1.58151506521e-22
136.258413812  1.571207528e-22
141.589156877  1.56059314765e-22
147.128450892  1.54969469572e-22
152.884454851  1.53853530614e-22
158.865646945  1.52713852441e-22
165.080837054  1.51552835172e-22
171.539179718  1.5037292826e-22
178.250187627  1.49176633519e-22
185.223745626  1.47966507241e-22
192.47012528  1.46745161273e-22
200  1.45515262893e-22
207.824460767  1.44279533318e-22
215.955032466  1.43040744689e-22
224.40369086  1.41801715372e-22
233.182880236  1.40565303433e-22
242.305531726  1.39334398154e-22
251.785082359  1.38111909504e-22
261.635494852  1.36900755497e-22
271.871278176  1.35703847423e-22
282.507508925  1.34524073009e-22
293.559853524  1.33364277604e-22
305.044591308  1.32302645359e-22
316.978638492  1.31189354671e-22
329.379573097  1.30104199387e-22
342.265660832  1.29049626918e-22
355.655882008  1.28027928098e-22
369.569959484  1.27041213305e-22
384.028387728  1.26091389489e-22
399.052462994  1.25180138762e-22
414.664314697  1.24308899172e-22
430.886938006  1.23478848273e-22
447.744227714  1.22690890069e-22
465.261013431  1.21945645807e-22
483.463096161  1.21243449032e-22
502.377286302  1.20584345206e-22
522.031443137  1.19968096057e-22
542.454515866  1.19394188753e-22
563.676586253  1.18861849867e-22
585.728912925  1.18370064058e-22
608.643977422  1.17917597368e-22
632.455532034  1.17503025113e-22
657.19864952  1.17124764553e-22
682.909774767  1.16781113055e-22
709.626778467  1.16470293705e-22
737.389012904  1.16190514087e-22
766.237369911  1.15942793327e-22
796.214341107  1.15742127662e-22
827.364080478  1.15590429151e-22
859.732469416  1.15486791449e-22
893.367184302  1.14931858638e-22
928.317766723  1.14964014536e-22
964.635696448  1.15036538727e-22
1002.37446725  1.15150008828e-22
1041.58966572  1.15304873338e-22
1082.33905309  1.1550144837e-22
1124.68265038  1.15739915666e-22
1168.68282675  1.16020321929e-22
1214.40439138  1.16342579501e-22
1261.91468896  1.16706468364e-22
1311.28369884  1.17111639422e-22
1362.58413812  1.17557619003e-22
1415.89156877  1.19304805272e-22
1471.28450892  1.2041970381e-22
1528.84454851  1.2144608084e-22
1588.65646945  1.22393707181e-22
1650.80837054  1.23271243804e-22
1715.39179718  1.24086421108e-22
1782.50187627  1.24846181525e-22
1852.23745626  1.25556793952e-22
1924.7012528  1.26223946317e-22
2000  1.26852820977e-22
2078.24460767  1.2744815654e-22
2159.55032466  1.28014298842e-22
2244.0369086  1.28394118169e-22
2331.82880236  1.2883985254e-22
2423.05531726  1.29242015608e-22
2517.85082359  1.29603851884e-22
2616.35494852  1.29928325638e-22
2718.71278176  1.30218154125e-22
2825.07508925  1.30475835963e-22
2935.59853524  1.30703675464e-22
3050.44591308  1.30903803585e-22
3169.78638492  1.31078196004e-22
3293.79573097  1.3122868878e-22
3422.65660832  1.31356991936e-22
3556.55882008  1.31464701285e-22
3695.69959484  1.3155330872e-22
3840.28387728  1.31624211214e-22
3990.52462994  1.31678718686e-22
4146.64314697  1.31718060897e-22
4308.86938006  1.31743393501e-22
4477.44227714  1.31755803381e-22
4652.61013431  1.31756313354e-22
4834.63096161  1.31745886332e-22
5023.77286302  1.31725429024e-22
5220.31443137  1.31695795242e-22
5424.54515866  1.31657788859e-22
5636.76586253  1.31612166478e-22
5857.28912925  1.31559639853e-22
6086.43977422  1.31500878101e-22
6324.55532034  1.31436509738e-22
6571.9864952  1.31367124556e-22
6829.09774767  1.31293275388e-22
7096.26778467  1.31215479757e-22
7373.89012904  1.31134221446e-22
7662.37369911  1.31049951987e-22
7962.14341107  1.30963092094e-22
8273.64080478  1.30874033045e-22
8597.32469416  1.30783138015e-22
8933.67184302  1.30690743376e-22
9283.17766723  1.3059715996e-22
9646.35696448  1.30502674298e-22
10023.7446725  1.30407549822e-22
10415.8966572  1.3031202805e-22
10823.3905309  1.30216329737e-22
11246.8265038  1.30120656007e-22
11686.8282675  1.30025189452e-22
12144.0439138  1.29930095209e-22
12619.1468896  1.29835522007e-22
13112.8369884  1.29741603183e-22
13625.8413812  1.29648457672e-22
14158.9156877  1.29556190957e-22
14712.8450892  1.29464895999e-22
15288.4454851  1.29374654117e-22
15886.5646945  1.29285535847e-22
16508.0837054  1.29197601758e-22
17153.9179718  1.29110903232e-22
17825.0187627  1.2902548321e-22
18522.3745626  1.28941376898e-22
19247.012528  1.28858612442e-22
20000  1.28777211554e-22

