0.964635696448 20 80
80
0.964635696448  0
1.00237446725  1.86195818367e-43
1.04158966572  1.2421043859e-42
1.08233905309  2.44788525953e-42
1.12468265038  3.70083905886e-42
1.16868282675  5.00281129741e-42
1.21440439138  6.35571968947e-42
1.26191468896  7.7615569747e-42
1.31128369884  9.22239385335e-42
1.36258413812  1.07403820362e-41
1.41589156877  1.2317757414e-41
1.47128450892  1.39568433506e-41
1.52884454851  1.56600541052e-41
1.58865646945  1.74298983884e-41
1.65080837054  1.92689830574e-41
1.71539179718  2.11800169556e-41
1.78250187627  2.31658149026e-41
1.85223745626  2.52293018403e-41
1.9247012528  2.73735171409e-41
2  3.70311030655e-37
2.07824460767  2.92786481236e-36
2.15955032466  5.94042211201e-36
2.2440369086  9.07083759365e-36
2.33182880236  1.23237221409e-35
2.42305531726  1.57038670258e-35
2.51785082359  1.92162509658e-35
2.61635494852  2.28660474575e-35
2.71871278176  2.66586323965e-35
2.82507508925  3.05995919959e-35
2.93559853524  3.4694731014e-35
3.05044591308  6.0187324255e-33
3.16978638492  1.97717558726e-32
3.29379573097  3.40877259109e-32
3.42265660832  4.89637696788e-32
3.55655882008  6.44217985508e-32
3.69569959484  8.0484581125e-32
3.84028387728  9.71757767596e-32
3.99052462994  4.69062720566e-31
4.14664314697  3.54404422325e-30
4.30886938006  7.29734686785e-30
4.47744227714  1.11974873589e-29
4.65261013431  1.52502103312e-29
4.83463096161  1.9461485163e-29
5.02377286302  6.20351238218e-29
5.22031443137  2.47822393332e-28
5.42454515866  4.54193179583e-28
5.63676586253  6.68637666436e-28
5.85728912925  8.9147171566e-28
6.08643977422  2.56641355967e-27
6.32455532034  6.57962971177e-27
6.5719864952  1.07779035909e-26
6.82909774767  1.51404236164e-26
7.09626778467  3.30482303898e-26
7.37389012904  7.39934163271e-26
7.66237369911  1.1688988075e-25
7.96214341107  1.76523947237e-25
8.27364080478  3.90379841405e-25
8.59732469416  6.52082188015e-25
8.93367184302  9.60623757164e-25
9.28317766723  1.81571362328e-24
9.64635696448  2.88104344019e-24
10.0237446725  4.24439678867e-24
10.4158966572  6.8484371834e-24
10.8233905309  9.70984708312e-24
11.2468265038  1.36691717051e-23
11.6868282675  1.85016905837e-23
12.1440439138  2.37738552913e-23
12.6191468896  2.97410704559e-23
13.1128369884  3.59056138521e-23
13.6258413812  4.21837328189e-23
14.1589156877  4.85070570998e-23
14.7128450892  5.46775380825e-23
15.2884454851  6.07025993206e-23
15.8865646945  6.65539985227e-23
16.5080837054  7.21136120314e-23
17.1539179718  7.75373908922e-23
17.8250187627  8.26848594775e-23
18.5223745626  8.83466661272e-23
19.247012528  9.43857941071e-23
20  1.00661186687e-22

