4.83463096161 20 38
38
4.83463096161  0
5.02377286302  2.01220148735e-40
5.22031443137  1.15596963745e-39
5.42454515866  2.2182133311e-39
5.63676586253  3.32201444528e-39
5.85728912925  4.46899880202e-39
6.08643977422  3.24402889503e-37
6.32455532034  1.15874118275e-36
6.5719864952  2.03191528267e-36
6.82909774767  2.93924996502e-36
7.09626778467  5.65858422035e-35
7.37389012904  2.00351133241e-34
7.66237369911  3.51117726282e-34
7.96214341107  1.11587174103e-33
8.27364080478  8.04372160921e-33
8.59732469416  1.68367797926e-32
8.93367184302  3.70527987178e-32
9.28317766723  2.19844381116e-31
9.64635696448  4.63300028087e-31
10.0237446725  1.27625488947e-30
10.4158966572  4.71472478167e-30
10.8233905309  8.73672254911e-30
11.2468265038  3.29492914767e-29
11.6868282675  7.27036666559e-29
12.1440439138  1.96892798906e-28
12.6191468896  4.87604236012e-28
13.1128369884  1.16077792305e-27
13.6258413812  2.81797264806e-27
14.1589156877  6.57086609654e-27
14.7128450892  1.45625496683e-26
15.2884454851  3.48911659897e-26
15.8865646945  7.18852861468e-26
16.5080837054  1.66968416832e-25
17.1539179718  3.47119683646e-25
17.8250187627  7.11922862734e-25
18.5223745626  7.38039363894e-24
19.247012528  1.65332618475e-23
20  2.60442113471e-23

