3.84028387728 20 44
44
3.84028387728  0
3.99052462994  1.08775552142e-43
4.14664314697  1.04666633489e-42
4.30886938006  2.19245323184e-42
4.47744227714  3.3830659519e-42
4.65261013431  4.62025818455e-42
4.83463096161  5.90585222762e-42
5.02377286302  1.44460513649e-39
5.22031443137  8.26599603193e-39
5.42454515866  1.58552979149e-38
5.63676586253  2.37415107721e-38
5.85728912925  3.19362504448e-38
6.08643977422  1.7439755114e-36
6.32455532034  6.20534453503e-36
6.5719864952  1.08743596134e-35
6.82909774767  1.57260373183e-35
7.09626778467  2.47393774429e-34
7.37389012904  8.66610679482e-34
7.66237369911  1.51597333074e-33
7.96214341107  4.40717910938e-33
8.27364080478  2.97664598913e-32
8.59732469416  6.19285005629e-32
8.93367184302  1.30861316597e-31
9.28317766723  7.21076045653e-31
9.64635696448  1.50591155797e-30
10.0237446725  3.94206558325e-30
10.4158966572  1.39799442069e-29
10.8233905309  2.56821198627e-29
11.2468265038  9.12622136895e-29
11.6868282675  1.98325437623e-28
12.1440439138  5.16644318515e-28
12.6191468896  1.25131924146e-27
13.1128369884  2.89554444123e-27
13.6258413812  6.87585933228e-27
14.1589156877  1.56304173434e-26
14.7128450892  3.40231518966e-26
15.2884454851  7.93688482273e-26
15.8865646945  1.60694261724e-25
16.5080837054  3.63079083167e-25
17.1539179718  7.34281269419e-25
17.8250187627  1.4623698377e-24
18.5223745626  8.91196025048e-24
19.247012528  1.9043514129e-23
20  2.95714377367e-23

