2.93559853524 20 51
51
2.93559853524  0
3.05044591308  1.9926832617e-40
3.16978638492  6.57422264532e-40
3.29379573097  1.13432988767e-39
3.42265660832  1.62989523574e-39
3.55655882008  2.14484824192e-39
3.69569959484  2.67994739608e-39
3.84028387728  3.23598086193e-39
3.99052462994  2.75688115971e-37
4.14664314697  2.62045905228e-36
4.30886938006  5.48487042664e-36
4.47744227714  8.46134417308e-36
4.65261013431  1.15542644298e-35
4.83463096161  1.47681868525e-35
5.02377286302  2.80239045978e-34
5.22031443137  1.52746964588e-33
5.42454515866  2.91486962826e-33
5.63676586253  4.3565478943e-33
5.85728912925  5.85462793549e-33
6.08643977422  5.92861999322e-32
6.32455532034  1.9648978391e-31
6.5719864952  3.40069247099e-31
6.82909774767  4.89265869671e-31
7.09626778467  2.46559147399e-30
7.37389012904  7.56095359954e-30
7.66237369911  1.29032388315e-29
7.96214341107  2.48645269496e-29
8.27364080478  1.01944930861e-28
8.59732469416  1.9884544458e-28
8.93367184302  3.45432482944e-28
9.28317766723  1.16796160368e-27
9.64635696448  2.2443516081e-27
10.0237446725  4.45425153347e-27
10.4158966572  1.18057884037e-26
10.8233905309  2.02086793463e-26
11.2468265038  4.97727378606e-26
11.6868282675  9.56702007206e-26
12.1440439138  1.93001720628e-25
12.6191468896  3.90965243285e-25
13.1128369884  7.27625963146e-25
13.6258413812  1.41270231658e-24
14.1589156877  2.51439079306e-24
14.7128450892  4.42825076304e-24
15.2884454851  7.39779437686e-24
15.8865646945  1.15320816661e-23
16.5080837054  1.71918602428e-23
17.1539179718  2.38014343762e-23
17.8250187627  3.14032511547e-23
18.5223745626  4.09650897361e-23
19.247012528  5.15856170102e-23
20  6.26216437793e-23

