0.964635696448 20 80
80
0.964635696448  0
1.00237446725  7.32226148968e-39
1.04158966572  4.88464950008e-38
1.08233905309  9.62645462407e-38
1.12468265038  1.45537700888e-37
1.16868282675  1.96738534863e-37
1.21440439138  2.49942463421e-37
1.26191468896  3.05227852237e-37
1.31128369884  3.62676132833e-37
1.36258413812  4.22371922516e-37
1.41589156877  4.84403149021e-37
1.47128450892  5.48861180017e-37
1.52884454851  6.15840957686e-37
1.58865646945  6.85441138568e-37
1.65080837054  7.57764238873e-37
1.71539179718  8.32916785483e-37
1.78250187627  9.11009472855e-37
1.85223745626  9.9215732607e-37
1.9247012528  1.07647987025e-36
2  8.36705003088e-34
2.07824460767  6.60791685694e-33
2.15955032466  1.340584856e-32
2.2440369086  2.04697310126e-32
2.33182880236  2.78099688208e-32
2.42305531726  3.54373736427e-32
2.51785082359  4.33631801135e-32
2.61635494852  5.15990623932e-32
2.71871278176  6.01571513619e-32
2.82507508925  6.90500524874e-32
2.93559853524  7.82908643926e-32
3.05044591308  2.6836528191e-30
3.16978638492  8.66175187511e-30
3.29379573097  1.48845352995e-29
3.42265660832  2.13507683477e-29
3.55655882008  2.80699753299e-29
3.69569959484  3.50520531692e-29
3.84028387728  4.23072859791e-29
3.99052462994  9.9744941228e-29
4.14664314697  5.3781735861e-28
4.30886938006  1.07156439183e-27
4.47744227714  1.62619283865e-27
4.65261013431  2.20251962808e-27
4.83463096161  2.80139364928e-27
5.02377286302  5.68735204111e-27
5.22031443137  1.70745931933e-26
5.42454515866  2.96964042933e-26
5.63676586253  4.28120097222e-26
5.85728912925  5.64407278516e-26
6.08643977422  1.12206268574e-25
6.32455532034  2.35662132709e-25
6.5719864952  3.64756417712e-25
6.82909774767  4.98901168557e-25
7.09626778467  8.34942995581e-25
7.37389012904  1.51255273837e-24
7.66237369911  2.22180954215e-24
7.96214341107  3.05964538712e-24
8.27364080478  4.94724200919e-24
8.59732469416  7.1730264592e-24
8.93367184302  9.5681924624e-24
9.28317766723  1.32589344866e-23
9.64635696448  1.74916048821e-23
10.0237446725  2.20093587603e-23
10.4158966572  2.72573232769e-23
10.8233905309  3.27794031691e-23
11.2468265038  3.83756616043e-23
11.6868282675  4.40875125498e-23
12.1440439138  4.97926963056e-23
12.6191468896  5.5272195072e-23
13.1128369884  6.07407384752e-23
13.6258413812  6.58656089346e-23
14.1589156877  7.09260648851e-23
14.7128450892  7.56974499288e-23
15.2884454851  8.02948744056e-23
15.8865646945  8.46967334505e-23
16.5080837054  8.8824041382e-23
17.1539179718  9.28241543059e-23
17.8250187627  9.66005742465e-23
18.5223745626  1.00155467878e-22
19.247012528  1.03755332029e-22
20  1.07496031159e-22

