1.9247012528 20 62
62
1.9247012528  0
2  1.07047963362e-43
2.07824460767  8.46433344879e-43
2.15955032466  1.71735972846e-42
2.2440369086  2.62235875865e-42
2.33182880236  3.56276343586e-42
2.42305531726  4.53995891058e-42
2.51785082359  5.55538452357e-42
2.61635494852  6.61053592591e-42
2.71871278176  7.70696728201e-42
2.82507508925  8.84629355876e-42
2.93559853524  1.00301929043e-41
3.05044591308  5.13640225992e-38
3.16978638492  1.69434593216e-37
3.29379573097  2.92338162126e-37
3.42265660832  4.20050001801e-37
3.55655882008  5.52758222871e-37
3.69569959484  6.90658295287e-37
3.84028387728  8.33953336235e-37
3.99052462994  2.67125980038e-35
4.14664314697  2.48715790235e-34
4.30886938006  5.19900733819e-34
4.47744227714  8.0169505716e-34
4.65261013431  1.09451382364e-33
4.83463096161  1.39878833487e-33
5.02377286302  1.39773993189e-32
5.22031443137  7.24887450949e-32
5.42454515866  1.37563682245e-31
5.63676586253  2.05184500858e-31
5.85728912925  2.75450801682e-31
6.08643977422  1.78020306123e-30
6.32455532034  5.59822267514e-30
6.5719864952  9.59343700775e-30
6.82909774767  1.37449533294e-29
7.09626778467  5.12526656637e-29
7.37389012904  1.45664299888e-28
7.66237369911  2.44636713958e-28
7.96214341107  4.30680849292e-28
8.27364080478  1.46315424407e-27
8.59732469416  2.7541378563e-27
8.93367184302  4.5420070995e-27
9.28317766723  1.29182464177e-26
9.64635696448  2.37782555021e-26
10.0237446725  4.32716998904e-26
10.4158966572  1.01548500793e-25
10.8233905309  1.67638875944e-25
11.2468265038  3.58563336549e-25
11.6868282675  6.46017372195e-25
12.1440439138  1.16461968424e-24
12.6191468896  2.13245000451e-24
13.1128369884  3.53476237317e-24
13.6258413812  5.99805531061e-24
14.1589156877  9.24313764572e-24
14.7128450892  1.39224790043e-23
15.2884454851  1.95959941386e-23
15.8865646945  2.62858862522e-23
16.5080837054  3.36331093457e-23
17.1539179718  4.13401465965e-23
17.8250187627  4.9191162278e-23
18.5223745626  5.77322924053e-23
19.247012528  6.68249613609e-23
20  7.6273356474e-23

