3.84028387728 20000 224
224
3.84028387728  0
3.99052462994  8.58005374298e-42
4.14664314697  8.25594835191e-41
4.30886938006  1.72937449525e-40
4.47744227714  2.66851209778e-40
4.65261013431  3.64439092693e-40
4.83463096161  4.65844838415e-40
5.02377286302  4.74886206519e-38
5.22031443137  2.70211838671e-37
5.42454515866  5.18003176939e-37
5.63676586253  7.75488683231e-37
5.85728912925  1.04304761573e-36
6.08643977422  3.35826987766e-35
6.32455532034  1.18194190787e-34
6.5719864952  2.06742865655e-34
6.82909774767  2.98755768686e-34
7.09626778467  3.26154115322e-33
7.37389012904  1.11286684251e-32
7.66237369911  1.93784800132e-32
7.96214341107  4.85836056488e-32
8.27364080478  2.87031001865e-31
8.59732469416  5.88897624331e-31
8.93367184302  1.16256379514e-30
9.28317766723  5.55527341869e-30
9.64635696448  1.13756215532e-29
10.0237446725  2.72201134522e-29
10.4158966572  8.90599659921e-29
10.8233905309  1.60725386478e-28
11.2468265038  5.12263395999e-28
11.6868282675  1.0794039386e-27
12.1440439138  2.61857040565e-27
12.6191468896  6.07069573601e-27
13.1128369884  1.33093290534e-26
13.6258413812  3.02367642175e-26
14.1589156877  6.5257622112e-26
14.7128450892  1.36642404876e-25
15.2884454851  2.99977433954e-25
15.8865646945  5.82258585556e-25
16.5080837054  1.22592995432e-24
17.1539179718  2.30856914385e-24
17.8250187627  4.251677333e-24
18.5223745626  1.2746736872e-23
19.247012528  2.39449131418e-23
20  3.55811878661e-23
20.7824460767  4.76727004657e-23
21.5955032466  6.0237260895e-23
22.440369086  7.3293375875e-23
23.3182880236  8.68602761521e-23
24.2305531726  9.95948833945e-23
25.1785082359  1.08146945029e-22
26.1635494852  1.16266719586e-22
27.1871278176  1.2397073377e-22
28.2507508925  1.3127486955e-22
29.3559853524  1.38194388696e-22
30.5044591308  1.44743956502e-22
31.6978638492  1.50937664734e-22
32.9379573097  1.56789053815e-22
34.2265660832  1.62311134283e-22
35.5655882008  1.67516407554e-22
36.9569959484  1.72416886001e-22
38.4028387728  1.77024112397e-22
39.9052462994  1.81349178731e-22
41.4664314697  1.85402744441e-22
43.0886938006  1.89195054069e-22
44.7744227714  1.92735954389e-22
46.5261013431  1.96034911013e-22
48.3463096161  1.99101024524e-22
50.2377286302  2.01943046131e-22
52.2031443137  2.04569392913e-22
54.2454515866  2.06988162635e-22
56.3676586253  2.09207148195e-22
58.5728912925  2.11233851716e-22
60.8643977422  2.130754983e-22
63.2455532034  2.14739049484e-22
65.719864952  2.16231216413e-22
68.2909774767  2.17558472765e-22
70.9626778467  2.18727067434e-22
73.7389012904  2.19743037014e-22
76.6237369911  2.20612218103e-22
79.6214341107  2.21340259432e-22
82.7364080478  2.21932633864e-22
85.9732469416  2.22394650267e-22
89.3367184302  2.22731465281e-22
92.8317766723  2.22948094997e-22
96.4635696448  2.23049426557e-22
100.237446725  2.23040229687e-22
104.158966572  2.22925168162e-22
108.233905309  2.22708811212e-22
112.468265038  2.22395644851e-22
116.868282675  2.2199008313e-22
121.440439138  2.21496479277e-22
126.191468896  2.20919136715e-22
131.128369884  2.20262319892e-22
136.258413812  2.19530264899e-22
141.589156877  2.1872718979e-22
147.128450892  2.17857304534e-22
152.884454851  2.16924820498e-22
158.865646945  2.15933959368e-22
165.080837054  2.14888961345e-22
171.539179718  2.13794092501e-22
178.250187627  2.12653651113e-22
185.223745626  2.11471972791e-22
192.47012528  2.10253434213e-22
200  2.09002455242e-22
207.824460767  2.0772349921e-22
215.955032466  2.06421071151e-22
224.40369086  2.05099713749e-22
233.182880236  2.037640008e-22
242.305531726  2.02418528001e-22
251.785082359  2.01067900903e-22
261.635494852  1.99716719936e-22
271.871278176  1.9836956244e-22
282.507508925  1.9703096174e-22
293.559853524  1.95705383382e-22
305.044591308  1.94494443915e-22
316.978638492  1.93205823676e-22
329.379573097  1.91943045524e-22
342.265660832  1.90710007718e-22
355.655882008  1.89510390471e-22
369.569959484  1.88347623489e-22
384.028387728  1.8722485441e-22
399.052462994  1.8614491898e-22
414.664314697  1.85110313872e-22
430.886938006  1.84123173006e-22
447.744227714  1.83185248196e-22
465.261013431  1.8229789484e-22
483.463096161  1.81462063293e-22
502.377286302  1.80678296368e-22
522.031443137  1.79946733321e-22
542.454515866  1.79267120466e-22
563.676586253  1.78638828473e-22
585.728912925  1.78060876279e-22
608.643977422  1.77531961516e-22
632.455532034  1.77050497444e-22
657.19864952  1.76614656633e-22
682.909774767  1.76222422316e-22
709.626778467  1.75871649994e-22
737.389012904  1.75560146809e-22
766.237369911  1.75289412535e-22
796.214341107  1.75079428345e-22
827.364080478  1.74932877334e-22
859.732469416  1.74848694371e-22
893.367184302  1.74137338146e-22
928.317766723  1.7423291853e-22
964.635696448  1.74380797221e-22
1002.37446725  1.74581908068e-22
1041.58966572  1.74837002497e-22
1082.33905309  1.75146644886e-22
1124.68265038  1.75511209726e-22
1168.68282675  1.75930880618e-22
1214.40439138  1.76405651142e-22
1261.91468896  1.76935327577e-22
1311.28369884  1.77519533434e-22
1362.58413812  1.78157715678e-22
1415.89156877  1.80527609086e-22
1471.28450892  1.82056213871e-22
1528.84454851  1.83466996882e-22
1588.65646945  1.84772864013e-22
1650.80837054  1.85985274874e-22
1715.39179718  1.87114474599e-22
1782.50187627  1.88169678353e-22
1852.23745626  1.89159219474e-22
1924.7012528  1.90090669344e-22
2000  1.90970935057e-22
2078.24460767  1.91806339514e-22
2159.55032466  1.92602687473e-22
2244.0369086  1.93141602351e-22
2331.82880236  1.93773143157e-22
2423.05531726  1.94345124424e-22
2517.85082359  1.94861908965e-22
2616.35494852  1.95327485466e-22
2718.71278176  1.95745512826e-22
2825.07508925  1.96119358035e-22
2935.59853524  1.96452128653e-22
3050.44591308  1.9674670076e-22
3169.78638492  1.97005743082e-22
3293.79573097  1.97231737881e-22
3422.65660832  1.97426999075e-22
3556.55882008  1.97593687998e-22
3695.69959484  1.97733827127e-22
3840.28387728  1.9784931207e-22
3990.52462994  1.97941922043e-22
4146.64314697  1.98013329047e-22
4308.86938006  1.98065105927e-22
4477.44227714  1.9809873346e-22
4652.61013431  1.98115606605e-22
4834.63096161  1.9811704004e-22
5023.77286302  1.98104273065e-22
5220.31443137  1.98078473989e-22
5424.54515866  1.98040744053e-22
5636.76586253  1.97992120962e-22
5857.28912925  1.97933582097e-22
6086.43977422  1.97866047435e-22
6324.55532034  1.97790382247e-22
6571.9864952  1.97707399586e-22
6829.09774767  1.97617862616e-22
7096.26778467  1.97522486801e-22
7373.89012904  1.97421941981e-22
7662.37369911  1.97316854348e-22
7962.14341107  1.97207808347e-22
8273.64080478  1.97095348505e-22
8597.32469416  1.96979981212e-22
8933.67184302  1.96862176441e-22
9283.17766723  1.9674236944e-22
9646.35696448  1.9662096237e-22
10023.7446725  1.96498325923e-22
10415.8966572  1.96374800895e-22
10823.3905309  1.96250699733e-22
11246.8265038  1.96126308042e-22
11686.8282675  1.96001886068e-22
12144.0439138  1.95877670134e-22
12619.1468896  1.95753874053e-22
13112.8369884  1.95630690489e-22
13625.8413812  1.95508292293e-22
14158.9156877  1.95386833781e-22
14712.8450892  1.95266451986e-22
15288.4454851  1.95147267852e-22
15886.5646945  1.95029387388e-22
16508.0837054  1.94912902774e-22
17153.9179718  1.9479789342e-22
17825.0187627  1.94684426972e-22
18522.3745626  1.94572560275e-22
19247.012528  1.94462340283e-22
20000  1.94353804919e-22

