2.93559853524 20 51
51
2.93559853524  0
3.05044591308  3.02372093317e-41
3.16978638492  9.97580248401e-41
3.29379573097  1.72124546453e-40
3.42265660832  2.47322213113e-40
3.55655882008  3.25461785735e-40
3.69569959484  4.06658358458e-40
3.84028387728  4.9103152817e-40
3.99052462994  5.7806650756e-38
4.14664314697  5.51331814652e-37
4.30886938006  1.15423684278e-36
4.47744227714  1.78072890461e-36
4.65261013431  2.43173077923e-36
4.83463096161  3.10820134698e-36
5.02377286302  7.28091614792e-35
5.22031443137  4.00921467684e-34
5.42454515866  7.6592191837e-34
5.63676586253  1.14520202759e-33
5.85728912925  1.53932044848e-33
6.08643977422  1.79821227622e-32
6.32455532034  6.0314015827e-32
6.5719864952  1.04613627478e-31
6.82909774767  1.50646341996e-31
7.09626778467  8.33297859712e-31
7.37389012904  2.60285806015e-30
7.66237369911  4.45823199173e-30
7.96214341107  8.83838406732e-30
8.27364080478  3.81226639675e-29
8.59732469416  7.49813123358e-29
8.93367184302  1.32214250485e-28
9.28317766723  4.68152299254e-28
9.64635696448  9.0867852852e-28
10.0237446725  1.84689697587e-27
10.4158966572  5.04722210473e-27
10.8233905309  8.71247232215e-27
11.2468265038  2.22649403375e-26
11.6868282675  4.34461601717e-26
12.1440439138  9.01983519634e-26
12.6191468896  1.87041667175e-25
13.1128369884  3.58497440455e-25
13.6258413812  7.18252804135e-25
14.1589156877  1.3324500665e-24
14.7128450892  2.44761932818e-24
15.2884454851  4.36138088247e-24
15.8865646945  7.18760736312e-24
16.5080837054  1.15516185333e-23
17.1539179718  1.69879185302e-23
17.8250187627  2.37732606819e-23
18.5223745626  3.34157224346e-23
19.247012528  4.4454674572e-23
20  5.59254959489e-23

