0.019247012528 20 182
182
0.019247012528  0
0.02  1.13879296803e-45
0.0207824460767  9.00368823705e-45
0.0215955032466  1.82676422753e-44
0.022440369086  2.78940235382e-44
0.0233182880236  3.78970110137e-44
0.0242305531726  4.82913384045e-44
0.0251785082359  5.90923158296e-44
0.0261635494852  7.03158523753e-44
0.0271871278176  8.19784795278e-44
0.0282507508925  9.40973755233e-44
0.0293559853524  1.0669039065e-43
0.0305044591308  1.30148229409e-41
0.0316978638492  4.26764666009e-41
0.0329379573097  7.35522302045e-41
0.0342265660832  1.05635924813e-40
0.0355655882008  1.3897480747e-40
0.0369569959484  1.73617984024e-40
0.0384028387728  2.09616481457e-40
0.0399052462994  9.5057766903e-40
0.0414664314697  7.05567444608e-39
0.0430886938006  1.45069526602e-38
0.0447744227714  2.22497420445e-38
0.0465261013431  3.02954471877e-38
0.0483463096161  3.86559188521e-38
0.0502377286302  1.26803009048e-37
0.0522031443137  5.12850102938e-37
0.0542454515866  9.41698603987e-37
0.0563676586253  1.38732464639e-36
0.0585728912925  1.85038460623e-36
0.0608643977422  5.74023222409e-36
0.0632455532034  1.51495182044e-35
0.065719864952  2.49931627286e-35
0.0682909774767  3.52219133047e-35
0.0709626778467  8.39179890087e-35
0.0737389012904  1.98094664338e-34
0.0766237369911  3.17732689129e-34
0.0796214341107  4.97048643018e-34
0.0827364080478  1.23808289896e-33
0.0859732469416  2.15229011334e-33
0.0893367184302  3.29544782215e-33
0.0928317766723  7.30438006455e-33
0.0964635696448  1.24032583899e-32
0.100237446725  8.44420598725e-31
0.104158966572  5.53821443039e-30
0.108233905309  1.08976643804e-29
0.112468265038  1.64667883597e-29
0.116868282675  2.22537892994e-29
0.121440439138  2.82671910481e-29
0.126191468896  3.45158509272e-29
0.131128369884  4.10089727766e-29
0.136258413812  4.77561205119e-29
0.141589156877  5.47672322108e-29
0.147128450892  6.20526347519e-29
0.152884454851  6.96230590247e-29
0.158865646945  7.74896557362e-29
0.165080837054  8.56640118343e-29
0.171539179718  9.41581675753e-29
0.178250187627  1.02984634258e-28
0.185223745626  1.12156412652e-28
0.19247012528  1.21687012147e-28
0.2  1.9675560457e-28
0.207824460767  6.57145192898e-28
0.215955032466  1.19801258456e-27
0.22440369086  1.76003995465e-27
0.233182880236  2.34405513028e-27
0.242305531726  2.95091832506e-27
0.251785082359  3.58152340613e-27
0.261635494852  4.23679921077e-27
0.271871278176  4.91771091455e-27
0.282507508925  5.62526145288e-27
0.293559853524  6.36049299836e-27
0.305044591308  1.01960550071e-26
0.316978638492  1.80520269611e-26
0.329379573097  2.6228131004e-26
0.342265660832  3.47241030735e-26
0.355655882008  4.35524571437e-26
0.369569959484  5.27261967641e-26
0.384028387728  6.22588342133e-26
0.399052462994  7.57663584573e-26
0.414664314697  1.17116386006e-25
0.430886938006  1.65753288358e-25
0.447744227714  2.16292978381e-25
0.465261013431  2.68809897512e-25
0.483463096161  3.23381399511e-25
0.502377286302  4.0222119834e-25
0.522031443137  5.66164407659e-25
0.542454515866  7.44236788017e-25
0.563676586253  9.29275770144e-25
0.585728912925  1.12155390355e-24
0.608643977422  1.41365081667e-24
0.632455532034  1.86250419949e-24
0.65719864952  2.33071148918e-24
0.682909774767  2.81723612671e-24
0.709626778467  3.46984467487e-24
0.737389012904  4.39357113002e-24
0.766237369911  5.35727753539e-24
0.796214341107  6.40101548595e-24
0.827364080478  7.91251781057e-24
0.859732469416  9.5941242298e-24
0.893367184302  1.13792948542e-23
0.928317766723  1.37859422267e-23
0.964635696448  1.64692057707e-23
1.00237446725  1.91400569291e-23
1.04158966572  2.13716768251e-23
1.08233905309  2.3620304186e-23
1.12468265038  2.56535880194e-23
1.16868282675  2.75454482706e-23
1.21440439138  2.94897376929e-23
1.26191468896  3.14679892134e-23
1.31128369884  3.34260258821e-23
1.36258413812  3.52087341881e-23
1.41589156877  3.69484186674e-23
1.47128450892  3.8533526925e-23
1.52884454851  4.07872564764e-23
1.58865646945  4.69707101516e-23
1.65080837054  4.36161707824e-23
1.71539179718  4.19723594715e-23
1.78250187627  4.23874000381e-23
1.85223745626  4.52875126141e-23
1.9247012528  4.46300388219e-23
2  4.27474318007e-23
2.07824460767  4.26146660194e-23
2.15955032466  4.30154407539e-23
2.2440369086  4.38419588031e-23
2.33182880236  4.49975530627e-23
2.42305531726  4.63374653833e-23
2.51785082359  4.76787310608e-23
2.61635494852  4.88734945825e-23
2.71871278176  4.98356008864e-23
2.82507508925  5.05389403786e-23
2.93559853524  5.09942456993e-23
3.05044591308  5.12036056009e-23
3.16978638492  5.12736135869e-23
3.29379573097  5.12044035278e-23
3.42265660832  5.10570015539e-23
3.55655882008  5.0844180373e-23
3.69569959484  5.06201040981e-23
3.84028387728  5.03992672369e-23
3.99052462994  5.0194590185e-23
4.14664314697  4.99797562309e-23
4.30886938006  4.96749997776e-23
4.47744227714  4.91836940481e-23
4.65261013431  4.83974577396e-23
4.83463096161  4.72487872966e-23
5.02377286302  4.59136829708e-23
5.22031443137  4.49017236951e-23
5.42454515866  4.38869820419e-23
5.63676586253  4.28325413575e-23
5.85728912925  4.17368485242e-23
6.08643977422  4.0598289663e-23
6.32455532034  3.94151877561e-23
6.5719864952  3.81858001769e-23
6.82909774767  3.69083161233e-23
7.09626778467  3.55808539504e-23
7.37389012904  3.4201458399e-23
7.66237369911  3.27680977158e-23
7.96214341107  3.12786606605e-23
8.27364080478  2.97309533961e-23
8.59732469416  2.81226962579e-23
8.93367184302  2.64515203952e-23
9.28317766723  2.47149642827e-23
9.64635696448  2.29104700944e-23
10.0237446725  2.12509308972e-23
10.4158966572  2.05248632255e-23
10.8233905309  1.98960685584e-23
11.2468265038  1.92426739953e-23
11.6868282675  1.85637171316e-23
12.1440439138  1.78581979111e-23
12.6191468896  1.71250771534e-23
13.1128369884  1.63632750226e-23
13.6258413812  1.55716694374e-23
14.1589156877  1.4749094418e-23
14.7128450892  1.38943394106e-23
15.2884454851  1.32440274614e-23
15.8865646945  1.2804622468e-23
16.5080837054  1.2348026939e-23
17.1539179718  1.18735683409e-23
17.8250187627  1.13805478294e-23
18.5223745626  1.86186504508e-23
19.247012528  2.88305651002e-23
20  3.94419933772e-23

