0.00384028387728 20000 404
404
0.00384028387728  0
0.00399052462994  5.12300559109e-66
0.00414664314697  4.92948772043e-65
0.00430886938006  1.03258038629e-64
0.00447744227714  1.59332363251e-64
0.00465261013431  2.17600444637e-64
0.00483463096161  2.78148107608e-64
0.00502377286302  3.41064534646e-64
0.00522031443137  4.06442397259e-64
0.00542454515866  4.74377992477e-64
0.00563676586253  5.44971384693e-64
0.00585728912925  6.18326553047e-64
0.00608643977422  3.27943447764e-60
0.00632455532034  1.18491948514e-59
0.0065719864952  2.08179444432e-59
0.00682909774767  3.01375721816e-59
0.00709626778467  3.98218052279e-59
0.00737389012904  4.9884907782e-59
0.00766237369911  6.03417020916e-59
0.00796214341107  2.27545263652e-57
0.00827364080478  2.68092045543e-56
0.00859732469416  5.80814530724e-56
0.00893367184302  9.05771439987e-56
0.00928317766723  1.24344141219e-55
0.00964635696448  1.59432181164e-55
0.0100237446725  2.20331180963e-54
0.0104158966572  1.36251860086e-53
0.0108233905309  2.66643493758e-53
0.0112468265038  4.0213634854e-53
0.0116868282675  5.42929995954e-53
0.0121440439138  5.10343695513e-52
0.0126191468896  1.84526587235e-51
0.0131128369884  3.25488418327e-51
0.0136258413812  4.71965001003e-51
0.0141589156877  2.40537959223e-50
0.0147128450892  8.09400571729e-50
0.0152884454851  1.4117738266e-49
0.0158865646945  2.65506508178e-49
0.0165080837054  1.25856430923e-48
0.0171539179718  2.56908251858e-48
0.0178250187627  4.42949621112e-48
0.0185223745626  1.72405121454e-47
0.019247012528  3.49938020835e-47
0.02  1.93842154601e-46
0.0207824460767  1.18276474637e-45
0.0215955032466  2.34496205536e-45
0.022440369086  3.55262720059e-45
0.0233182880236  4.80753898857e-45
0.0242305531726  6.1115458168e-45
0.0251785082359  1.91414015708e-44
0.0261635494852  6.75877288627e-44
0.0271871278176  1.2027474642e-43
0.0282507508925  1.75023001486e-43
0.0293559853524  2.31913134421e-43
0.0305044591308  6.82570772653e-43
0.0316978638492  1.6442248448e-42
0.0329379573097  2.64513121141e-42
0.0342265660832  3.68519534102e-42
0.0355655882008  8.49585890169e-42
0.0369569959484  1.84941417172e-41
0.0384028387728  2.89098355746e-41
0.0399052462994  4.52530364824e-41
0.0414664314697  1.04094685526e-40
0.0430886938006  1.73926409256e-40
0.0447744227714  2.64787518819e-40
0.0465261013431  5.50593856382e-40
0.0483463096161  8.9864250878e-40
0.0502377286302  1.70700672077e-39
0.0522031443137  4.20231915625e-39
0.0542454515866  6.95096630001e-39
0.0563676586253  9.80714685247e-39
0.0585728912925  1.27750677683e-38
0.0608643977422  2.2414475507e-38
0.0632455532034  4.27530234404e-38
0.065719864952  6.40146622153e-38
0.0682909774767  8.61081052825e-38
0.0709626778467  1.37884224144e-37
0.0737389012904  2.39815091538e-37
0.0766237369911  3.46486600967e-37
0.0796214341107  4.76387478318e-37
0.0827364080478  8.03570231028e-37
0.0859732469416  1.19351095139e-36
0.0893367184302  1.63308940329e-36
0.0928317766723  2.59194654198e-36
0.0964635696448  3.75438773217e-36
0.100237446725  5.45368739959e-36
0.104158966572  9.49546384421e-36
0.108233905309  1.39818669661e-35
0.112468265038  1.86437885141e-35
0.116868282675  2.34880951734e-35
0.121440439138  3.25207293275e-35
0.126191468896  4.97067675363e-35
0.131128369884  6.77687259763e-35
0.136258413812  8.65373098423e-35
0.141589156877  1.15879442777e-34
0.147128450892  1.66695232517e-34
0.152884454851  2.20120795736e-34
0.158865646945  2.78917795989e-34
0.165080837054  3.85930612648e-34
0.171539179718  5.11938489455e-34
0.178250187627  6.46487575986e-34
0.185223745626  8.6508749209e-34
0.19247012528  1.12440582402e-33
0.2  1.41732986335e-33
0.207824460767  1.85937867882e-33
0.215955032466  2.34127706476e-33
0.22440369086  2.98299234089e-33
0.233182880236  3.77921951962e-33
0.242305531726  4.71285576318e-33
0.251785082359  5.9387655828e-33
0.261635494852  7.33331302944e-33
0.271871278176  9.13520081747e-33
0.282507508925  1.12016616969e-32
0.293559853524  1.37749724637e-32
0.305044591308  1.70762723987e-32
0.316978638492  2.12704594096e-32
0.329379573097  2.56312561933e-32
0.342265660832  3.01626573937e-32
0.355655882008  3.60126781509e-32
0.369569959484  4.36213705446e-32
0.384028387728  5.15357665178e-32
0.399052462994  6.00975543913e-32
0.414664314697  7.15555976883e-32
0.430886938006  8.39935160946e-32
0.447744227714  9.72013901526e-32
0.465261013431  1.13889881054e-31
0.483463096161  1.32021998953e-31
0.502377286302  1.51744502483e-31
0.522031443137  1.75503355481e-31
0.542454515866  2.00548718436e-31
0.563676586253  2.29506514537e-31
0.585728912925  2.61313600844e-31
0.608643977422  2.97031682134e-31
0.632455532034  3.38345982204e-31
0.65719864952  3.81328417286e-31
0.682909774767  4.25992424252e-31
0.709626778467  4.75729517122e-31
0.737389012904  5.32966696652e-31
0.766237369911  5.925300103e-31
0.796214341107  6.54991318766e-31
0.827364080478  7.25622481901e-31
0.859732469416  8.00505296004e-31
0.893367184302  8.78629084762e-31
0.928317766723  9.64356395097e-31
0.964635696448  1.05494159344e-30
1.00237446725  1.14988135409e-30
1.04158966572  1.25229022349e-30
1.08233905309  1.35919175603e-30
1.12468265038  1.47248816355e-30
1.16868282675  1.59182893533e-30
1.21440439138  1.71691001011e-30
1.26191468896  1.84897443839e-30
1.31128369884  1.9869853214e-30
1.36258413812  2.13228871243e-30
1.41589156877  2.28423897506e-30
1.47128450892  2.4439173251e-30
1.52884454851  2.6114296823e-30
1.58865646945  2.78720713736e-30
1.65080837054  2.97250672347e-30
1.71539179718  3.1671570812e-30
1.78250187627  3.37276143055e-30
1.85223745626  3.59061087256e-30
1.9247012528  3.82127026286e-30
2  4.05847416223e-30
2.07824460767  4.26288960148e-30
2.15955032466  4.46841468252e-30
2.2440369086  4.68198037822e-30
2.33182880236  4.90390125597e-30
2.42305531726  5.13450418971e-30
2.51785082359  5.37507525186e-30
2.61635494852  5.62788769106e-30
2.71871278176  5.89078085979e-30
2.82507508925  6.16395901495e-30
2.93559853524  6.44782452889e-30
3.05044591308  6.72589406383e-30
3.16978638492  6.99354549913e-30
3.29379573097  7.27159770655e-30
3.42265660832  7.56052795692e-30
3.55655882008  7.85165155685e-30
3.69569959484  8.14195356118e-30
3.84028387728  8.4435487207e-30
3.99052462994  8.75196160354e-30
4.14664314697  9.03466587698e-30
4.30886938006  9.32058992458e-30
4.47744227714  9.61472120825e-30
4.65261013431  9.88920169436e-30
4.83463096161  1.0166107903e-29
5.02377286302  1.04403054732e-29
5.22031443137  1.0675048554e-29
5.42454515866  1.09136206027e-29
5.63676586253  1.11242523044e-29
5.85728912925  1.13213087494e-29
6.08643977422  1.15223057608e-29
6.32455532034  1.17252320267e-29
6.5719864952  1.19326991934e-29
6.82909774767  1.21412461765e-29
7.09626778467  1.23534924875e-29
7.37389012904  1.25669524469e-29
7.66237369911  1.2781772617e-29
7.96214341107  1.29986508945e-29
8.27364080478  1.32144229183e-29
8.59732469416  1.34316889903e-29
8.93367184302  1.36476007087e-29
9.28317766723  1.38609997542e-29
9.64635696448  1.40728917114e-29
10.0237446725  1.42801069102e-29
10.4158966572  1.44773810466e-29
10.8233905309  1.46799834734e-29
11.2468265038  1.48697792881e-29
11.6868282675  1.50518960798e-29
12.1440439138  1.52280664118e-29
12.6191468896  1.53856322301e-29
13.1128369884  1.55373533485e-29
13.6258413812  1.56653984893e-29
14.1589156877  1.57825167269e-29
14.7128450892  1.58744928511e-29
15.2884454851  1.59441546311e-29
15.8865646945  1.59890177856e-29
16.5080837054  1.59981095705e-29
17.1539179718  1.59804749136e-29
17.8250187627  1.59224555272e-29
18.5223745626  5.49413721914e-24
19.247012528  1.31155820069e-23
20  2.10351952732e-23
20.7824460767  2.92646420561e-23
21.5955032466  3.78160437563e-23
22.440369086  4.67019959921e-23
23.3182880236  5.59355871511e-23
24.2305531726  6.30159505932e-23
25.1785082359  6.26485214189e-23
26.1635494852  6.22689152743e-23
27.1871278176  6.18774464117e-23
28.2507508925  6.14744175528e-23
29.3559853524  6.10601205773e-23
30.5044591308  6.06348372092e-23
31.6978638492  6.01988397005e-23
32.9379573097  5.97523915159e-23
34.2265660832  5.92957480187e-23
35.5655882008  5.88291571601e-23
36.9569959484  5.8352860174e-23
38.4028387728  5.78670922789e-23
39.9052462994  5.73720833881e-23
41.4664314697  5.68680588315e-23
43.0886938006  5.63552400891e-23
44.7744227714  5.58338455402e-23
46.5261013431  5.53040912283e-23
48.3463096161  5.47661916453e-23
50.2377286302  5.42203605357e-23
52.2031443137  5.36668117233e-23
54.2454515866  5.31057599624e-23
56.3676586253  5.25374218148e-23
58.5728912925  5.19620165544e-23
60.8643977422  5.1379767101e-23
63.2455532034  5.07909009843e-23
65.719864952  5.01956513391e-23
68.2909774767  4.9594257932e-23
70.9626778467  4.89869682211e-23
73.7389012904  4.83740384459e-23
76.6237369911  4.77557347491e-23
79.6214341107  4.71323343264e-23
82.7364080478  4.65041266033e-23
85.9732469416  4.58714144345e-23
89.3367184302  4.52345153217e-23
92.8317766723  4.45937626426e-23
96.4635696448  4.39495068859e-23
100.237446725  4.33021168808e-23
104.158966572  4.26519810108e-23
108.233905309  4.19995083993e-23
112.468265038  4.13451300506e-23
116.868282675  4.06892999296e-23
121.440439138  4.00324959585e-23
126.191468896  3.93752209092e-23
131.128369884  3.87180031641e-23
136.258413812  3.80613973177e-23
141.589156877  3.74059845878e-23
147.128450892  3.67523730026e-23
152.884454851  3.61011973273e-23
158.865646945  3.54531186946e-23
165.080837054  3.48088238983e-23
171.539179718  3.41690243136e-23
178.250187627  3.35344544046e-23
185.223745626  3.29058697848e-23
192.47012528  3.22840447963e-23
200  3.16697695827e-23
207.824460767  3.10638466346e-23
215.955032466  3.04670867958e-23
224.40369086  2.988030473e-23
233.182880236  2.9304313861e-23
242.305531726  2.87399208102e-23
251.785082359  2.81879193769e-23
261.635494852  2.76490841169e-23
271.871278176  2.71241635994e-23
282.507508925  2.66138734324e-23
293.559853524  2.61188891693e-23
305.044591308  2.56693855259e-23
316.978638492  2.52059265703e-23
329.379573097  2.47595386331e-23
342.265660832  2.43306642535e-23
355.655882008  2.39196734561e-23
369.569959484  2.35268588467e-23
384.028387728  2.31524315648e-23
399.052462994  2.27965182052e-23
414.664314697  2.24591588061e-23
430.886938006  2.21403059718e-23
447.744227714  2.18398251778e-23
465.261013431  2.15574962739e-23
483.463096161  2.12930161793e-23
502.377286302  2.10460027372e-23
522.031443137  2.08159996789e-23
542.454515866  2.06024826318e-23
563.676586253  2.04048661057e-23
585.728912925  2.0222511393e-23
608.643977422  2.00547353484e-23
632.455532034  1.99008200567e-23
657.19864952  1.97600234995e-23
682.909774767  1.96315915145e-23
709.626778467  1.95147717791e-23
737.389012904  1.94088318069e-23
766.237369911  1.93140106922e-23
796.214341107  1.92352614381e-23
827.364080478  1.91731103514e-23
859.732469416  1.91271580244e-23
893.367184302  1.894432214e-23
928.317766723  1.89427680754e-23
964.635696448  1.8954748887e-23
1002.37446725  1.89804126136e-23
1041.58966572  1.90198810169e-23
1082.33905309  1.90732487718e-23
1124.68265038  1.91405828323e-23
1168.68282675  1.92219219852e-23
1214.40439138  1.9317276593e-23
1261.91468896  1.94266285342e-23
1311.28369884  1.95499313371e-23
1362.58413812  1.96871105081e-23
1415.89156877  2.02656453828e-23
1471.28450892  2.06331392153e-23
1528.84454851  2.09724049472e-23
1588.65646945  2.12862659305e-23
1650.80837054  2.1577282245e-23
1715.39179718  2.18477862051e-23
1782.50187627  2.20999115453e-23
1852.23745626  2.23356175655e-23
1924.7012528  2.25567092204e-23
2000  2.27648539252e-23
2078.24460767  2.29615956829e-23
2159.55032466  2.31483670145e-23
2244.0369086  2.32734681364e-23
2331.82880236  2.34197384592e-23
2423.05531726  2.35512289078e-23
2517.85082359  2.36690003455e-23
2616.35494852  2.37740317217e-23
2718.71278176  2.38672285964e-23
2825.07508925  2.39494305573e-23
2935.59853524  2.40214176923e-23
3050.44591308  2.40839162496e-23
3169.78638492  2.41376036003e-23
3293.79573097  2.41831125954e-23
3422.65660832  2.42210353987e-23
3556.55882008  2.42519268634e-23
3695.69959484  2.42763075106e-23
3840.28387728  2.42946661611e-23
3990.52462994  2.43074622642e-23
4146.64314697  2.43151279619e-23
4308.86938006  2.43180699235e-23
4477.44227714  2.43166709782e-23
4652.61013431  2.43112915742e-23
4834.63096161  2.4302271086e-23
5023.77286302  2.42899289918e-23
5220.31443137  2.42745659369e-23
5424.54515866  2.42564647016e-23
5636.76586253  2.42358910859e-23
5857.28912925  2.42130947234e-23
6086.43977422  2.41883098363e-23
6324.55532034  2.41617559386e-23
6571.9864952  2.41336384981e-23
6829.09774767  2.41041495612e-23
7096.26778467  2.40734683488e-23
7373.89012904  2.40417618261e-23
7662.37369911  2.40091852512e-23
7962.14341107  2.39758827057e-23
8273.64080478  2.39419876095e-23
8597.32469416  2.39076232218e-23
8933.67184302  2.38729031297e-23
9283.17766723  2.3837931726e-23
9646.35696448  2.38028046755e-23
10023.7446725  2.37676093719e-23
10415.8966572  2.37324253841e-23
10823.3905309  2.3697324892e-23
11246.8265038  2.36623731121e-23
11686.8282675  2.3627628712e-23
12144.0439138  2.35931442138e-23
12619.1468896  2.35589663858e-23
13112.8369884  2.35251366215e-23
13625.8413812  2.34916913063e-23
14158.9156877  2.34586621714e-23
14712.8450892  2.34260766333e-23
15288.4454851  2.33939581202e-23
15886.5646945  2.33623263842e-23
16508.0837054  2.33311977988e-23
17153.9179718  2.33005856427e-23
17825.0187627  2.32705003683e-23
18522.3745626  2.32409498561e-23
19247.012528  2.32119396551e-23
20000  2.31834732088e-23

