0.964635696448 20 80
80
0.964635696448  0
1.00237446725  4.52108100456e-39
1.04158966572  3.01599391115e-38
1.08233905309  5.94378952506e-38
1.12468265038  8.98612724853e-38
1.16868282675  1.21474882328e-37
1.21440439138  1.5432528942e-37
1.26191468896  1.8846088012e-37
1.31128369884  2.2393193377e-37
1.36258413812  2.60790696759e-37
1.41589156877  2.99091459473e-37
1.47128450892  3.38890636262e-37
1.52884454851  3.80246848538e-37
1.58865646945  4.23221011117e-37
1.65080837054  4.6787642194e-37
1.71539179718  5.14278855314e-37
1.78250187627  5.62496658785e-37
1.85223745626  6.12600853814e-37
1.9247012528  6.64665240384e-37
2  5.53577604568e-34
2.07824460767  4.37225614894e-33
2.15955032466  8.87029223281e-33
2.2440369086  1.3544301851e-32
2.33182880236  1.84011694937e-32
2.42305531726  2.34480489879e-32
2.51785082359  2.86923740351e-32
2.61635494852  3.41418691602e-32
2.71871278176  3.98045610894e-32
2.82507508925  4.56887905727e-32
2.93559853524  5.18032246697e-32
3.05044591308  1.89233762435e-30
3.16978638492  6.11605327861e-30
3.29379573097  1.05126469719e-29
3.42265660832  1.50812455395e-29
3.55655882008  1.98285782084e-29
3.69569959484  2.47616374684e-29
3.84028387728  2.98876893716e-29
3.99052462994  7.26661939095e-29
4.14664314697  4.01121173599e-28
4.30886938006  8.01372257626e-28
4.47744227714  1.21728208617e-27
4.65261013431  1.6494632654e-27
4.83463096161  2.09855236803e-27
5.02377286302  4.35755378105e-27
5.22031443137  1.33467788106e-26
5.42454515866  2.33124658157e-26
5.63676586253  3.36680334558e-26
5.85728912925  4.44287347594e-26
6.08643977422  9.01112299493e-26
6.32455532034  1.91905542648e-25
6.5719864952  2.9835278704e-25
6.82909774767  4.0896449287e-25
7.09626778467  6.94456483585e-25
7.37389012904  1.27595593864e-24
7.66237369911  1.88466064406e-24
7.96214341107  2.61008559058e-24
8.27364080478  4.30094241508e-24
8.59732469416  6.30151394006e-24
8.93367184302  8.46306063817e-24
9.28317766723  1.19169500354e-23
9.64635696448  1.590545522e-23
10.0237446725  2.01880263079e-23
10.4158966572  2.52774569383e-23
10.8233905309  3.06458387453e-23
11.2468265038  3.612019501e-23
11.6868282675  4.17329191691e-23
12.1440439138  4.73493017809e-23
12.6191468896  5.27642308916e-23
13.1128369884  5.8165611582e-23
13.6258413812  6.32186295463e-23
14.1589156877  6.82037382901e-23
14.7128450892  7.28956387564e-23
15.2884454851  7.74256484228e-23
15.8865646945  8.17722753902e-23
16.5080837054  8.58380278085e-23
17.1539179718  8.97692209044e-23
17.8250187627  9.34656645455e-23
18.5223745626  9.72742368982e-23
19.247012528  1.01255260619e-22
20  1.05392031159e-22

