2.93559853524 20 51
51
2.93559853524  0
3.05044591308  1.36823746737e-42
3.16978638492  4.51406297981e-42
3.29379573097  7.78865704595e-42
3.42265660832  1.11913607761e-41
3.55655882008  1.47271861154e-41
3.69569959484  1.8401341088e-41
3.84028387728  2.22192374677e-41
3.99052462994  4.97681342297e-39
4.14664314697  4.7666514312e-38
4.30886938006  9.98182094037e-38
4.47744227714  1.54010198956e-37
4.65261013431  2.1032230399e-37
4.83463096161  2.68837468306e-37
5.02377286302  9.61467903546e-36
5.22031443137  5.37335124087e-35
5.42454515866  1.02814995316e-34
5.63676586253  1.53816658911e-34
5.85728912925  2.06813625085e-34
6.08643977422  3.22296116466e-33
6.32455532034  1.10195883561e-32
6.5719864952  1.91787844199e-32
6.82909774767  2.76571870311e-32
7.09626778467  1.85104145105e-31
7.37389012904  5.96947435566e-31
7.66237369911  1.02878608531e-30
7.96214341107  2.1676538061e-30
8.27364080478  1.03117628145e-29
8.59732469416  2.05837545331e-29
8.93367184302  3.74308670218e-29
9.28317766723  1.45084405768e-28
9.64635696448  2.86767253385e-28
10.0237446725  6.11162825495e-28
10.4158966572  1.76887064849e-27
10.8233905309  3.09965498497e-27
11.2468265038  8.48625063534e-27
11.6868282675  1.70003832638e-26
12.1440439138  3.70919969997e-26
12.6191468896  7.99028147871e-26
13.1128369884  1.60006909154e-25
13.6258413812  3.34729714043e-25
14.1589156877  6.53303280888e-25
14.7128450892  1.25750806195e-24
15.2884454851  2.40732047696e-24
15.8865646945  4.20603483282e-24
16.5080837054  7.38511702076e-24
17.1539179718  1.16851860041e-23
17.8250187627  1.76483522836e-23
18.5223745626  2.70581407121e-23
19.247012528  3.80940663642e-23
20  4.95617428527e-23

