3.84028387728 20 44
44
3.84028387728  0
3.99052462994  7.81771897381e-41
4.14664314697  7.52241023319e-40
4.30886938006  1.57572017721e-39
4.47744227714  2.43141573276e-39
4.65261013431  3.32058806983e-39
4.83463096161  4.24454687723e-39
5.02377286302  3.01156064811e-37
5.22031443137  1.70638417774e-36
5.42454515866  3.26975209793e-36
5.63676586253  4.89428257291e-36
5.85728912925  6.58236842271e-36
6.08643977422  1.64453956035e-34
6.32455532034  5.74322753273e-34
6.5719864952  1.00326061633e-33
6.82909774767  1.44897951679e-33
7.09626778467  1.33090305798e-32
7.37389012904  4.46668916331e-32
7.66237369911  7.7549285485e-32
7.96214341107  1.82259751685e-31
8.27364080478  1.00254857325e-30
8.59732469416  2.03986192838e-30
8.93367184302  3.90759911373e-30
9.28317766723  1.73823706967e-29
9.64635696448  3.51993474449e-29
10.0237446725  8.08185839803e-29
10.4158966572  2.5376945496e-28
10.8233905309  4.53641216757e-28
11.2468265038  1.37278462244e-27
11.6868282675  2.84619250071e-27
12.1440439138  6.66956476814e-27
12.6191468896  1.51138914252e-26
13.1128369884  3.22237456079e-26
13.6258413812  7.14566533432e-26
14.1589156877  1.49770144449e-25
14.7128450892  3.06392979726e-25
15.2884454851  6.47369221252e-25
15.8865646945  1.22124722002e-24
16.5080837054  2.44408026121e-24
17.1539179718  4.36759859167e-24
17.8250187627  7.57248675144e-24
18.5223745626  1.63574851194e-23
19.247012528  2.7529251504e-23
20  3.91380831276e-23

