2.93559853524 20 51
51
2.93559853524  0
3.05044591308  1.02770465374e-39
3.16978638492  3.39058361014e-39
3.29379573097  5.8501826499e-39
3.42265660832  8.4060068706e-39
3.55655882008  1.1061820823e-38
3.69569959484  1.38215363358e-38
3.84028387728  1.66892182774e-38
3.99052462994  1.04229244913e-36
4.14664314697  9.8627104714e-36
4.30886938006  2.06377276242e-35
4.47744227714  3.18342882719e-35
4.65261013431  4.34688841672e-35
4.83463096161  5.55586522581e-35
5.02377286302  8.63220852419e-34
5.22031443137  4.64886346771e-33
5.42454515866  8.8597684113e-33
5.63676586253  1.32354136575e-32
5.85728912925  1.77822442265e-32
6.08643977422  1.57212779785e-31
6.32455532034  5.14204529541e-31
6.5719864952  8.87780550179e-31
6.82909774767  1.2759717254e-30
7.09626778467  5.88664615918e-30
7.37389012904  1.7704256104e-29
7.66237369911  3.00941127433e-29
7.96214341107  5.64924549274e-29
8.27364080478  2.20324049537e-28
8.59732469416  4.26019207537e-28
8.93367184302  7.29725138609e-28
9.28317766723  2.35903901193e-27
9.64635696448  4.48663113497e-27
10.0237446725  8.70188816989e-27
10.4158966572  2.23662386837e-26
10.8233905309  3.79531637479e-26
11.2468265038  9.00101917302e-26
11.6868282675  1.70228675795e-25
12.1440439138  3.33050976465e-25
12.6191468896  6.57247712034e-25
13.1128369884  1.18558355969e-24
13.6258413812  2.22380952745e-24
14.1589156877  3.80457249332e-24
14.7128450892  6.43121788049e-24
15.2884454851  1.02088797251e-23
15.8865646945  1.52271805379e-23
16.5080837054  2.15788852566e-23
17.1539179718  2.87050765111e-23
17.8250187627  3.65066787475e-23
18.5223745626  4.58525366409e-23
19.247012528  5.6091232836e-23
20  6.67304904146e-23

