0.964635696448 20 80
80
0.964635696448  0
1.00237446725  9.39524458044e-38
1.04158966572  6.26752770406e-37
1.08233905309  1.23517707969e-36
1.12468265038  1.86740434966e-36
1.16868282675  2.52436580698e-36
1.21440439138  3.20702911005e-36
1.26191468896  3.91639977427e-36
1.31128369884  4.65352265315e-36
1.36258413812  5.41948347726e-36
1.41589156877  6.21541045345e-36
1.47128450892  7.04247592665e-36
1.52884454851  7.90189810657e-36
1.58865646945  8.79494286214e-36
1.65080837054  9.72292558597e-36
1.71539179718  1.06872131319e-35
1.78250187627  1.16892258282e-35
1.85223745626  1.27304395696e-35
1.9247012528  1.38123879913e-35
2  4.90884641229e-33
2.07824460767  3.87124823911e-32
2.15955032466  7.85298216169e-32
2.2440369086  1.19904906886e-31
2.33182880236  1.62898680812e-31
2.42305531726  2.07574470224e-31
2.51785082359  2.53998079445e-31
2.61635494852  3.0223788721e-31
2.71871278176  3.52364947391e-31
2.82507508925  4.04453093651e-31
2.93559853524  4.58579048196e-31
3.05044591308  1.01646561436e-29
3.16978638492  3.24098135553e-29
3.29379573097  5.55654295426e-29
3.42265660832  7.96269465739e-29
3.55655882008  1.04629805585e-28
3.69569959484  1.30610834044e-28
3.84028387728  1.57608300191e-28
3.99052462994  3.21250496547e-28
4.14664314697  1.51948083816e-27
4.30886938006  2.97799376838e-27
4.47744227714  4.49356708459e-27
4.65261013431  6.06843312057e-27
4.83463096161  7.70491154411e-27
5.02377286302  1.42461243543e-26
5.22031443137  3.89813644721e-26
5.42454515866  6.63717007239e-26
5.63676586253  9.48336100326e-26
5.85728912925  1.24409014805e-25
6.08643977422  2.27995187164e-25
6.32455532034  4.50348573652e-25
6.5719864952  6.82816807368e-25
6.82909774767  9.24379733955e-25
7.09626778467  1.45571377108e-24
7.37389012904  2.47599492392e-24
7.66237369911  3.54351513214e-24
7.96214341107  4.76301516762e-24
8.27364080478  7.14186146145e-24
8.59732469416  9.9027174535e-24
8.93367184302  1.28354085629e-23
9.28317766723  1.68148485488e-23
9.64635696448  2.12582521753e-23
10.0237446725  2.59204566668e-23
10.4158966572  3.09733263174e-23
10.8233905309  3.62484709895e-23
11.2468265038  4.146478311e-23
11.6868282675  4.66919604114e-23
12.1440439138  5.18904589529e-23
12.6191468896  5.68375004776e-23
13.1128369884  6.17694333079e-23
13.6258413812  6.63806406759e-23
14.1589156877  7.09211487998e-23
14.7128450892  7.5176031037e-23
15.2884454851  7.92796296818e-23
15.8865646945  8.32143322117e-23
16.5080837054  8.69136444946e-23
17.1539179718  9.0494333638e-23
17.8250187627  9.38532396122e-23
18.5223745626  9.76445658689e-23
19.247012528  1.01719140926e-22
20  1.05953122746e-22

