0.964635696448 20000 260
260
0.964635696448  0
1.00237446725  4.56490151369e-26
1.04158966572  2.03349313372e-25
1.08233905309  3.72125015826e-25
1.12468265038  5.47503612591e-25
1.16868282675  7.29743424106e-25
1.21440439138  9.19112876897e-25
1.26191468896  1.11589089896e-24
1.31128369884  1.32036733058e-24
1.36258413812  1.5328433513e-24
1.41589156877  1.75363192345e-24
1.47128450892  1.98305825321e-24
1.52884454851  2.22146026954e-24
1.58865646945  2.469189122e-24
1.65080837054  2.72660969789e-24
1.71539179718  2.99410115976e-24
1.78250187627  3.27205750388e-24
1.85223745626  3.56088814054e-24
1.9247012528  3.86101849713e-24
2  4.29634520405e-24
2.07824460767  5.47312502989e-24
2.15955032466  6.81428484843e-24
2.2440369086  8.20791392889e-24
2.33182880236  9.65606498966e-24
2.42305531726  1.11608710562e-23
2.51785082359  1.2724548603e-23
2.61635494852  1.43494008178e-23
2.71871278176  1.60378209946e-23
2.82507508925  1.77922960586e-23
2.93559853524  1.96154102291e-23
3.05044591308  2.16015507244e-23
3.16978638492  2.37809433808e-23
3.29379573097  2.60459806968e-23
3.42265660832  2.83996314909e-23
3.55655882008  3.08453625264e-23
3.69569959484  3.33867761947e-23
3.84028387728  3.60276158206e-23
3.99052462994  3.86909839876e-23
4.14664314697  4.08459291039e-23
4.30886938006  4.29580283257e-23
4.47744227714  4.51527577349e-23
4.65261013431  4.7433350015e-23
4.83463096161  4.98031643192e-23
5.02377286302  5.21555935597e-23
5.22031443137  5.41920687432e-23
5.42454515866  5.62698372009e-23
5.63676586253  5.84288927475e-23
5.85728912925  6.06724155212e-23
6.08643977422  6.27500034019e-23
6.32455532034  6.45093874503e-23
6.5719864952  6.63326720109e-23
6.82909774767  6.82272876641e-23
7.09626778467  7.00156702582e-23
7.37389012904  7.15728101235e-23
7.66237369911  7.31861571638e-23
7.96214341107  7.48292769527e-23
8.27364080478  7.62003611749e-23
8.59732469416  7.75376673774e-23
8.93367184302  7.89030870263e-23
9.28317766723  7.99684615513e-23
9.64635696448  8.09586023447e-23
10.0237446725  8.19239956588e-23
10.4158966572  8.26331096438e-23
10.8233905309  8.3332069526e-23
11.2468265038  8.39142351139e-23
11.6868282675  8.44141684025e-23
12.1440439138  8.48847971891e-23
12.6191468896  8.52785263722e-23
13.1128369884  8.56620092829e-23
13.6258413812  8.60000311837e-23
14.1589156877  8.63312485609e-23
14.7128450892  8.66405767279e-23
15.2884454851  8.6934310373e-23
15.8865646945  8.72094608051e-23
16.5080837054  8.74447725793e-23
17.1539179718  8.76502140832e-23
17.8250187627  8.78037104394e-23
18.5223745626  8.89038204159e-23
19.247012528  9.03731927271e-23
20  9.19000502684e-23
20.7824460767  9.34866419943e-23
21.5955032466  9.51353048438e-23
22.440369086  9.68484671822e-23
23.3182880236  9.86286523782e-23
24.2305531726  9.99529920673e-23
25.1785082359  9.97019919342e-23
26.1635494852  9.94224833251e-23
27.1871278176  9.91153334356e-23
28.2507508925  9.87813751965e-23
29.3559853524  9.84214088318e-23
30.5044591308  9.80362033908e-23
31.6978638492  9.76264982537e-23
32.9379573097  9.71930046163e-23
34.2265660832  9.67364069545e-23
35.5655882008  9.62573644734e-23
36.9569959484  9.57565125433e-23
38.4028387728  9.52344641261e-23
39.9052462994  9.46918111952e-23
41.4664314697  9.41291261531e-23
43.0886938006  9.3546963249e-23
44.7744227714  9.29458600019e-23
46.5261013431  9.23263386313e-23
48.3463096161  9.16889074997e-23
50.2377286302  9.10340625723e-23
52.2031443137  9.03622888952e-23
54.2454515866  8.96740620993e-23
56.3676586253  8.8969849931e-23
58.5728912925  8.82501138158e-23
60.8643977422  8.75153104579e-23
63.2455532034  8.67658934802e-23
65.719864952  8.60023151072e-23
68.2909774767  8.52250278963e-23
70.9626778467  8.44344865189e-23
73.7389012904  8.36311495946e-23
76.6237369911  8.28154815815e-23
79.6214341107  8.19879547226e-23
82.7364080478  8.11490510503e-23
85.9732469416  8.02992644481e-23
89.3367184302  7.94391027669e-23
92.8317766723  7.85690899952e-23
96.4635696448  7.7689768475e-23
100.237446725  7.68017011592e-23
104.158966572  7.59054738991e-23
108.233905309  7.50016977504e-23
112.468265038  7.4091011282e-23
116.868282675  7.31740828691e-23
121.440439138  7.22516129456e-23
126.191468896  7.13243361907e-23
131.128369884  7.03930236146e-23
136.258413812  6.94584845076e-23
141.589156877  6.8521568208e-23
147.128450892  6.75831656402e-23
152.884454851  6.66442105682e-23
158.865646945  6.57056805048e-23
165.080837054  6.47685972087e-23
171.539179718  6.38340267015e-23
178.250187627  6.29030787284e-23
185.223745626  6.19769055873e-23
192.47012528  6.10567002486e-23
200  6.01436936898e-23
207.824460767  5.9239151375e-23
215.955032466  5.8344368814e-23
224.40369086  5.74606661506e-23
233.182880236  5.65893817418e-23
242.305531726  5.57318647109e-23
251.785082359  5.4889466481e-23
261.635494852  5.40635313228e-23
271.871278176  5.32553859821e-23
282.507508925  5.24663284889e-23
293.559853524  5.1697616282e-23
305.044591308  5.09972042008e-23
316.978638492  5.02714573989e-23
329.379573097  4.9569525099e-23
342.265660832  4.88923707152e-23
355.655882008  4.82408548073e-23
369.569959484  4.76157238628e-23
384.028387728  4.70176001701e-23
399.052462994  4.64469730687e-23
414.664314697  4.59041918404e-23
430.886938006  4.5389460473e-23
447.744227714  4.49028344844e-23
465.261013431  4.44442199481e-23
483.463096161  4.40133748035e-23
502.377286302  4.36099124852e-23
522.031443137  4.32333078498e-23
542.454515866  4.28829053404e-23
563.676586253  4.25579292977e-23
585.728912925  4.22574963175e-23
608.643977422  4.19806295763e-23
632.455532034  4.17262751142e-23
657.19864952  4.14933202099e-23
682.909774767  4.12806143002e-23
709.626778467  4.1086993619e-23
737.389012904  4.09113128743e-23
766.237369911  4.07540557296e-23
796.214341107  4.06236786145e-23
827.364080478  4.05211625207e-23
859.732469416  4.04459057638e-23
893.367184302  4.01381523892e-23
928.317766723  4.01378982282e-23
964.635696448  4.0160549078e-23
1002.37446725  4.0206353305e-23
1041.58966572  4.02755020642e-23
1082.33905309  4.03681277713e-23
1124.68265038  4.04843030686e-23
1168.68282675  4.06240403014e-23
1214.40439138  4.07872915153e-23
1261.91468896  4.09739489726e-23
1311.28369884  4.11838461783e-23
1362.58413812  4.14167593953e-23
1415.89156877  4.23895242211e-23
1471.28450892  4.30046553357e-23
1528.84454851  4.35703952467e-23
1588.65646945  4.40919980476e-23
1650.80837054  4.4574156556e-23
1715.39179718  4.50210879128e-23
1782.50187627  4.54366025176e-23
1852.23745626  4.58241599828e-23
1924.7012528  4.61869148776e-23
2000  4.65277543672e-23
2078.24460767  4.68493293652e-23
2159.55032466  4.71540804572e-23
2244.0369086  4.73582684789e-23
2331.82880236  4.75964759905e-23
2423.05531726  4.78104199449e-23
2517.85082359  4.80019043262e-23
2616.35494852  4.81725832621e-23
2718.71278176  4.83239779211e-23
2825.07508925  4.8457491049e-23
2935.59853524  4.85744195211e-23
3050.44591308  4.86759652138e-23
3169.78638492  4.87632444484e-23
3293.79573097  4.88372962149e-23
3422.65660832  4.88990893483e-23
3556.55882008  4.89495288036e-23
3695.69959484  4.89894611538e-23
3840.28387728  4.90196794139e-23
3990.52462994  4.90409272832e-23
4146.64314697  4.90539028818e-23
4308.86938006  4.90592620491e-23
4477.44227714  4.90576212633e-23
4652.61013431  4.9049560231e-23
4834.63096161  4.90356241947e-23
5023.77286302  4.90163259932e-23
5220.31443137  4.89921479125e-23
5424.54515866  4.89635433556e-23
5636.76586253  4.89309383569e-23
5857.28912925  4.88947329651e-23
6086.43977422  4.88553025146e-23
6324.55532034  4.88129988009e-23
6571.9864952  4.87681511768e-23
6829.09774767  4.87210675809e-23
7096.26778467  4.86720355096e-23
7373.89012904  4.86213229412e-23
7662.37369911  4.85691792202e-23
7962.14341107  4.85158359078e-23
8273.64080478  4.8461507603e-23
8597.32469416  4.84063927391e-23
8933.67184302  4.83506743581e-23
9283.17766723  4.8294520865e-23
9646.35696448  4.82380867647e-23
10023.7446725  4.81815133804e-23
10415.8966572  4.8124929557e-23
10823.3905309  4.80684523464e-23
11246.8265038  4.80121876775e-23
11686.8282675  4.79562310082e-23
12144.0439138  4.79006679609e-23
12619.1468896  4.7845574939e-23
13112.8369884  4.77910197254e-23
13625.8413812  4.77370620614e-23
14158.9156877  4.76837542051e-23
14712.8450892  4.76311414695e-23
15288.4454851  4.75792627397e-23
15886.5646945  4.75281509676e-23
16508.0837054  4.74778336452e-23
17153.9179718  4.74283332551e-23
17825.0187627  4.73796676994e-23
18522.3745626  4.73318507054e-23
19247.012528  4.7284892209e-23
20000  4.72387987165e-23

