0.964635696448 20 80
80
0.964635696448  0
1.00237446725  6.05924692186e-41
1.04158966572  4.04209785316e-40
1.08233905309  7.96599051147e-40
1.12468265038  1.20433948906e-39
1.16868282675  1.62803167226e-39
1.21440439138  2.0682996698e-39
1.26191468896  2.52579196569e-39
1.31128369884  3.0011824142e-39
1.36258413812  3.49517123227e-39
1.41589156877  4.00848603097e-39
1.47128450892  4.54188288718e-39
1.52884454851  5.09614745728e-39
1.58865646945  5.67209613428e-39
1.65080837054  6.27057725043e-39
1.71539179718  6.89247232664e-39
1.78250187627  7.53869737097e-39
1.85223745626  8.21020422783e-39
1.9247012528  8.90798197998e-39
2  2.4452638746e-35
2.07824460767  1.93282396666e-34
2.15955032466  3.92147855557e-34
2.2440369086  5.98793389353e-34
2.33182880236  8.13523372509e-34
2.42305531726  1.03665408731e-33
2.51785082359  1.26851418973e-33
2.61635494852  1.50944519352e-33
2.71871278176  1.75980197325e-33
2.82507508925  2.01995328697e-33
2.93559853524  2.29028231944e-33
3.05044591308  1.63707307238e-31
3.16978638492  5.34480298357e-31
3.29379573097  9.20429668084e-31
3.42265660832  1.32147826632e-30
3.55655882008  1.73821680967e-30
3.69569959484  2.17125912492e-30
3.84028387728  2.62124305322e-30
3.99052462994  8.37459399647e-30
4.14664314697  5.44356799238e-29
4.30886938006  1.10618132076e-28
4.47744227714  1.68998571191e-28
4.65261013431  2.29662987584e-28
4.83463096161  2.92700735707e-28
5.02377286302  7.25694922367e-28
5.22031443137  2.53742951854e-27
5.42454515866  4.54814471763e-27
5.63676586253  6.63752372766e-27
5.85728912925  8.80864405816e-27
6.08643977422  2.08303823061e-26
6.32455532034  4.86993735353e-26
6.5719864952  7.78484543277e-26
6.82909774767  1.08137914315e-25
7.09626778467  2.05662125755e-25
7.37389012904  4.17310620387e-25
7.66237369911  6.38964825194e-25
7.96214341107  9.21488619698e-25
8.27364080478  1.74153326255e-24
8.59732469416  2.73050286169e-24
8.93367184302  3.8347395661e-24
9.28317766723  6.10041160557e-24
9.64635696448  8.82459588141e-24
10.0237446725  1.19184008346e-23
10.4158966572  1.63516204623e-23
10.8233905309  2.11138673704e-23
11.2468265038  2.6425405039e-23
11.6868282675  3.22091801272e-23
12.1440439138  3.81210504434e-23
12.6191468896  4.40726991917e-23
13.1128369884  5.00655265095e-23
13.6258413812  5.5805530863e-23
14.1589156877  6.15011391657e-23
14.7128450892  6.69165709702e-23
15.2884454851  7.2138919688e-23
15.8865646945  7.71431507875e-23
16.5080837054  8.18480888975e-23
17.1539179718  8.6416828519e-23
17.8250187627  9.0740973819e-23
18.5223745626  9.54638928562e-23
19.247012528  1.00489847073e-22
20  1.05712428199e-22

