106 247 128
1.00000000E-05 1.16591440E-05 1.35935639E-05 1.58489319E-05 1.84784980E-05
2.15443469E-05 2.51188643E-05 2.92864456E-05 3.41454887E-05 3.98107171E-05
4.64158883E-05 5.41169527E-05 6.30957344E-05 7.35642254E-05 8.57695899E-05
1.00000000E-04 1.16591440E-04 1.35935639E-04 1.58489319E-04 1.84784980E-04
2.15443469E-04 2.51188643E-04 2.92864456E-04 3.41454887E-04 3.98107171E-04
4.64158883E-04 5.41169527E-04 6.30957344E-04 7.35642254E-04 8.57695899E-04
1.00000000E-03 1.16591440E-03 1.35935639E-03 1.58489319E-03 1.84784980E-03
2.15443469E-03 2.51188643E-03 2.92864456E-03 3.41454887E-03 3.98107171E-03
4.64158883E-03 5.41169527E-03 6.30957344E-03 7.35642254E-03 8.57695899E-03
1.00000000E-02 1.16591440E-02 1.35935639E-02 1.58489319E-02 1.84784980E-02
2.15443469E-02 2.51188643E-02 2.92864456E-02 3.41454887E-02 3.98107171E-02
4.64158883E-02 5.41169527E-02 6.30957344E-02 7.35642254E-02 8.57695899E-02
1.00000000E-01 1.16591440E-01 1.35935639E-01 1.58489319E-01 1.84784980E-01
2.15443469E-01 2.51188643E-01 2.92864456E-01 3.41454887E-01 3.98107171E-01
4.64158883E-01 5.41169527E-01 6.30957344E-01 7.35642254E-01 8.57695899E-01
1.00000000E+00 1.16591440E+00 1.35935639E+00 1.58489319E+00 1.84784980E+00
2.15443469E+00 2.51188643E+00 2.92864456E+00 3.41454887E+00 3.98107171E+00
4.64158883E+00 5.41169527E+00 6.30957344E+00 7.35642254E+00 8.57695899E+00
1.00000000E+01 1.16591440E+01 1.35935639E+01 1.58489319E+01 1.84784980E+01
2.15443469E+01 2.51188643E+01 2.92864456E+01 3.41454887E+01 3.98107171E+01
4.64158883E+01 5.41169527E+01 6.30957344E+01 7.35642254E+01 8.57695899E+01
1.00000000E+02 
0.000E+00 1.000E-04 5.000E-04 1.000E-03 2.500E-03 5.000E-03 7.500E-03
1.000E-02 2.000E-02 3.000E-02 4.000E-02 5.000E-02 6.000E-02 7.000E-02
8.000E-02 9.000E-02 1.000E-01 2.000E-01 3.000E-01 4.000E-01 5.000E-01
6.000E-01 7.000E-01 8.000E-01 9.000E-01 1.000E+00 1.250E+00 1.500E+00
1.750E+00 2.000E+00 2.250E+00 2.500E+00 2.750E+00 3.000E+00 3.250E+00
3.500E+00 3.750E+00 4.000E+00 4.250E+00 4.500E+00 4.750E+00 5.000E+00
5.250E+00 5.500E+00 5.750E+00 6.000E+00 6.250E+00 6.500E+00 6.750E+00
7.000E+00 7.250E+00 7.500E+00 7.750E+00 8.000E+00 8.250E+00 8.500E+00
8.750E+00 9.000E+00 9.250E+00 9.500E+00 9.750E+00 1.000E+01 1.050E+01
1.100E+01 1.150E+01 1.200E+01 1.250E+01 1.300E+01 1.350E+01 1.400E+01
1.450E+01 1.500E+01 1.550E+01 1.600E+01 1.650E+01 1.700E+01 1.750E+01
1.800E+01 1.850E+01 1.900E+01 1.950E+01 2.000E+01 2.050E+01 2.100E+01
2.150E+01 2.200E+01 2.250E+01 2.300E+01 2.350E+01 2.400E+01 2.450E+01
2.500E+01 2.600E+01 2.700E+01 2.800E+01 2.900E+01 3.000E+01 3.100E+01
3.200E+01 3.300E+01 3.400E+01 3.500E+01 3.600E+01 3.700E+01 3.800E+01
3.900E+01 4.000E+01 4.100E+01 4.200E+01 4.300E+01 4.400E+01 4.500E+01
4.600E+01 4.700E+01 4.800E+01 4.900E+01 5.000E+01 5.100E+01 5.200E+01
5.300E+01 5.400E+01 5.500E+01 5.600E+01 5.700E+01 5.800E+01 5.900E+01
6.000E+01 6.100E+01 6.200E+01 6.300E+01 6.400E+01 6.500E+01 6.600E+01
6.700E+01 6.800E+01 6.900E+01 7.000E+01 7.100E+01 7.200E+01 7.300E+01
7.400E+01 7.500E+01 7.600E+01 7.700E+01 7.800E+01 7.900E+01 8.000E+01
8.100E+01 8.200E+01 8.300E+01 8.400E+01 8.500E+01 8.600E+01 8.700E+01
8.800E+01 8.900E+01 9.000E+01 9.100E+01 9.200E+01 9.300E+01 9.400E+01
9.500E+01 9.600E+01 9.700E+01 9.800E+01 9.900E+01 1.000E+02 1.010E+02
1.020E+02 1.030E+02 1.040E+02 1.050E+02 1.060E+02 1.070E+02 1.080E+02
1.090E+02 1.100E+02 1.110E+02 1.120E+02 1.130E+02 1.140E+02 1.150E+02
1.160E+02 1.170E+02 1.180E+02 1.190E+02 1.200E+02 1.210E+02 1.220E+02
1.230E+02 1.240E+02 1.250E+02 1.260E+02 1.270E+02 1.280E+02 1.290E+02
1.300E+02 1.310E+02 1.320E+02 1.330E+02 1.340E+02 1.350E+02 1.360E+02
1.370E+02 1.380E+02 1.390E+02 1.400E+02 1.410E+02 1.420E+02 1.430E+02
1.440E+02 1.450E+02 1.460E+02 1.470E+02 1.480E+02 1.490E+02 1.500E+02
1.510E+02 1.520E+02 1.530E+02 1.540E+02 1.550E+02 1.560E+02 1.570E+02
1.580E+02 1.590E+02 1.600E+02 1.610E+02 1.620E+02 1.630E+02 1.640E+02
1.650E+02 1.660E+02 1.670E+02 1.680E+02 1.690E+02 1.700E+02 1.710E+02
1.720E+02 1.730E+02 1.740E+02 1.750E+02 1.760E+02 1.770E+02 1.780E+02
1.790E+02 1.800E+02 
0.000E+00 1.000E-04 5.000E-04 1.000E-03 2.500E-03 5.000E-03 7.500E-03
1.000E-02 2.000E-02 3.000E-02 4.000E-02 5.000E-02 6.000E-02 7.000E-02
8.000E-02 9.000E-02 1.000E-01 2.000E-01 3.000E-01 4.000E-01 5.000E-01
6.000E-01 7.000E-01 8.000E-01 9.000E-01 1.000E+00 1.500E+00 2.000E+00
2.500E+00 3.000E+00 3.500E+00 4.000E+00 4.500E+00 5.000E+00 6.000E+00
7.000E+00 8.000E+00 9.000E+00 1.000E+01 1.200E+01 1.400E+01 1.600E+01
1.800E+01 2.000E+01 2.200E+01 2.400E+01 2.600E+01 2.800E+01 3.000E+01
3.200E+01 3.400E+01 3.600E+01 3.800E+01 4.000E+01 4.200E+01 4.400E+01
4.600E+01 4.800E+01 5.000E+01 5.200E+01 5.400E+01 5.600E+01 5.800E+01
6.000E+01 6.200E+01 6.400E+01 6.600E+01 6.800E+01 7.000E+01 7.200E+01
7.400E+01 7.600E+01 7.800E+01 8.000E+01 8.200E+01 8.400E+01 8.600E+01
8.800E+01 9.000E+01 9.200E+01 9.400E+01 9.600E+01 9.800E+01 1.000E+02
1.020E+02 1.040E+02 1.060E+02 1.080E+02 1.100E+02 1.120E+02 1.140E+02
1.160E+02 1.180E+02 1.200E+02 1.220E+02 1.240E+02 1.260E+02 1.280E+02
1.300E+02 1.320E+02 1.340E+02 1.360E+02 1.380E+02 1.400E+02 1.420E+02
1.440E+02 1.460E+02 1.480E+02 1.500E+02 1.520E+02 1.540E+02 1.560E+02
1.580E+02 1.600E+02 1.620E+02 1.640E+02 1.660E+02 1.680E+02 1.700E+02
1.720E+02 1.730E+02 1.740E+02 1.750E+02 1.760E+02 1.770E+02 1.780E+02
1.790E+02 1.800E+02 