1  	  1  	  1
3         0.002350        0.122887
5  	  0.299419  	  0.123867
6  	  0.44905  	  0.130611
10  	  0.0533252  	  0.145496
11  	  0.106433  	  0.14711
13  	  0.00239016  	  0.147794
14  	  0.0025376  	  0.148094
18  	  0.013838  	  0.151007
19  	  0.0293773  	  0.151447
21  	  0.000766416  	  0.151778
22  	  0.000822447  	  0.151858
29  	  0.00366295  	  0.152541
30  	  0.00775051  	  0.152674
32  	  0.000185795  	  0.152796
33  	  0.000197482  	  0.152816
43  	  0.00060839  	  0.152926
44  	  0.00105707  	  0.152949
-1  	  -1  	  -1
3  	  3  	  3
5  	  1.40529e-05  	  0.00098
6  	  0.0225749  	  0.007724
10  	  0.0916985  	  0.022609
11  	  0.0592836  	  0.024223
13  	  0.00517194  	  0.024907
14  	  0.0076537  	  0.025207
18  	  0.0255693  	  0.02812
19  	  0.0203183  	  0.02856
21  	  0.000962649  	  0.028891
22  	  0.00154679  	  0.028971
29  	  0.00684515  	  0.029654
30  	  0.00561178  	  0.029787
32  	  0.000204172  	  0.029909
33  	  0.000325661  	  0.029929
43  	  0.00114631  	  0.030039
44  	  0.000781228  	  0.030062
-1  	  -1  	  -1
5  	  5  	  5
6  	  0.000132426  	  0.006744
8  	  0.0125919  	  0.021173
11  	  0.000804908  	  0.023243
13  	  0.423224  	  0.023927
16  	  0.0035835  	  0.026923
19  	  0.00028057  	  0.02758
21  	  0.105372  	  0.027911
24  	  0.00088431  	  0.028423
27  	  0.001033  	  0.028587
30  	  7.36351e-05  	  0.028807
32  	  0.023813  	  0.028929
35  	  0.000142783  	  0.0290831
41  	  0.000229697  	  0.029032
44  	  9.54758e-06  	  0.029082
58  	  1.48995e-05  	  0.0290971
-1  	  -1  	  -1
6  	  6  	  6
8  	  0.0294716  	  0.014429
10  	  0.000400278  	  0.014885
11  	  0.000371345  	  0.016499
13  	  0.0411914  	  0.017183
14  	  0.361105  	  0.017483
16  	  0.00771652  	  0.020179
18  	  8.32627e-05  	  0.020396
19  	  0.000104371  	  0.020836
21  	  0.0087549  	  0.021167
22  	  0.0814091  	  0.021247
24  	  0.000159749  	  0.021679
25  	  0.000884263  	  0.021701
27  	  0.00213911  	  0.021843
29  	  1.82946e-05  	  0.02193
30  	  2.46599e-05  	  0.022063
32  	  0.00191393  	  0.022185
33  	  0.0177785  	  0.022205
35  	  2.62346e-05  	  0.0223391
36  	  0.000106926  	  0.022342
41  	  0.000433248  	  0.022288
43  	  3.19737e-06  	  0.022315
44  	  3.57874e-06  	  0.022338
58  	  2.99357e-05  	  0.0223531
-1  	  -1  	  -1
8  	  8  	  8
10  	  1.05462e-05  	  0.000456
11  	  0.00261066  	  0.00207
18  	  0.00421495  	  0.005967
19  	  0.00128925  	  0.006407
29  	  0.00123796  	  0.007501
30  	  0.000492507  	  0.007634
43  	  0.000212374  	  0.007886
44  	  7.10826e-05  	  0.007909
-1  	  -1  	  -1
10  	  10  	  10
13  	  0.00361315  	  0.002298
16  	  0.00142841  	  0.005294
21  	  0.00597918  	  0.006282
27  	  0.000408101  	  0.006958
32  	  0.00174979  	  0.0073
41  	  8.17568e-05  	  0.007403
58  	  6.17841e-06  	  0.00746815
-1  	  -1  	  -1
11  	  11  	  11
13  	  1.32381e-05  	  0.000684
14  	  0.000406602  	  0.000984
16  	  0.0033698  	  0.00368
21  	  0.00148169  	  0.004668
22  	  0.0107772  	  0.004748
27  	  0.000894755  	  0.005344
32  	  0.000359899  	  0.005686
33  	  0.00269273  	  0.005706
41  	  0.000181414  	  0.005789
58  	  1.18576e-05  	  0.00585415
-1  	  -1  	  -1
13  	  13  	  13
18  	  0.00302224  	  0.003213
19  	  0.000221784  	  0.003653
24  	  0.0632074  	  0.004496
29  	  0.000709084  	  0.004747
30  	  5.29766e-05  	  0.00488
35  	  0.00706365  	  0.0051561
43  	  0.000126162  	  0.005132
44  	  6.54456e-06  	  0.005155
-1  	  -1  	  -1
14  	  14  	  14
19  	  0.0017544  	  0.003353
24  	  0.00295674  	  0.004196
25  	  0.0579736  	  0.004218
30  	  0.000420389  	  0.00458
35  	  0.00032629  	  0.0048561
36  	  0.00629572  	  0.004859
44  	  6.35565e-05  	  0.004855
-1  	  -1  	  -1
16  	  16  	  16
18  	  1.09774e-05  	  0.000217
19  	  0.000830771  	  0.000657
29  	  0.00050925  	  0.001751
30  	  3.50794e-05  	  0.001884
43  	  9.54461e-05  	  0.002136
44  	  8.18868e-06  	  0.002159
-1  	  -1  	  -1
18  	  18  	  18
21  	  0.00121291  	  0.000771
27  	  0.000257648  	  0.001447
32  	  4.97159e-05  	  0.001789
41  	  5.43298e-05  	  0.001892
58  	  3.64987e-06  	  0.00195715
-1  	  -1  	  -1
19  	  19  	  19
21  	  9.44843e-06  	  0.000331
22  	  0.000179021  	  0.000411
27  	  0.000392095  	  0.001007
32  	  5.01895e-05  	  0.001349
33  	  0.000285481  	  0.001369
41  	  7.73633e-05  	  0.001452
58  	  5.15286e-06  	  0.00151715
-1  	  -1  	  -1
21  	  21  	  21
24  	  0.000515706  	  0.000512
29  	  0.00028575  	  0.000763
30  	  2.84174e-05  	  0.000896
35  	  0.000342517  	  0.0011721
43  	  3.86605e-05  	  0.001148
44  	  3.07346e-06  	  0.001171
-1  	  -1  	  -1
22  	  22  	  22
24  	  1.50867e-05  	  0.000432
25  	  0.000366665  	  0.000454
30  	  0.000204081  	  0.000816
35  	  2.11825e-05  	  0.0010921
36  	  0.000350425  	  0.001095
44  	  2.0717e-05  	  0.001091
-1  	  -1  	  -1
24  	  24  	  24
32  	  0.000245585  	  0.000506
33  	  1.5051e-05  	  0.000526
-1  	  -1  	  -1
25  	  25  	  25
33  	  0.000413679  	  0.000504
-1  	  -1  	  -1
27  	  27  	  27
29  	  1.04626e-06  	  8.7e-05
30  	  3.08852e-05  	  0.00022
43  	  3.00943e-06  	  0.000472
44  	  1.08053e-07  	  0.000495
-1  	  -1  	  -1
29  	  29  	  29
32  	  0.000178312  	  0.000255
41  	  1.81772e-05  	  0.000358
58  	  1.35531e-06  	  0.00042315
-1  	  -1  	  -1
30  	  30  	  30
32  	  1.68968e-06  	  0.000122
33  	  2.59978e-05  	  0.000142
41  	  1.50495e-05  	  0.000225
58  	  9.91388e-07  	  0.00029015
-1  	  -1  	  -1
-2  	  -2  	 -2
