2500
0.0205484  0.0526712  0.0873518  0.122808  0.158368  0.193706  0.228636  0.263046  0.29686  0.330025  0.362503  0.394267  0.425294  0.455567  0.485073  0.5138  0.541739  0.568883  0.595225  0.62076  0.645483  0.669391  0.692479  0.714746  0.736187  0.756801  0.776585  0.795538  0.813658  0.830944  0.847394  0.863007  0.877782  0.891718  0.904814  0.917068  0.928481  0.939052  0.94878  0.957663  0.965703  0.972898  0.979248  0.984752  0.98941  0.993222  0.996187  0.998305  0.999576  1  

0.0188564  0.0497495  0.0836856  0.118677  0.153949  0.189118  0.223964  0.258352  0.292191  0.325418  0.357987  0.389862  0.421018  0.451433  0.481091  0.509978  0.538083  0.565397  0.591912  0.617621  0.642518  0.666599  0.689859  0.712295  0.733903  0.75468  0.774624  0.793732  0.812003  0.829434  0.846024  0.861772  0.876675  0.890733  0.903944  0.916308  0.927824  0.93849  0.948306  0.957271  0.965385  0.972646  0.979055  0.98461  0.989312  0.993159  0.996152  0.99829  0.999573  1  

0.0171766  0.0466998  0.079765  0.114194  0.149105  0.184051  0.218776  0.253117  0.286966  0.320246  0.352902  0.384892  0.416184  0.446752  0.476576  0.505639  0.533928  0.561431  0.588139  0.614042  0.639136  0.663412  0.686867  0.709494  0.731292  0.752254  0.77238  0.791665  0.810108  0.827705  0.844455  0.860356  0.875406  0.889604  0.902948  0.915437  0.92707  0.937846  0.947763  0.956821  0.96502  0.972357  0.978833  0.984447  0.989199  0.993087  0.996111  0.998272  0.999568  1  

0.0155362  0.0435607  0.075622  0.10938  0.143845  0.178506  0.213062  0.247322  0.281158  0.314478  0.347216  0.379321  0.410754  0.441484  0.471486  0.500741  0.529231  0.556943  0.583864  0.609985  0.635297  0.659793  0.683466  0.70631  0.728321  0.749494  0.769825  0.789311  0.807948  0.825734  0.842666  0.858742  0.873959  0.888317  0.901812  0.914444  0.926211  0.937111  0.947144  0.956309  0.964604  0.972028  0.978581  0.984262  0.98907  0.993005  0.996065  0.998252  0.999563  1  

0.0139605  0.0403775  0.0713011  0.10427  0.138195  0.172494  0.206824  0.240961  0.274754  0.308095  0.340903  0.373119  0.404695  0.435594  0.465786  0.495247  0.523956  0.551896  0.579052  0.605414  0.630969  0.655709  0.679626  0.702713  0.724963  0.746372  0.766935  0.786647  0.805504  0.823503  0.84064  0.856914  0.872321  0.886859  0.900526  0.913319  0.925238  0.936281  0.946445  0.95573  0.964135  0.971657  0.978298  0.984054  0.988926  0.992913  0.996014  0.998229  0.999558  1  

0.0124722  0.0372004  0.0668584  0.0989163  0.132195  0.166049  0.200086  0.234049  0.267761  0.301095  0.333957  0.366274  0.397991  0.429063  0.459453  0.489132  0.518075  0.546262  0.573676  0.6003  0.626123  0.651133  0.67532  0.698677  0.721195  0.742867  0.763689  0.783654  0.802757  0.820996  0.838364  0.854861  0.870481  0.885222  0.899082  0.912058  0.924147  0.935349  0.945661  0.955082  0.96361  0.971243  0.977981  0.983822  0.988766  0.992811  0.995958  0.998204  0.999552  1  

0.0110894  0.0340818  0.0623607  0.093386  0.12591  0.159225  0.192892  0.226619  0.260204  0.293497  0.326388  0.358793  0.390643  0.421887  0.45248  0.482388  0.51158  0.540032  0.567721  0.594632  0.620746  0.646052  0.670537  0.69419  0.717003  0.738968  0.760076  0.780323  0.799701  0.818206  0.835832  0.852576  0.868434  0.883402  0.897477  0.910657  0.922937  0.934317  0.944794  0.954366  0.96303  0.970787  0.977633  0.983568  0.988591  0.992701  0.995897  0.998178  0.999545  1  

0.00982559  0.0310737  0.0578828  0.0877631  0.119422  0.1521  0.185314  0.218738  0.25214  0.28535  0.31824  0.35071  0.382681  0.414092  0.44489  0.475032  0.504484  0.533215  0.5612  0.588416  0.614846  0.640473  0.665281  0.689259  0.712395  0.73468  0.756104  0.77666  0.796341  0.815139  0.83305  0.850068  0.866189  0.881407  0.89572  0.909124  0.921616  0.933192  0.94385  0.953587  0.962403  0.970294  0.977258  0.983296  0.988405  0.992584  0.995832  0.998151  0.999539  1  

0.00868909  0.028225  0.0535052  0.0821455  0.112836  0.14478  0.177456  0.210503  0.243661  0.27674  0.30959  0.342099  0.374173  0.40574  0.436738  0.467118  0.496836  0.525859  0.554154  0.581696  0.608462  0.634432  0.659589  0.683918  0.707404  0.730036  0.751803  0.772696  0.792706  0.811825  0.830046  0.847362  0.863769  0.879261  0.893833  0.907481  0.920201  0.93199  0.942845  0.952762  0.961739  0.969775  0.976867  0.983013  0.988212  0.992464  0.995768  0.998124  0.999533  1  

0.0076839  0.0255796  0.0493106  0.0766433  0.106281  0.137403  0.169456  0.202052  0.234905  0.267799  0.300569  0.333083  0.365236  0.396944  0.428134  0.458749  0.488738  0.51806  0.546677  0.57456  0.60168  0.628014  0.653541  0.678242  0.702102  0.725106  0.747241  0.768495  0.788859  0.808321  0.826875  0.844512  0.861226  0.877011  0.89186  0.905769  0.918733  0.930748  0.94181  0.951917  0.961064  0.969251  0.976474  0.982732  0.988024  0.99235  0.995708  0.9981  0.999528  1  

0.0068109  0.0231763  0.0453827  0.0713776  0.0999037  0.130134  0.161495  0.193573  0.226059  0.258718  0.291364  0.323849  0.356056  0.387885  0.419255  0.450098  0.480357  0.509981  0.538928  0.567161  0.594648  0.621361  0.647276  0.672369  0.696622  0.720017  0.742539  0.764174  0.784909  0.804734  0.823638  0.841612  0.858648  0.874738  0.889876  0.904056  0.917273  0.929521  0.940797  0.951096  0.960416  0.968754  0.976108  0.982476  0.987857  0.992251  0.995659  0.998082  0.999526  1  

0.00606978  0.0210505  0.0418072  0.0664818  0.0938777  0.123178  0.153799  0.185309  0.217382  0.249761  0.282245  0.31467  0.346903  0.378834  0.410369  0.441431  0.471954  0.501879  0.531158  0.559746  0.587608  0.614709  0.64102  0.666516  0.691173  0.714971  0.737891  0.759918  0.781036  0.801231  0.820493  0.83881  0.856173  0.872573  0.888002  0.902454  0.915921  0.928399  0.939883  0.950369  0.959854  0.968334  0.975809  0.982275  0.987734  0.992185  0.995631  0.998076  0.999527  1  

0.0054624  0.0192416  0.0386806  0.0621118  0.0884129  0.11679  0.146661  0.177584  0.209218  0.241292  0.273588  0.30593  0.338169  0.370184  0.401871  0.433141  0.463918  0.494139  0.523744  0.552686  0.58092  0.608409  0.635117  0.661015  0.686075  0.710275  0.733592  0.756007  0.777503  0.798065  0.817677  0.836329  0.854008  0.870706  0.886412  0.901119  0.91482  0.92751  0.939182  0.949833  0.95946  0.96806  0.975631  0.982172  0.987686  0.992173  0.995638  0.998087  0.999533  1  

0.005  0.0178106  0.0361367  0.0584796  0.0837953  0.111323  0.14049  0.170852  0.20206  0.233832  0.265939  0.29819  0.330427  0.362515  0.394341  0.425807  0.456828  0.48733  0.51725  0.546531  0.575123  0.602983  0.630071  0.656353  0.681798  0.706379  0.73007  0.752849  0.774697  0.795596  0.815529  0.834483  0.852445  0.869404  0.88535  0.900273  0.914168  0.927027  0.938845  0.949618  0.959344  0.96802  0.975646  0.982223  0.987753  0.992241  0.995694  0.998123  0.999547  1  

0.00472468  0.0168968  0.0344329  0.0559624  0.0805132  0.107363  0.135955  0.165853  0.196705  0.228224  0.260171  0.292349  0.324589  0.356748  0.388703  0.420347  0.451588  0.482345  0.512546  0.54213  0.571041  0.59923  0.626652  0.653269  0.679046  0.703952  0.727959  0.751042  0.773178  0.794348  0.814534  0.83372  0.851893  0.86904  0.88515  0.900215  0.914228  0.927181  0.93907  0.949891  0.959644  0.968327  0.975942  0.982491  0.987981  0.992419  0.995817  0.998191  0.999569  1  

0.00480297  0.0169491  0.0342967  0.0555337  0.0797484  0.106262  0.134548  0.164185  0.19483  0.2262  0.258055  0.290196  0.322449  0.354665  0.386717  0.418492  0.449891  0.480829  0.511229  0.541023  0.570152  0.598561  0.626203  0.653036  0.679021  0.704124  0.728315  0.751567  0.773856  0.795159  0.815459  0.834738  0.852982  0.870178  0.886315  0.901386  0.915382  0.928299  0.940133  0.950881  0.960545  0.969126  0.976628  0.983057  0.988423  0.992739  0.996022  0.998298  0.999601  1  

0.00606225  0.0200716  0.0388745  0.0611086  0.0859672  0.112874  0.141381  0.171123  0.201797  0.233146  0.264952  0.297025  0.3292  0.361335  0.393303  0.424994  0.456309  0.487162  0.517475  0.547179  0.576213  0.604521  0.632054  0.658768  0.684624  0.709586  0.733624  0.756709  0.778816  0.799925  0.820015  0.83907  0.857076  0.874022  0.889898  0.904695  0.918409  0.931037  0.942576  0.953028  0.962396  0.970684  0.977902  0.984059  0.98917  0.993255  0.996338  0.998452  0.999644  1  

0.00768928  0.0278165  0.0545853  0.0832812  0.1125  0.142187  0.17239  0.203081  0.234173  0.265556  0.297112  0.328722  0.360274  0.391662  0.422791  0.453569  0.483917  0.51376  0.543031  0.57167  0.599622  0.626837  0.65327  0.678882  0.703636  0.7275  0.750446  0.772448  0.793484  0.813534  0.832583  0.850615  0.86762  0.883587  0.89851  0.912385  0.925208  0.93698  0.947702  0.957379  0.966018  0.973628  0.980223  0.985817  0.99043  0.994089  0.996824  0.998676  0.999703  1  

0.00612618  0.023892  0.0515969  0.0878491  0.129703  0.173317  0.215007  0.253459  0.289251  0.32322  0.355934  0.387718  0.418749  0.449114  0.478848  0.507959  0.536435  0.564254  0.591392  0.617818  0.643504  0.668422  0.692543  0.715842  0.738295  0.75988  0.780578  0.800372  0.819246  0.837187  0.854185  0.870231  0.885318  0.899443  0.912602  0.924795  0.936025  0.946295  0.955611  0.963983  0.97142  0.977938  0.983552  0.988283  0.992156  0.9952  0.997451  0.998954  0.999771  1  

0.00456632  0.0179126  0.038514  0.0661637  0.101272  0.142217  0.187548  0.236727  0.287779  0.338208  0.385407  0.427777  0.465549  0.499776  0.531404  0.561074  0.589194  0.616016  0.6417  0.666346  0.690019  0.712757  0.734586  0.75552  0.775566  0.794729  0.813009  0.830407  0.846922  0.862553  0.877299  0.891163  0.904145  0.916248  0.927477  0.937836  0.947335  0.955981  0.963786  0.970762  0.976925  0.982293  0.986886  0.990728  0.993846  0.996272  0.998044  0.999211  0.999831  1  

0.00342337  0.0127745  0.0274025  0.0478545  0.0748383  0.107278  0.142948  0.181457  0.223948  0.27033  0.318762  0.368394  0.419056  0.46937  0.517608  0.562028  0.601365  0.635698  0.665985  0.69322  0.718129  0.741191  0.762718  0.782915  0.801921  0.819832  0.836715  0.85262  0.867584  0.881636  0.894798  0.90709  0.918528  0.929128  0.938905  0.947874  0.95605  0.963449  0.970088  0.975986  0.981162  0.985639  0.98944  0.992593  0.995128  0.99708  0.998488  0.9994  0.999875  1  

0.00235613  0.00961992  0.0223779  0.0408262  0.0636906  0.0890755  0.116264  0.145909  0.1793  0.217191  0.258363  0.300463  0.342792  0.386471  0.432211  0.478827  0.524995  0.570682  0.615452  0.658037  0.697214  0.73183  0.761537  0.787016  0.809252  0.829038  0.846908  0.863207  0.878164  0.891933  0.904623  0.916315  0.92707  0.936935  0.94595  0.95415  0.961566  0.968224  0.974154  0.979381  0.983933  0.987838  0.991126  0.993828  0.995979  0.997616  0.998782  0.999525  0.999903  1  

0.00261742  0.00977874  0.0204291  0.0339346  0.0501634  0.0694129  0.0923522  0.119792  0.151884  0.187112  0.223021  0.258338  0.293514  0.329925  0.368951  0.410722  0.453356  0.494901  0.535478  0.576356  0.617712  0.658202  0.697159  0.734689  0.77008  0.802333  0.830535  0.854238  0.873979  0.890713  0.905215  0.917991  0.92936  0.939529  0.948638  0.956789  0.964058  0.970507  0.976187  0.981143  0.985417  0.989048  0.992075  0.994538  0.996477  0.997935  0.998958  0.9996  0.999921  1  

0.00190728  0.00775114  0.0178721  0.0327079  0.0522909  0.0756171  0.100934  0.126877  0.15299  0.179472  0.206883  0.236028  0.267896  0.303345  0.342169  0.382313  0.421203  0.457933  0.493363  0.529075  0.566347  0.604836  0.642447  0.677934  0.712125  0.745992  0.778834  0.809689  0.838653  0.865293  0.8888  0.908498  0.924348  0.937157  0.947791  0.956818  0.964575  0.971272  0.977046  0.981999  0.986208  0.989737  0.992642  0.994978  0.996794  0.998142  0.999075  0.999651  0.999932  1  

0.00200284  0.00761336  0.0163421  0.0278572  0.0419829  0.0587088  0.078215  0.100902  0.127361  0.158101  0.19286  0.229949  0.266914  0.302145  0.335398  0.367258  0.398635  0.430597  0.464308  0.500668  0.539257  0.577661  0.613434  0.646286  0.677576  0.70897  0.741057  0.77227  0.80101  0.827888  0.853834  0.878108  0.900194  0.920119  0.937262  0.951071  0.961643  0.969846  0.976433  0.981827  0.986268  0.989905  0.992845  0.99517  0.996951  0.998254  0.999143  0.999681  0.999939  1  

0.00272247  0.0107846  0.0234993  0.0397258  0.0583556  0.0786068  0.100027  0.122393  0.14562  0.169724  0.19481  0.221094  0.248935  0.278881  0.311666  0.347973  0.387705  0.429068  0.469137  0.505972  0.539441  0.570439  0.600161  0.629894  0.660891  0.693679  0.726707  0.757177  0.784244  0.809221  0.833798  0.858182  0.880588  0.900599  0.919262  0.936179  0.950989  0.963581  0.973459  0.980608  0.985835  0.989821  0.992908  0.995281  0.997061  0.998339  0.999195  0.999705  0.999945  1  

0.00210544  0.00826393  0.0182788  0.0321054  0.0498852  0.0719034  0.0983905  0.129098  0.162885  0.197927  0.232565  0.265906  0.297749  0.328253  0.35771  0.386436  0.414769  0.443091  0.471885  0.501794  0.533639  0.568171  0.605163  0.642369  0.67672  0.706932  0.733643  0.758168  0.781907  0.806177  0.83137  0.855528  0.876479  0.894767  0.912092  0.928764  0.94331  0.956041  0.967307  0.976716  0.984186  0.989443  0.992958  0.995434  0.997208  0.998447  0.999259  0.999733  0.999951  1  

0.00230196  0.00881655  0.0189481  0.0321442  0.0480212  0.0662602  0.086679  0.109185  0.133793  0.160652  0.190073  0.222534  0.258572  0.298402  0.341248  0.384985  0.427059  0.465897  0.50122  0.533472  0.56329  0.591285  0.618018  0.644047  0.670019  0.696753  0.725165  0.755522  0.785938  0.813213  0.836225  0.855993  0.874039  0.89182  0.909971  0.926674  0.940404  0.952392  0.963615  0.973027  0.980924  0.987338  0.992179  0.995318  0.99725  0.998505  0.9993  0.999752  0.999955  1  

0.00298166  0.0111439  0.0234481  0.0391071  0.0575194  0.0782572  0.100877  0.124915  0.1502  0.176598  0.203831  0.231803  0.260431  0.28975  0.319873  0.351015  0.383543  0.418014  0.455133  0.495421  0.538378  0.581674  0.622147  0.658005  0.689286  0.716847  0.74162  0.764407  0.785926  0.806942  0.828384  0.851119  0.874457  0.895307  0.912126  0.926025  0.938631  0.951155  0.962611  0.971567  0.979238  0.985738  0.990791  0.994607  0.997129  0.998526  0.999327  0.999766  0.999959  1  

0.00407838  0.0154678  0.0327564  0.0545251  0.0795056  0.1067  0.135403  0.165188  0.195663  0.226331  0.25709  0.287847  0.318548  0.349134  0.379303  0.409092  0.438562  0.46759  0.496229  0.524554  0.552762  0.581139  0.61013  0.640392  0.672712  0.707424  0.743091  0.776385  0.804919  0.828716  0.848867  0.866451  0.882341  0.897351  0.912417  0.928242  0.943299  0.955124  0.964272  0.972317  0.980001  0.985971  0.990636  0.994288  0.996899  0.998552  0.99938  0.99979  0.999964  1  

0.00351064  0.0131312  0.0278085  0.046953  0.0703056  0.0978301  0.129589  0.165558  0.205047  0.246595  0.288709  0.330028  0.369716  0.407462  0.443319  0.477459  0.509751  0.540421  0.569662  0.597661  0.624399  0.649887  0.674327  0.697732  0.720225  0.741988  0.76331  0.784611  0.806525  0.829823  0.854594  0.878682  0.899069  0.915216  0.928209  0.939139  0.948855  0.958193  0.967829  0.976399  0.982519  0.987308  0.991644  0.994755  0.99706  0.998583  0.99945  0.999824  0.999971  1  

0.00384553  0.0139508  0.0287155  0.0471624  0.0687063  0.0927365  0.11875  0.146595  0.176178  0.207487  0.240622  0.275812  0.313409  0.353808  0.397217  0.443117  0.489542  0.534369  0.575965  0.613709  0.647777  0.67872  0.706812  0.732454  0.756052  0.77792  0.798117  0.816887  0.834382  0.850768  0.866299  0.881345  0.896467  0.912412  0.9292  0.944429  0.956059  0.964755  0.971659  0.977623  0.983438  0.988817  0.992435  0.995153  0.997278  0.998647  0.999467  0.999846  0.999975  1  

0.00462737  0.0163878  0.0331167  0.0535479  0.0768442  0.102398  0.129743  0.158502  0.188371  0.2191  0.250497  0.282447  0.314966  0.347705  0.380526  0.413615  0.44716  0.481451  0.516922  0.554134  0.593583  0.635164  0.677005  0.716356  0.751299  0.781467  0.807508  0.830163  0.849984  0.867558  0.883275  0.897337  0.910034  0.921569  0.932241  0.942488  0.952979  0.964059  0.973758  0.980539  0.985353  0.98917  0.992731  0.995636  0.997417  0.998729  0.999484  0.999858  0.999979  1  

0.00566933  0.0195954  0.0389542  0.062246  0.088562  0.117316  0.147749  0.179325  0.211785  0.24486  0.278303  0.31189  0.345428  0.378748  0.411706  0.444184  0.476093  0.507382  0.538069  0.568287  0.597749  0.626607  0.655185  0.683882  0.713264  0.744021  0.776534  0.809608  0.840183  0.866095  0.887269  0.904692  0.919172  0.931436  0.941954  0.951035  0.958961  0.966029  0.972678  0.979548  0.986164  0.990641  0.993532  0.995748  0.997692  0.998813  0.999521  0.999866  0.999982  1  

0.00688905  0.0231843  0.0452981  0.0714743  0.100641  0.13205  0.165133  0.199434  0.234572  0.270226  0.306119  0.342023  0.377785  0.413352  0.448208  0.482137  0.51514  0.547145  0.578075  0.607865  0.636465  0.663848  0.690009  0.714977  0.738858  0.761795  0.783671  0.804857  0.82581  0.847169  0.86965  0.893102  0.914932  0.932626  0.946191  0.956718  0.965075  0.971872  0.97747  0.982168  0.986311  0.990432  0.994216  0.996449  0.997848  0.99897  0.999572  0.999881  0.999985  1  

0.00826377  0.0270236  0.0518739  0.0808471  0.112786  0.146896  0.182581  0.219363  0.256847  0.294696  0.332619  0.370361  0.407698  0.444436  0.480402  0.515445  0.549439  0.582277  0.61388  0.644242  0.673388  0.700899  0.726841  0.75127  0.774199  0.79565  0.815656  0.834271  0.851576  0.867736  0.882859  0.89708  0.910862  0.924834  0.939637  0.954408  0.966378  0.974914  0.981058  0.985655  0.989194  0.991989  0.994362  0.996701  0.998264  0.999081  0.999645  0.9999  0.999988  1  

0.00976969  0.0311281  0.0588336  0.0906906  0.125437  0.162224  0.200441  0.239666  0.279561  0.319467  0.359086  0.398259  0.4368  0.47453  0.511289  0.546939  0.581361  0.614452  0.64613  0.676327  0.70499  0.732082  0.757582  0.781481  0.803796  0.824626  0.84391  0.86153  0.877637  0.892309  0.905618  0.91765  0.928514  0.93838  0.947372  0.955757  0.96405  0.972843  0.981294  0.987312  0.9912  0.993843  0.99573  0.997144  0.998398  0.999289  0.999696  0.999918  0.999991  1  

0.0109271  0.0342691  0.0646436  0.0999255  0.138697  0.17978  0.222185  0.265128  0.308028  0.35047  0.39216  0.432884  0.472485  0.510845  0.547889  0.58363  0.617968  0.650549  0.681446  0.710683  0.738251  0.764147  0.788371  0.810935  0.831857  0.851166  0.868899  0.885101  0.899825  0.913146  0.925193  0.935881  0.945328  0.953645  0.960928  0.967283  0.972849  0.977774  0.982299  0.986895  0.991607  0.994901  0.996797  0.997977  0.998764  0.999388  0.999779  0.99994  0.999993  1  

0.0114684  0.0342633  0.0625592  0.0944664  0.12907  0.165863  0.204566  0.245045  0.287245  0.331086  0.376311  0.422329  0.468201  0.512873  0.555502  0.595625  0.633102  0.667983  0.700397  0.73049  0.758404  0.784296  0.808351  0.830405  0.850582  0.869017  0.885796  0.900998  0.9147  0.926978  0.937914  0.947587  0.956083  0.963497  0.969938  0.975412  0.980047  0.983944  0.987206  0.989965  0.992374  0.994766  0.997104  0.998438  0.999129  0.999533  0.999825  0.999953  0.999995  1  

0.0132394  0.0381733  0.0681879  0.10125  0.136331  0.172785  0.210154  0.248096  0.286346  0.324705  0.363032  0.401246  0.439333  0.477354  0.51545  0.553823  0.592656  0.631913  0.671047  0.708921  0.744254  0.776255  0.804784  0.830091  0.852547  0.872504  0.890266  0.906139  0.920177  0.932528  0.943381  0.952869  0.961109  0.96821  0.974275  0.979405  0.983701  0.98727  0.99016  0.992484  0.994335  0.995823  0.997092  0.998394  0.999278  0.999657  0.99985  0.999965  0.999996  1  

0.0156378  0.0436873  0.0766802  0.112498  0.150087  0.188794  0.228174  0.267922  0.307588  0.346819  0.385468  0.423384  0.460426  0.496481  0.53146  0.565309  0.598008  0.62958  0.660102  0.689717  0.718652  0.747221  0.775763  0.8044  0.832586  0.858974  0.882269  0.902078  0.91873  0.932754  0.944622  0.954726  0.963302  0.970506  0.976551  0.981584  0.985733  0.989111  0.991822  0.993971  0.99563  0.996886  0.997827  0.998551  0.999225  0.999715  0.999889  0.99997  0.999997  1  

0.0183383  0.0497306  0.0858968  0.124667  0.164984  0.206182  0.247784  0.289413  0.330761  0.371568  0.41161  0.450699  0.488673  0.525405  0.560816  0.5949  0.627386  0.658178  0.687327  0.714847  0.740765  0.765127  0.78801  0.809531  0.82986  0.849243  0.868025  0.886619  0.905249  0.92333  0.939401  0.952512  0.962852  0.971019  0.977535  0.982786  0.986962  0.990277  0.992883  0.994899  0.996429  0.997567  0.998384  0.998956  0.999357  0.9997  0.999914  0.999976  0.999998  1  

0.0210978  0.0556405  0.0946947  0.136095  0.178807  0.222186  0.265766  0.309183  0.352133  0.39436  0.435644  0.475797  0.514656  0.552083  0.587967  0.622214  0.654755  0.685537  0.714529  0.741719  0.767121  0.790805  0.812795  0.832966  0.851459  0.868381  0.883839  0.897958  0.910901  0.922885  0.934212  0.945287  0.956425  0.967124  0.976011  0.982593  0.987376  0.990909  0.993556  0.995517  0.996962  0.998004  0.998735  0.999231  0.99955  0.999754  0.999919  0.999983  0.999998  1  

0.0238107  0.0611793  0.102708  0.146283  0.190918  0.236  0.281086  0.325827  0.369935  0.413163  0.455298  0.49616  0.535593  0.573465  0.609668  0.644116  0.676742  0.707501  0.736364  0.763321  0.788376  0.811551  0.83288  0.852411  0.870204  0.886331  0.900892  0.91402  0.925671  0.935996  0.945136  0.95323  0.960444  0.966995  0.973192  0.979408  0.985522  0.990407  0.993672  0.995826  0.997293  0.99829  0.998962  0.9994  0.999674  0.999833  0.999925  0.999987  0.999999  1  

0.0264645  0.0663638  0.110007  0.155371  0.20153  0.247912  0.294106  0.339783  0.384672  0.428539  0.471185  0.512436  0.552146  0.590192  0.626472  0.660907  0.693439  0.724028  0.752652  0.779307  0.804005  0.826772  0.847648  0.866686  0.883949  0.89951  0.91345  0.925859  0.936831  0.946467  0.954876  0.962198  0.968478  0.973832  0.978403  0.982332  0.985798  0.989062  0.992411  0.995421  0.99733  0.998433  0.999101  0.999507  0.999748  0.999882  0.99995  0.999988  0.999999  1  

0.0290899  0.0713094  0.116814  0.163698  0.211103  0.258509  0.305535  0.35188  0.39729  0.441549  0.484468  0.525886  0.565667  0.603696  0.63988  0.674149  0.706452  0.736754  0.765043  0.791321  0.815607  0.837932  0.858344  0.8769  0.893669  0.90873  0.922167  0.934073  0.944545  0.953685  0.961597  0.968387  0.974159  0.979021  0.983085  0.986459  0.989208  0.991459  0.993338  0.995013  0.996726  0.998284  0.99914  0.999568  0.999793  0.99991  0.999966  0.99999  0.999999  1  

0.0317266  0.0761394  0.123351  0.171586  0.220067  0.268323  0.316011  0.362856  0.408626  0.45312  0.496165  0.537612  0.577333  0.615226  0.651206  0.685211  0.717196  0.747138  0.77503  0.80088  0.824714  0.846572  0.866505  0.884576  0.900861  0.915441  0.928407  0.939854  0.949883  0.958598  0.966105  0.972511  0.977921  0.98244  0.98617  0.98921  0.991654  0.993599  0.995127  0.996311  0.99725  0.998072  0.998942  0.999563  0.999817  0.999928  0.999975  0.999993  1  1  

0.0344203  0.0809815  0.129826  0.179323  0.228781  0.277786  0.326033  0.373277  0.419307  0.463941  0.507021  0.548409  0.587991  0.625672  0.661378  0.695056  0.726669  0.756201  0.783653  0.809042  0.832398  0.853768  0.87321  0.890792  0.906594  0.920703  0.933212  0.944222  0.953835  0.962158  0.969299  0.975365  0.980462  0.984696  0.988168  0.990975  0.993209  0.994957  0.996299  0.997311  0.998064  0.998615  0.999037  0.999442  0.999806  0.999936  0.999981  0.999996  1  1  

0.0371483  0.0857792  0.136171  0.186847  0.237203  0.286882  0.335622  0.383212  0.429485  0.474307  0.517444  0.558748  0.598149  0.635574  0.670963  0.704272  0.735476  0.764565  0.791548  0.81645  0.839308  0.860175  0.879115  0.896202  0.91152  0.92516  0.93722  0.947804  0.957016  0.964965  0.97176  0.97751  0.982322  0.9863  0.989545  0.992152  0.994212  0.995811  0.997025  0.997925  0.998576  0.999034  0.99935  0.999569  0.999756  0.999933  0.999984  0.999997  1  1  

0.0399929  0.0907383  0.142694  0.194547  0.245787  0.296116  0.345312  0.393188  0.43958  0.484343  0.527346  0.568482  0.607657  0.644799  0.679856  0.712798  0.743636  0.772371  0.798919  0.823341  0.845704  0.86607  0.884511  0.901107  0.915947  0.929127  0.940749  0.950918  0.959743  0.967334  0.973801  0.979253  0.983798  0.987539  0.990577  0.993005  0.994912  0.996382  0.99749  0.998303  0.998883  0.999283  0.999548  0.999719  0.999826  0.999913  0.999984  0.999997  1  1  

