2.93559853524 20000 231
231
2.93559853524  0
3.05044591308  8.69019496045e-39
3.16978638492  2.8670525617e-38
3.29379573097  4.94687141843e-38
3.42265660832  7.10805758039e-38
3.55655882008  9.35379432403e-38
3.69569959484  1.16873894629e-37
3.84028387728  1.41122802198e-37
3.99052462994  7.3321141384e-36
4.14664314697  6.91436139865e-35
4.30886938006  1.44651685097e-34
4.47744227714  2.23113805908e-34
4.65261013431  3.04645545649e-34
4.83463096161  3.89366994884e-34
5.02377286302  5.18702107156e-33
5.22031443137  2.76247002598e-32
5.42454515866  5.25818925729e-32
5.63676586253  7.85154677466e-32
5.85728912925  1.05463624128e-31
6.08643977422  8.30983440638e-31
6.32455532034  2.68319079919e-30
6.5719864952  4.62141663117e-30
6.82909774767  6.63547032305e-30
7.09626778467  2.84478973044e-29
7.37389012904  8.40471096499e-29
7.66237369911  1.42336660356e-28
7.96214341107  2.62342058866e-28
8.27364080478  9.86507116362e-28
8.59732469416  1.89481992576e-27
8.93367184302  3.22146138794e-27
9.28317766723  1.0189889685e-26
9.64635696448  1.92798819975e-26
10.0237446725  3.71640298911e-26
10.4158966572  9.48337460542e-26
10.8233905309  1.60588799639e-25
11.2468265038  3.77562310015e-25
11.6868282675  7.11315530832e-25
12.1440439138  1.36096310513e-24
12.6191468896  2.62673703297e-24
13.1128369884  4.49629144677e-24
13.6258413812  7.84559768889e-24
14.1589156877  1.2146257936e-23
14.7128450892  1.81579120636e-23
15.2884454851  2.50455488675e-23
15.8865646945  3.2790193875e-23
16.5080837054  4.08066883704e-23
17.1539179718  4.89537660205e-23
17.8250187627  5.69569601932e-23
18.5223745626  6.43277887861e-23
19.247012528  7.17359461093e-23
20  7.9433927614e-23
20.7824460767  8.74330718902e-23
21.5955032466  9.57451611191e-23
22.440369086  1.04382438428e-22
23.3182880236  1.13357625925e-22
24.2305531726  1.21700205093e-22
25.1785082359  1.27034858703e-22
26.1635494852  1.32093049027e-22
27.1871278176  1.36885173711e-22
28.2507508925  1.41421229061e-22
29.3559853524  1.45710824737e-22
30.5044591308  1.49763197998e-22
31.6978638492  1.53587227498e-22
32.9379573097  1.57191446658e-22
34.2265660832  1.60584056611e-22
35.5655882008  1.63772938744e-22
36.9569959484  1.66765666841e-22
38.4028387728  1.6956951885e-22
39.9052462994  1.72191488276e-22
41.4664314697  1.74638295221e-22
43.0886938006  1.76916397082e-22
44.7744227714  1.79031998919e-22
46.5261013431  1.80991063513e-22
48.3463096161  1.82799321115e-22
50.2377286302  1.84462278914e-22
52.2031443137  1.8598523023e-22
54.2454515866  1.8737326345e-22
56.3676586253  1.88631270709e-22
58.5728912925  1.89763956356e-22
60.8643977422  1.9077584519e-22
63.2455532034  1.91671290497e-22
65.719864952  1.92454481903e-22
68.2909774767  1.93129453048e-22
70.9626778467  1.93700089106e-22
73.7389012904  1.94170134155e-22
76.6237369911  1.94543198422e-22
79.6214341107  1.94822765413e-22
82.7364080478  1.9501219894e-22
85.9732469416  1.95114750063e-22
89.3367184302  1.95133563964e-22
92.8317766723  1.95071686762e-22
96.4635696448  1.94932072283e-22
100.237446725  1.94717588809e-22
104.158966572  1.94431025797e-22
108.233905309  1.9407510061e-22
112.468265038  1.93652465243e-22
116.868282675  1.93165713068e-22
121.440439138  1.92617385607e-22
126.191468896  1.92009979336e-22
131.128369884  1.91345952512e-22
136.258413812  1.90627732051e-22
141.589156877  1.89857720419e-22
147.128450892  1.89038302558e-22
152.884454851  1.88171852814e-22
158.865646945  1.87260741855e-22
165.080837054  1.86307343555e-22
171.539179718  1.85314041801e-22
178.250187627  1.8428323719e-22
185.223745626  1.83217353552e-22
192.47012528  1.82118844239e-22
200  1.80990198103e-22
207.824460767  1.79833945071e-22
215.955032466  1.78652661205e-22
224.40369086  1.77448973144e-22
233.182880236  1.76225561779e-22
242.305531726  1.74985165028e-22
251.785082359  1.73730579533e-22
261.635494852  1.72464661137e-22
271.871278176  1.71190323938e-22
282.507508925  1.69910537763e-22
293.559853524  1.68628323869e-22
305.044591308  1.67346748718e-22
316.978638492  1.66068915674e-22
329.379573097  1.64797954497e-22
342.265660832  1.63537008552e-22
355.655882008  1.62289219705e-22
369.569959484  1.61057710918e-22
384.028387728  1.59845566645e-22
399.052462994  1.58655811196e-22
414.664314697  1.57575829648e-22
430.886938006  1.56437676544e-22
447.744227714  1.55330476174e-22
465.261013431  1.54256755925e-22
483.463096161  1.53218856658e-22
502.377286302  1.52218907396e-22
522.031443137  1.51258801484e-22
542.454515866  1.50340174909e-22
563.676586253  1.49464387468e-22
585.728912925  1.48632507416e-22
608.643977422  1.47845300176e-22
632.455532034  1.47103221564e-22
657.19864952  1.46406415911e-22
682.909774767  1.45754719298e-22
709.626778467  1.45147668022e-22
737.389012904  1.44584512295e-22
766.237369911  1.44064235087e-22
796.214341107  1.43585575984e-22
827.364080478  1.43147059977e-22
859.732469416  1.42747031232e-22
893.367184302  1.42383692332e-22
928.317766723  1.42055150324e-22
964.635696448  1.41759473328e-22
1002.37446725  1.41494770818e-22
1041.58966572  1.41271783572e-22
1082.33905309  1.41101702263e-22
1124.68265038  1.40983730642e-22
1168.68282675  1.40916875871e-22
1214.40439138  1.40406996738e-22
1261.91468896  1.40481061284e-22
1311.28369884  1.40599162811e-22
1362.58413812  1.40761819709e-22
1415.89156877  1.40969402135e-22
1471.28450892  1.412221296e-22
1528.84454851  1.41520070094e-22
1588.65646945  1.41863140765e-22
1650.80837054  1.42251110136e-22
1715.39179718  1.42683601818e-22
1782.50187627  1.43160099631e-22
1852.23745626  1.43679954028e-22
1924.7012528  1.4600702671e-22
2000  1.47195580794e-22
2078.24460767  1.48287704255e-22
2159.55032466  1.49294134281e-22
2244.0369086  1.50224360236e-22
2331.82880236  1.51086828906e-22
2423.05531726  1.51889107234e-22
2517.85082359  1.52638012524e-22
2616.35494852  1.5333971749e-22
2718.71278176  1.53999835625e-22
2825.07508925  1.54623491051e-22
2935.59853524  1.5521537602e-22
3050.44591308  1.55581198888e-22
3169.78638492  1.56034049704e-22
3293.79573097  1.56441208232e-22
3422.65660832  1.56806122465e-22
3556.55882008  1.57131942583e-22
3695.69959484  1.57421556191e-22
3840.28387728  1.5767761839e-22
3990.52462994  1.57902577547e-22
4146.64314697  1.58098697464e-22
4308.86938006  1.58268076512e-22
4477.44227714  1.58412664186e-22
4652.61013431  1.58534275475e-22
4834.63096161  1.58634603357e-22
5023.77286302  1.58715229696e-22
5220.31443137  1.5877763475e-22
5424.54515866  1.58823205509e-22
5636.76586253  1.58853242996e-22
5857.28912925  1.58868968691e-22
6086.43977422  1.58871530199e-22
6324.55532034  1.58862006251e-22
6571.9864952  1.58841411155e-22
6829.09774767  1.58810698746e-22
7096.26778467  1.58770765931e-22
7373.89012904  1.58722455867e-22
7662.37369911  1.58666560848e-22
7962.14341107  1.58603824919e-22
8273.64080478  1.58534946277e-22
8597.32469416  1.58460579487e-22
8933.67184302  1.58381337538e-22
9283.17766723  1.58297793771e-22
9646.35696448  1.58210483692e-22
10023.7446725  1.58119906693e-22
10415.8966572  1.58026527701e-22
10823.3905309  1.5793077875e-22
11246.8265038  1.57833060507e-22
11686.8282675  1.57733743744e-22
12144.0439138  1.57633170771e-22
12619.1468896  1.57531656826e-22
13112.8369884  1.57429491434e-22
13625.8413812  1.57326939737e-22
14158.9156877  1.57224243786e-22
14712.8450892  1.57121623804e-22
15288.4454851  1.57019279421e-22
15886.5646945  1.56917390876e-22
16508.0837054  1.56816120185e-22
17153.9179718  1.5671561228e-22
17825.0187627  1.56615996108e-22
18522.3745626  1.565173857e-22
19247.012528  1.56419881197e-22
20000  1.56323569847e-22

