0.859732469416 20000 263
263
0.859732469416  0
0.893367184302  1.87513812979e-32
0.928317766723  6.10011065562e-32
0.964635696448  1.04957087091e-31
1.00237446725  5.21993065875e-28
1.04158966572  3.46339614019e-27
1.08233905309  6.81917582576e-27
1.12468265038  1.03062413438e-26
1.16868282675  1.39297288985e-26
1.21440439138  1.76949756343e-26
1.26191468896  2.16075274969e-26
1.31128369884  2.56731474022e-26
1.36258413812  2.98978237247e-26
1.41589156877  3.42877791179e-26
1.47128450892  3.88494796799e-26
1.52884454851  4.35896444772e-26
1.58865646945  4.8515255442e-26
1.65080837054  5.36335676555e-26
1.71539179718  5.89521200346e-26
1.78250187627  6.44787464357e-26
1.85223745626  7.02215871942e-26
1.9247012528  7.61891011136e-26
2  1.02996921163e-25
2.07824460767  2.51772942191e-25
2.15955032466  4.26122829074e-25
2.2440369086  6.07293685206e-25
2.33182880236  7.95552362618e-25
2.42305531726  9.91176153206e-25
2.51785082359  1.19445319717e-24
2.61635494852  1.40568290741e-24
2.71871278176  1.62517641055e-24
2.82507508925  1.85325700521e-24
2.93559853524  2.09026063819e-24
3.05044591308  2.59377331766e-24
3.16978638492  3.4411181748e-24
3.29379573097  4.32268411244e-24
3.42265660832  5.23873894054e-24
3.55655882008  6.19063194396e-24
3.69569959484  7.17976519468e-24
3.84028387728  8.20759561696e-24
3.99052462994  9.29534708821e-24
4.14664314697  1.05751171489e-23
4.30886938006  1.19359765913e-23
4.47744227714  1.33500759904e-23
4.65261013431  1.48194982158e-23
4.83463096161  1.63464076239e-23
5.02377286302  1.79257025451e-23
5.22031443137  1.95395437894e-23
5.42454515866  2.12139598817e-23
5.63676586253  2.2953882989e-23
5.85728912925  2.47618758968e-23
6.08643977422  2.67938981809e-23
6.32455532034  2.91467969585e-23
6.5719864952  3.15947257879e-23
6.82909774767  3.41384232328e-23
7.09626778467  3.64386932503e-23
7.37389012904  3.8256210573e-23
7.66237369911  4.01358740673e-23
7.96214341107  4.20550007963e-23
8.27364080478  4.37055430818e-23
8.59732469416  4.5331330736e-23
8.93367184302  4.70378270375e-23
9.28317766723  4.90608543605e-23
9.64635696448  5.12456422046e-23
10.0237446725  5.35440879026e-23
10.4158966572  5.60629973634e-23
10.8233905309  5.87067142444e-23
11.2468265038  6.30611373466e-23
11.6868282675  6.87568458052e-23
12.1440439138  7.33258623245e-23
12.6191468896  7.5441268966e-23
13.1128369884  7.75418646251e-23
13.6258413812  7.96492723717e-23
14.1589156877  8.17946098915e-23
14.7128450892  8.394005217e-23
15.2884454851  8.59836982291e-23
15.8865646945  8.79007208215e-23
16.5080837054  8.95486476944e-23
17.1539179718  9.10534020129e-23
17.8250187627  9.23646397695e-23
18.5223745626  9.42050054487e-23
19.247012528  9.62923715643e-23
20  9.84614002513e-23
20.7824460767  1.00715286338e-22
21.5955032466  1.0305734964e-22
22.440369086  1.05491039855e-22
23.3182880236  1.08019941638e-22
24.2305531726  1.09986734223e-22
25.1785082359  1.09976383361e-22
26.1635494852  1.09930562443e-22
27.1871278176  1.09850409596e-22
28.2507508925  1.09737017092e-22
29.3559853524  1.09591433125e-22
30.5044591308  1.0941466356e-22
31.6978638492  1.09207673629e-22
32.9379573097  1.08971389582e-22
34.2265660832  1.08706700309e-22
35.5655882008  1.08414458921e-22
36.9569959484  1.08095484294e-22
38.4028387728  1.07750562582e-22
39.9052462994  1.07380448708e-22
41.4664314697  1.06985867818e-22
43.0886938006  1.06567516718e-22
44.7744227714  1.06126065291e-22
46.5261013431  1.05662157889e-22
48.3463096161  1.05176414722e-22
50.2377286302  1.04669433224e-22
52.2031443137  1.04141789416e-22
54.2454515866  1.0359403927e-22
56.3676586253  1.03026720057e-22
58.5728912925  1.02440351714e-22
60.8643977422  1.01835438209e-22
63.2455532034  1.01212468912e-22
65.719864952  1.00571919992e-22
68.2909774767  9.99142558225e-23
70.9626778467  9.92399304122e-23
73.7389012904  9.85493888646e-23
76.6237369911  9.78430688663e-23
79.6214341107  9.7121402212e-23
82.7364080478  9.63848163687e-23
85.9732469416  9.56337360847e-23
89.3367184302  9.48685850462e-23
92.8317766723  9.40897875873e-23
96.4635696448  9.32977704546e-23
100.237446725  9.2492964633e-23
104.158966572  9.16758072332e-23
108.233905309  9.08467434436e-23
112.468265038  9.00062285494e-23
116.868282675  8.91547300179e-23
121.440439138  8.82927296507e-23
126.191468896  8.74207257993e-23
131.128369884  8.65392356415e-23
136.258413812  8.56487975123e-23
141.589156877  8.474997328e-23
147.128450892  8.38433507578e-23
152.884454851  8.29295461358e-23
158.865646945  8.20092064144e-23
165.080837054  8.1083011818e-23
171.539179718  8.01516781608e-23
178.250187627  7.9215959133e-23
185.223745626  7.82766484688e-23
192.47012528  7.73345819534e-23
200  7.63906392163e-23
207.824460767  7.54457452564e-23
215.955032466  7.45008716335e-23
224.40369086  7.35570372575e-23
233.182880236  7.26153086981e-23
242.305531726  7.16767999357e-23
251.785082359  7.07426714683e-23
261.635494852  6.98141286878e-23
271.871278176  6.88924194401e-23
282.507508925  6.79788306862e-23
293.559853524  6.70746841877e-23
305.044591308  6.61813311526e-23
316.978638492  6.53001457894e-23
329.379573097  6.44325177405e-23
342.265660832  6.35798433893e-23
355.655882008  6.27435160658e-23
369.569959484  6.19249152091e-23
384.028387728  6.11253945842e-23
399.052462994  6.03462696919e-23
414.664314697  5.96363432415e-23
430.886938006  5.89005249381e-23
447.744227714  5.81887461855e-23
465.261013431  5.75020283905e-23
483.463096161  5.68412874366e-23
502.377286302  5.62073213547e-23
522.031443137  5.56007991234e-23
542.454515866  5.50222509266e-23
563.676586253  5.44720601702e-23
585.728912925  5.39504575258e-23
608.643977422  5.34575172241e-23
632.455532034  5.29931557638e-23
657.19864952  5.25571331434e-23
682.909774767  5.21490566628e-23
709.626778467  5.1768387283e-23
737.389012904  5.14144484869e-23
766.237369911  5.10864375531e-23
796.214341107  5.07834391506e-23
827.364080478  5.05044411965e-23
859.732469416  5.0248353019e-23
893.367184302  5.00140260886e-23
928.317766723  4.98002780738e-23
964.635696448  4.96059222439e-23
1002.37446725  4.9429809227e-23
1041.58966572  4.92775357861e-23
1082.33905309  4.91549233394e-23
1124.68265038  4.90614080127e-23
1168.68282675  4.89963395013e-23
1214.40439138  4.86972091426e-23
1261.91468896  4.87093606431e-23
1311.28369884  4.874588767e-23
1362.58413812  4.8807015672e-23
1415.89156877  4.88929032334e-23
1471.28450892  4.90036407205e-23
1528.84454851  4.91392495614e-23
1588.65646945  4.92996821701e-23
1650.80837054  4.94848225178e-23
1715.39179718  4.96944873373e-23
1782.50187627  4.99284279373e-23
1852.23745626  5.01863325887e-23
1924.7012528  5.14106264656e-23
2000  5.20297194052e-23
2078.24460767  5.25989406446e-23
2159.55032466  5.31237124679e-23
2244.0369086  5.36088656331e-23
2331.82880236  5.40587310812e-23
2423.05531726  5.44772135295e-23
2517.85082359  5.48678510083e-23
2616.35494852  5.52338633816e-23
2718.71278176  5.55781921523e-23
2825.07508925  5.59035333147e-23
2935.59853524  5.62123646191e-23
3050.44591308  5.63988429453e-23
3169.78638492  5.66332618071e-23
3293.79573097  5.68433568546e-23
3422.65660832  5.70309514639e-23
3556.55882008  5.71977160785e-23
3695.69959484  5.73451856646e-23
3840.28387728  5.7474774697e-23
3990.52462994  5.7587790071e-23
4146.64314697  5.76854422659e-23
4308.86938006  5.77688550219e-23
4477.44227714  5.7839073752e-23
4652.61013431  5.78970728697e-23
4834.63096161  5.79437621859e-23
5023.77286302  5.79799925042e-23
5220.31443137  5.80065605244e-23
5424.54515866  5.80242131475e-23
5636.76586253  5.80336512641e-23
5857.28912925  5.80355330946e-23
6086.43977422  5.80304771431e-23
6324.55532034  5.80190648164e-23
6571.9864952  5.80018427547e-23
6829.09774767  5.7979324914e-23
7096.26778467  5.7951994435e-23
7373.89012904  5.79203053299e-23
7662.37369911  5.78846840122e-23
7962.14341107  5.78455306946e-23
8273.64080478  5.78032206737e-23
8597.32469416  5.77581055197e-23
8933.67184302  5.77105141858e-23
9283.17766723  5.76607540496e-23
9646.35696448  5.76091118985e-23
10023.7446725  5.75558548667e-23
10415.8966572  5.75012313324e-23
10823.3905309  5.74454717802e-23
11246.8265038  5.73887896358e-23
11686.8282675  5.73313820733e-23
12144.0439138  5.72734308022e-23
12619.1468896  5.72151028332e-23
13112.8369884  5.71565512249e-23
13625.8413812  5.70979158145e-23
14158.9156877  5.70393239292e-23
14712.8450892  5.69808910824e-23
15288.4454851  5.69227216512e-23
15886.5646945  5.68649095378e-23
16508.0837054  5.68075388113e-23
17153.9179718  5.67506843319e-23
17825.0187627  5.66944123552e-23
18522.3745626  5.66387811165e-23
19247.012528  5.65838413947e-23
20000  5.65296370541e-23

