4.83463096161 20 38
38
4.83463096161  0
5.02377286302  4.91673835015e-40
5.22031443137  2.82456815771e-39
5.42454515866  5.42012051099e-39
5.63676586253  8.11721685205e-39
5.85728912925  1.09198298156e-38
6.08643977422  8.64475732353e-37
6.32455532034  3.09083923903e-36
6.5719864952  5.42083499155e-36
6.82909774767  7.84198554583e-36
7.09626778467  1.53622376478e-34
7.37389012904  5.44370393602e-34
7.66237369911  9.54148123233e-34
7.96214341107  3.02134452652e-33
8.27364080478  2.17244200542e-32
8.59732469416  4.54622867364e-32
8.93367184302  9.96911854879e-32
9.28317766723  5.87737124454e-31
9.64635696448  1.23766665183e-30
10.0237446725  3.39263576737e-30
10.4158966572  1.24852350636e-29
10.8233905309  2.31184893846e-29
11.2468265038  8.68603511152e-29
11.6868282675  1.91483436266e-28
12.1440439138  5.19790036185e-28
12.6191468896  1.28927126649e-27
13.1128369884  3.09837852376e-27
13.6258413812  7.58435973688e-27
14.1589156877  1.80426167043e-26
14.7128450892  4.06036508194e-26
15.2884454851  1.0070228482e-25
15.8865646945  2.12362766648e-25
16.5080837054  5.12365617668e-25
17.1539179718  1.09280962749e-24
17.8250187627  2.27974418533e-24
18.5223745626  9.03020853885e-24
19.247012528  1.80687990769e-23
20  2.74610001003e-23

