4.83463096161 20000 218
218
4.83463096161  0
5.02377286302  1.58738585054e-41
5.22031443137  9.11921523606e-41
5.42454515866  1.74990450877e-40
5.63676586253  2.62067131889e-40
5.85728912925  3.52550453273e-40
6.08643977422  4.85557678771e-38
6.32455532034  1.74397037067e-37
6.5719864952  3.06096481499e-37
6.82909774767  4.42948311612e-37
7.09626778467  1.28000898224e-35
7.37389012904  4.60406893264e-35
7.66237369911  8.09008498146e-35
7.96214341107  3.06550646119e-34
8.27364080478  2.45157427334e-33
8.59732469416  5.17711756677e-33
8.93367184302  1.23048962583e-32
9.28317766723  8.24397472615e-32
9.64635696448  1.76066785006e-31
10.0237446725  5.31561149739e-31
10.4158966572  2.09692359358e-30
10.8233905309  3.93920914567e-30
11.2468265038  1.65045992897e-29
11.6868282675  3.73210395921e-29
12.1440439138  1.08682079199e-28
12.6191468896  2.79838101335e-28
13.1128369884  7.0604066365e-28
13.6258413812  1.79060826728e-27
14.1589156877  4.43607682716e-27
14.7128450892  1.02526248746e-26
15.2884454851  2.64941098816e-26
15.8865646945  5.73609714458e-26
16.5080837054  1.44730351962e-25
17.1539179718  3.24677905346e-25
17.8250187627  7.15442152951e-25
18.5223745626  6.61304011e-24
19.247012528  1.46964624323e-23
20  2.30961268586e-23
20.7824460767  3.18244055088e-23
21.5955032466  4.08941545283e-23
22.440369086  5.03187330247e-23
23.3182880236  6.01120227445e-23
24.2305531726  7.05576745983e-23
25.1785082359  8.16247618485e-23
26.1635494852  9.21675494399e-23
27.1871278176  1.02206013108e-22
28.2507508925  1.11759360845e-22
29.3559853524  1.20846060925e-22
30.5044591308  1.29483869051e-22
31.6978638492  1.37689854628e-22
32.9379573097  1.45480426218e-22
34.2265660832  1.52871356158e-22
35.5655882008  1.59877804398e-22
36.9569959484  1.66514341561e-22
38.4028387728  1.72794971259e-22
39.9052462994  1.7873315169e-22
41.4664314697  1.84341816523e-22
43.0886938006  1.89633395127e-22
44.7744227714  1.94619832133e-22
46.5261013431  1.9931260638e-22
48.3463096161  2.03722749254e-22
50.2377286302  2.07860862456e-22
52.2031443137  2.11737135208e-22
54.2454515866  2.1536136094e-22
56.3676586253  2.18742953468e-22
58.5728912925  2.21890962692e-22
60.8643977422  2.24814089842e-22
63.2455532034  2.27520702288e-22
65.719864952  2.30018847951e-22
68.2909774767  2.32316269322e-22
70.9626778467  2.34420417131e-22
73.7389012904  2.36338463677e-22
76.6237369911  2.38077315851e-22
79.6214341107  2.39643627871e-22
82.7364080478  2.41043813757e-22
85.9732469416  2.42284059566e-22
89.3367184302  2.43370335416e-22
92.8317766723  2.44308407309e-22
96.4635696448  2.451038488e-22
100.237446725  2.45762052502e-22
104.158966572  2.46288241476e-22
108.233905309  2.46687480511e-22
112.468265038  2.46964687318e-22
116.868282675  2.47124643647e-22
121.440439138  2.47172006352e-22
126.191468896  2.47111318413e-22
131.128369884  2.46947019911e-22
136.258413812  2.46683458983e-22
141.589156877  2.46324902733e-22
147.128450892  2.4587554811e-22
152.884454851  2.45339532729e-22
158.865646945  2.4472094562e-22
165.080837054  2.44023837873e-22
171.539179718  2.43252233138e-22
178.250187627  2.42410137924e-22
185.223745626  2.41501551644e-22
192.47012528  2.40530476304e-22
200  2.39500925767e-22
207.824460767  2.38416934446e-22
215.955032466  2.37282565328e-22
224.40369086  2.36101917148e-22
233.182880236  2.34879130566e-22
242.305531726  2.3361839315e-22
251.785082359  2.32323942954e-22
261.635494852  2.31000070487e-22
271.871278176  2.29651118843e-22
282.507508925  2.28281481742e-22
293.559853524  2.26895599276e-22
305.044591308  2.25497951125e-22
316.978638492  2.24093047052e-22
329.379573097  2.22685414508e-22
342.265660832  2.21279583239e-22
355.655882008  2.19880066826e-22
369.569959484  2.18491341191e-22
384.028387728  2.17117820165e-22
399.052462994  2.15763828342e-22
414.664314697  2.14541073985e-22
430.886938006  2.13236282597e-22
447.744227714  2.11963266032e-22
465.261013431  2.10725667052e-22
483.463096161  2.09526878034e-22
502.377286302  2.08370008332e-22
522.031443137  2.07257853405e-22
542.454515866  2.06192866631e-22
563.676586253  2.051771347e-22
585.728912925  2.04212357439e-22
608.643977422  2.03299832819e-22
632.455532034  2.0244044778e-22
657.19864952  2.01634675376e-22
682.909774767  2.00882578546e-22
709.626778467  2.001838207e-22
737.389012904  1.99537683128e-22
766.237369911  1.98943089135e-22
796.214341107  1.98398634754e-22
827.364080478  1.97902625936e-22
859.732469416  1.97453122283e-22
893.367184302  1.97047987937e-22
928.317766723  1.96684951376e-22
964.635696448  1.96361678927e-22
1002.37446725  1.96075878893e-22
1041.58966572  1.95841528374e-22
1082.33905309  1.95673192638e-22
1124.68265038  1.95569986628e-22
1168.68282675  1.95530761431e-22
1214.40439138  1.94918136073e-22
1261.91468896  1.95057025628e-22
1311.28369884  1.95251128271e-22
1362.58413812  1.95501203786e-22
1415.89156877  1.9580781451e-22
1471.28450892  1.96171322285e-22
1528.84454851  1.96591887436e-22
1588.65646945  1.9706946979e-22
1650.80837054  1.97603831738e-22
1715.39179718  1.98194543248e-22
1782.50187627  1.98840988751e-22
1852.23745626  1.99542375729e-22
1924.7012528  2.02576931265e-22
2000  2.041399101e-22
2078.24460767  2.05577370542e-22
2159.55032466  2.06903227627e-22
2244.0369086  2.08129776812e-22
2331.82880236  2.09267961393e-22
2423.05531726  2.10327584324e-22
2517.85082359  2.11317477524e-22
2616.35494852  2.12245638355e-22
2718.71278176  2.13119340446e-22
2825.07508925  2.13945224293e-22
2935.59853524  2.14729371783e-22
3050.44591308  2.15220974845e-22
3169.78638492  2.15824253222e-22
3293.79573097  2.1636788599e-22
3422.65660832  2.16856344057e-22
3556.55882008  2.17293713212e-22
3695.69959484  2.17683739711e-22
3840.28387728  2.18029869175e-22
3990.52462994  2.18335279914e-22
4146.64314697  2.18602911584e-22
4308.86938006  2.18835489904e-22
4477.44227714  2.19035548056e-22
4652.61013431  2.19205445241e-22
4834.63096161  2.19347382818e-22
5023.77286302  2.19463418372e-22
5220.31443137  2.19555478e-22
5424.54515866  2.19625367065e-22
5636.76586253  2.19674779627e-22
5857.28912925  2.19705306736e-22
6086.43977422  2.19718443748e-22
6324.55532034  2.19715596782e-22
6571.9864952  2.1969808846e-22
6829.09774767  2.19667163016e-22
7096.26778467  2.19623990863e-22
7373.89012904  2.19569672705e-22
7662.37369911  2.19505243258e-22
7962.14341107  2.19431674627e-22
8273.64080478  2.19349879413e-22
8597.32469416  2.19260713568e-22
8933.67184302  2.19164979055e-22
9283.17766723  2.19063426339e-22
9646.35696448  2.18956756732e-22
10023.7446725  2.18845624616e-22
10415.8966572  2.18730639575e-22
10823.3905309  2.1861236843e-22
11246.8265038  2.18491337215e-22
11686.8282675  2.18368033075e-22
12144.0439138  2.18242906126e-22
12619.1468896  2.18116371255e-22
13112.8369884  2.1798880988e-22
13625.8413812  2.17860571665e-22
14158.9156877  2.17731976204e-22
14712.8450892  2.17603314651e-22
15288.4454851  2.17474851323e-22
15886.5646945  2.17346825257e-22
16508.0837054  2.17219451726e-22
17153.9179718  2.17092923711e-22
17825.0187627  2.16967413336e-22
18522.3745626  2.16843073241e-22
19247.012528  2.1672003793e-22
20000  2.16598425046e-22

