3.84028387728 20 44
44
3.84028387728  0
3.99052462994  2.44608486717e-42
4.14664314697  2.3536857615e-41
4.30886938006  4.93026839835e-41
4.47744227714  7.60765288398e-41
4.65261013431  1.03897828189e-40
4.83463096161  1.32807560865e-40
5.02377286302  2.18820472906e-38
5.22031443137  1.24966532338e-37
5.42454515866  2.39654893933e-37
5.63676586253  3.58830128457e-37
5.85728912925  4.82667772716e-37
6.08643977422  2.04855523588e-35
6.32455532034  7.25647053805e-35
6.5719864952  1.27067558685e-34
6.82909774767  1.83702689176e-34
7.09626778467  2.35531064855e-33
7.37389012904  8.14036734764e-33
7.66237369911  1.4206944046e-32
7.96214341107  3.77317337972e-32
8.27364080478  2.35866336847e-31
8.59732469416  4.86898908213e-31
8.93367184302  9.86224795069e-31
9.28317766723  4.98746848029e-30
9.64635696448  1.02971032891e-29
10.0237446725  2.55170319271e-29
10.4158966572  8.62730980902e-29
10.8233905309  1.56863676318e-28
11.2468265038  5.24630622579e-28
11.6868282675  1.12127175763e-27
12.1440439138  2.82975995326e-27
12.6191468896  6.7283135175e-27
13.1128369884  1.53477702505e-26
13.6258413812  3.60851960952e-26
14.1589156877  8.17729594648e-26
14.7128450892  1.77842669083e-25
15.2884454851  4.15280272369e-25
15.8865646945  8.39178983252e-25
16.5080837054  1.86634944599e-24
17.1539179718  3.62188667343e-24
17.8250187627  6.78783794478e-24
18.5223745626  1.46928171216e-23
19.247012528  2.467948611e-23
20  3.50568565969e-23

