2.93559853524 20 51
51
2.93559853524  0
3.05044591308  8.29237184863e-39
3.16978638492  2.73580351872e-38
3.29379573097  4.72041162202e-38
3.42265660832  6.78266216654e-38
3.55655882008  8.92559270344e-38
3.69569959484  1.11523596199e-37
3.84028387728  1.34662427882e-37
3.99052462994  7.0115658267e-36
4.14664314697  6.61236658904e-35
4.30886938006  1.38334197726e-34
4.47744227714  2.13369771927e-34
4.65261013431  2.91340910662e-34
4.83463096161  3.72362459976e-34
5.02377286302  4.95902052199e-33
5.22031443137  2.64098127175e-32
5.42454515866  5.02692990098e-32
5.63676586253  7.50622233742e-32
5.85728912925  1.00825104059e-31
6.08643977422  7.92742894102e-31
6.32455532034  2.55906357774e-30
6.5719864952  4.40741355026e-30
6.82909774767  6.328075232e-30
7.09626778467  2.70408366971e-29
7.37389012904  7.98228987414e-29
7.66237369911  1.35158892544e-28
7.96214341107  2.48707565397e-28
8.27364080478  9.31995825477e-28
8.59732469416  1.78895161404e-27
8.93367184302  3.03761181893e-27
9.28317766723  9.56555770008e-27
9.64635696448  1.80789410216e-26
10.0237446725  3.47553860199e-26
10.4158966572  8.8351514426e-26
10.8233905309  1.49449653858e-25
11.2468265038  3.50276852478e-25
11.6868282675  6.59014580053e-25
12.1440439138  1.26176844728e-24
12.6191468896  2.43804765853e-24
13.1128369884  4.19050665277e-24
13.6258413812  7.35800393728e-24
14.1589156877  1.146750235e-23
14.7128450892  1.72823805562e-23
15.2884454851  2.40033276991e-23
15.8865646945  3.16154404058e-23
16.5080837054  3.95389176008e-23
17.1539179718  4.76136942809e-23
17.8250187627  5.55675672838e-23
18.5223745626  6.30475568707e-23
19.247012528  7.06250767508e-23
20  7.8499046666e-23

