0.893367184302 20 82
82
0.893367184302  0
0.928317766723  7.09856573352e-26
0.964635696448  2.69778076966e-25
1.00237446725  4.78716001646e-25
1.04158966572  6.95828059299e-25
1.08233905309  9.21434040837e-25
1.12468265038  1.15586624813e-24
1.16868282675  1.39946998347e-24
1.21440439138  1.65260405816e-24
1.26191468896  1.91564132102e-24
1.31128369884  2.18896920761e-24
1.36258413812  2.47299031082e-24
1.41589156877  2.76812297393e-24
1.47128450892  3.07480190675e-24
1.52884454851  3.39347882597e-24
1.58865646945  3.72462312044e-24
1.65080837054  4.06872254261e-24
1.71539179718  4.42628392693e-24
1.78250187627  4.79783393637e-24
1.85223745626  5.39667862648e-24
1.9247012528  6.92169750112e-24
2  8.60833268918e-24
2.07824460767  1.03609529315e-23
2.15955032466  1.21821397155e-23
2.2440369086  1.40745755222e-23
2.33182880236  1.60410477775e-23
2.42305531726  1.80844529578e-23
2.51785082359  2.02078008565e-23
2.61635494852  2.24142190168e-23
2.71871278176  2.47070058331e-23
2.82507508925  2.71647383064e-23
2.93559853524  2.97866892224e-23
3.05044591308  3.25112168988e-23
3.16978638492  3.53423343748e-23
3.29379573097  3.82842116889e-23
3.42265660832  4.13411820211e-23
3.55655882008  4.45177480755e-23
3.69569959484  4.76373568858e-23
3.84028387728  4.99105291576e-23
3.99052462994  5.21291835344e-23
4.14664314697  5.44346367819e-23
4.30886938006  5.68302846718e-23
4.47744227714  5.93196558263e-23
4.65261013431  6.16806088607e-23
4.83463096161  6.35117737636e-23
5.02377286302  6.53784934646e-23
5.22031443137  6.7318243541e-23
5.42454515866  6.93338811093e-23
5.63676586253  7.11801707288e-23
5.85728912925  7.28128143521e-23
6.08643977422  7.45089702208e-23
6.32455532034  7.62714836148e-23
6.5719864952  7.78456607626e-23
6.82909774767  7.91656971399e-23
7.09626778467  8.05365542911e-23
7.37389012904  8.18983257653e-23
7.66237369911  8.28839586276e-23
7.96214341107  8.38267497602e-23
8.27364080478  8.47760377373e-23
8.59732469416  8.54795341229e-23
8.93367184302  8.61412422805e-23
9.28317766723  8.67901819851e-23
9.64635696448  8.7332785007e-23
10.0237446725  8.78842032681e-23
10.4158966572  8.83919743471e-23
10.8233905309  8.88844675951e-23
11.2468265038  8.93573861097e-23
11.6868282675  8.97926266428e-23
12.1440439138  9.0210493355e-23
12.6191468896  9.05785084076e-23
13.1128369884  9.09389563381e-23
13.6258413812  9.12817113669e-23
14.1589156877  9.15291921956e-23
14.7128450892  9.17003566485e-23
15.2884454851  9.18048972467e-23
15.8865646945  9.18722158535e-23
16.5080837054  9.18952532725e-23
17.1539179718  9.18930717867e-23
17.8250187627  9.18745732628e-23
18.5223745626  9.25342491361e-23
19.247012528  9.34595103022e-23
20  9.44209698167e-23

