0.964635696448 20 80
80
0.964635696448  0
1.00237446725  2.31167421108e-43
1.04158966572  1.54210803526e-42
1.08233905309  3.03911939364e-42
1.12468265038  4.59469728523e-42
1.16868282675  6.21113296773e-42
1.21440439138  7.89080733814e-42
1.26191468896  9.6361944396e-42
1.31128369884  1.14498651056e-41
1.36258413812  1.33344907464e-41
1.41589156877  1.52928472841e-41
1.47128450892  1.73278192413e-41
1.52884454851  1.94424039898e-41
1.58865646945  2.16397161652e-41
1.65080837054  2.39229922552e-41
1.71539179718  2.62955953662e-41
1.78250187627  2.87610201769e-41
1.85223745626  3.13228980861e-41
1.9247012528  3.39850025613e-41
2  6.42273810258e-37
2.07824460767  5.07823864028e-36
2.15955032466  1.03033872688e-35
2.2440369086  1.57329557495e-35
2.33182880236  2.1374941458e-35
2.42305531726  2.72376546457e-35
2.51785082359  3.332973068e-35
2.61635494852  3.96601427638e-35
2.71871278176  4.62382151526e-35
2.82507508925  5.30736368881e-35
2.93559853524  6.01764760695e-35
3.05044591308  1.17354268698e-32
3.16978638492  3.85696399585e-32
3.29379573097  6.65022480807e-32
3.42265660832  9.55276441847e-32
3.55655882008  1.25688580654e-31
3.69569959484  1.57029482444e-31
3.84028387728  1.89596512516e-31
3.99052462994  9.59435761368e-31
4.14664314697  7.34056590105e-30
4.30886938006  1.51297403414e-29
4.47744227714  2.32236452308e-29
4.65261013431  3.16342023265e-29
4.83463096161  4.03737997924e-29
5.02377286302  1.32196285052e-28
5.22031443137  5.34222513859e-28
5.42454515866  9.80819148146e-28
5.63676586253  1.44488767165e-27
5.85728912925  1.92711162493e-27
6.08643977422  5.79393303464e-27
6.32455532034  1.5111679189e-26
6.5719864952  2.4859368125e-26
6.82909774767  3.49884091093e-26
7.09626778467  7.80939647672e-26
7.37389012904  1.77297783911e-25
7.66237369911  2.81233835742e-25
7.96214341107  4.25856349163e-25
8.27364080478  9.45488029279e-25
8.59732469416  1.58145304219e-24
8.93367184302  2.31891292478e-24
9.28317766723  4.20401560732e-24
9.64635696448  6.5329258868e-24
10.0237446725  9.30415329582e-24
10.4158966572  1.38105202217e-23
10.8233905309  1.87016167197e-23
11.2468265038  2.43821971143e-23
11.6868282675  3.07207652831e-23
12.1440439138  3.72179394202e-23
12.6191468896  4.37949672199e-23
13.1128369884  5.04135738254e-23
13.6258413812  5.67398467259e-23
14.1589156877  6.30017725155e-23
14.7128450892  6.89239906883e-23
15.2884454851  7.46381941476e-23
15.8865646945  8.0118768337e-23
16.5080837054  8.52808667644e-23
17.1539179718  9.02862703042e-23
17.8250187627  9.4997020321e-23
18.5223745626  9.91556583303e-23
19.247012528  1.03263931888e-22
20  1.07532930573e-22

