1.9247012528 20000 242
242
1.9247012528  0
2  2.47904072127e-43
2.07824460767  1.96018930569e-42
2.15955032466  3.97710013922e-42
2.2440369086  6.0729171712e-42
2.33182880236  8.25072739388e-42
2.42305531726  1.05137385698e-41
2.51785082359  1.28652839565e-41
2.61635494852  1.53088272163e-41
2.71871278176  1.7847967518e-41
2.82507508925  2.0486444838e-41
2.93559853524  2.32281454694e-41
3.05044591308  1.27543831348e-37
3.16978638492  4.20733182395e-37
3.29379573097  7.25923692338e-37
3.42265660832  1.04305395814e-36
3.55655882008  1.37259109055e-36
3.69569959484  1.71502047479e-36
3.84028387728  2.07084648543e-36
3.99052462994  6.57818091032e-35
4.14664314697  6.12310272969e-34
4.30886938006  1.27991399155e-33
4.47744227714  1.97363590565e-33
4.65261013431  2.69449781926e-33
4.83463096161  3.44356151167e-33
5.02377286302  3.38555427111e-32
5.22031443137  1.75269945945e-31
5.42454515866  3.3254662151e-31
5.63676586253  4.95976322962e-31
5.85728912925  6.6579977085e-31
6.08643977422  4.27772819736e-30
6.32455532034  1.3440404468e-29
6.5719864952  2.30283119794e-29
6.82909774767  3.29913205217e-29
7.09626778467  1.24066427105e-28
7.37389012904  3.53517987131e-28
7.66237369911  5.94055071349e-28
7.96214341107  1.0536672426e-27
8.27364080478  3.64593557855e-27
8.59732469416  6.88927939777e-27
8.93367184302  1.14409758193e-26
9.28317766723  3.34235443613e-26
9.64635696448  6.19727578155e-26
10.0237446725  1.1431934803e-25
10.4158966572  2.73766036388e-25
10.8233905309  4.54734715547e-25
11.2468265038  9.79652483891e-25
11.6868282675  1.77052137681e-24
12.1440439138  3.12186199291e-24
12.6191468896  5.55896739942e-24
13.1128369884  8.75131710977e-24
13.6258413812  1.37208063579e-23
14.1589156877  1.94848400209e-23
14.7128450892  2.65357239934e-23
15.2884454851  3.40125783898e-23
15.8865646945  4.18708448582e-23
16.5080837054  4.96447546934e-23
17.1539179718  5.73781286051e-23
17.8250187627  6.48362919828e-23
18.5223745626  7.15401513821e-23
19.247012528  7.82130705631e-23
20  8.51470497158e-23
20.7824460767  9.23523021077e-23
21.5955032466  9.98394405729e-23
22.440369086  1.07619493144e-22
23.3182880236  1.15703919296e-22
24.2305531726  1.23222827561e-22
25.1785082359  1.28042429693e-22
26.1635494852  1.32608501034e-22
27.1871278176  1.36930557212e-22
28.2507508925  1.41017746309e-22
29.3559853524  1.44878862327e-22
30.5044591308  1.48522358243e-22
31.6978638492  1.51956358654e-22
32.9379573097  1.55188672027e-22
34.2265660832  1.58226802571e-22
35.5655882008  1.61077961731e-22
36.9569959484  1.63749079325e-22
38.4028387728  1.66246814332e-22
39.9052462994  1.68577565344e-22
41.4664314697  1.70747480691e-22
43.0886938006  1.72762468259e-22
44.7744227714  1.74628205007e-22
46.5261013431  1.76350146196e-22
48.3463096161  1.77933534347e-22
50.2377286302  1.79383407934e-22
52.2031443137  1.80704609835e-22
54.2454515866  1.81901795543e-22
56.3676586253  1.82979441157e-22
58.5728912925  1.83941851164e-22
60.8643977422  1.84793166026e-22
63.2455532034  1.85537369585e-22
65.719864952  1.86178296298e-22
68.2909774767  1.86719638317e-22
70.9626778467  1.87164952432e-22
73.7389012904  1.8751766688e-22
76.6237369911  1.87781088042e-22
79.6214341107  1.87958407043e-22
82.7364080478  1.88052706262e-22
85.9732469416  1.88066965771e-22
89.3367184302  1.88004069714e-22
92.8317766723  1.87866812641e-22
96.4635696448  1.87657905811e-22
100.237446725  1.87379983472e-22
104.158966572  1.87035609134e-22
108.233905309  1.86627281852e-22
112.468265038  1.86157442511e-22
116.868282675  1.85628480145e-22
121.440439138  1.85042738278e-22
126.191468896  1.8440252131e-22
131.128369884  1.83710100929e-22
136.258413812  1.82967722572e-22
141.589156877  1.82177611915e-22
147.128450892  1.8134198139e-22
152.884454851  1.80463036714e-22
158.865646945  1.79542983415e-22
165.080837054  1.78584033324e-22
171.539179718  1.77588411e-22
178.250187627  1.76558360048e-22
185.223745626  1.75496149278e-22
192.47012528  1.74404078635e-22
200  1.73284484837e-22
207.824460767  1.7213974662e-22
215.955032466  1.70972289498e-22
224.40369086  1.69784589919e-22
233.182880236  1.68579178688e-22
242.305531726  1.67358643523e-22
251.785082359  1.6612563058e-22
261.635494852  1.64882844789e-22
271.871278176  1.63633048839e-22
282.507508925  1.62379060625e-22
293.559853524  1.61123749004e-22
305.044591308  1.59870027692e-22
316.978638492  1.5862084716e-22
329.379573097  1.57379184417e-22
342.265660832  1.56148030601e-22
355.655882008  1.5493037634e-22
369.569959484  1.53729194911e-22
384.028387728  1.52547423291e-22
399.052462994  1.51387941258e-22
414.664314697  1.5033497784e-22
430.886938006  1.49226542306e-22
447.744227714  1.4814855001e-22
465.261013431  1.47103404662e-22
483.463096161  1.46093330957e-22
502.377286302  1.45120350219e-22
522.031443137  1.44186257472e-22
542.454515866  1.432926006e-22
563.676586253  1.42440662266e-22
585.728912925  1.41631445183e-22
608.643977422  1.40865661299e-22
632.455532034  1.40143725337e-22
657.19864952  1.39465753042e-22
682.909774767  1.38831564348e-22
709.626778467  1.38240691582e-22
737.389012904  1.37692392689e-22
766.237369911  1.371856694e-22
796.214341107  1.36719290224e-22
827.364080478  1.36291818164e-22
859.732469416  1.35901643231e-22
893.367184302  1.35547020197e-22
928.317766723  1.35226112902e-22
964.635696448  1.34937048719e-22
1002.37446725  1.34677995785e-22
1041.58966572  1.3445928533e-22
1082.33905309  1.34291681015e-22
1124.68265038  1.34174404894e-22
1168.68282675  1.34106490672e-22
1214.40439138  1.33612194775e-22
1261.91468896  1.3368022967e-22
1311.28369884  1.33790781751e-22
1362.58413812  1.33944343353e-22
1415.89156877  1.34141264671e-22
1471.28450892  1.34381751435e-22
1528.84454851  1.34665864051e-22
1588.65646945  1.34993518243e-22
1650.80837054  1.35364487161e-22
1715.39179718  1.35778404934e-22
1782.50187627  1.36234771567e-22
1852.23745626  1.36732959091e-22
1924.7012528  1.38971026237e-22
2000  1.40113160031e-22
2078.24460767  1.41162547333e-22
2159.55032466  1.42129517473e-22
2244.0369086  1.43023200039e-22
2331.82880236  1.43851722073e-22
2423.05531726  1.44622364436e-22
2517.85082359  1.45341686956e-22
2616.35494852  1.46015629389e-22
2718.71278176  1.46649593499e-22
2825.07508925  1.47248510217e-22
2935.59853524  1.47816894925e-22
3050.44591308  1.48167668626e-22
3169.78638492  1.48602291371e-22
3293.79573097  1.4899296996e-22
3422.65660832  1.49343022338e-22
3556.55882008  1.49655479861e-22
3695.69959484  1.49933121189e-22
3840.28387728  1.50178501224e-22
3990.52462994  1.503939759e-22
4146.64314697  1.50581723521e-22
4308.86938006  1.50743763166e-22
4477.44227714  1.50881970627e-22
4652.61013431  1.50998092235e-22
4834.63096161  1.51093756887e-22
5023.77286302  1.51170486528e-22
5220.31443137  1.51229705316e-22
5424.54515866  1.51272747632e-22
5636.76586253  1.51300865114e-22
5857.28912925  1.51315232846e-22
6086.43977422  1.51316954803e-22
6324.55532034  1.51307068675e-22
6571.9864952  1.51286550144e-22
6829.09774767  1.51256316691e-22
7096.26778467  1.51217231006e-22
7373.89012904  1.51170104051e-22
7662.37369911  1.51115697834e-22
7962.14341107  1.5105472793e-22
8273.64080478  1.50987865791e-22
8597.32469416  1.50915740878e-22
8933.67184302  1.50838942642e-22
9283.17766723  1.5075802238e-22
9646.35696448  1.50673494978e-22
10023.7446725  1.50585840573e-22
10415.8966572  1.50495506135e-22
10823.3905309  1.50402906984e-22
11246.8265038  1.50308428259e-22
11686.8282675  1.50212426332e-22
12144.0439138  1.5011523019e-22
12619.1468896  1.50017142773e-22
13112.8369884  1.49918442283e-22
13625.8413812  1.49819383463e-22
14158.9156877  1.49720198838e-22
14712.8450892  1.49621099939e-22
15288.4454851  1.49522278483e-22
15886.5646945  1.49423907535e-22
16508.0837054  1.4932614263e-22
17153.9179718  1.49229122872e-22
17825.0187627  1.49132971988e-22
18522.3745626  1.4903779936e-22
19247.012528  1.48943701013e-22
20000  1.48850760569e-22

