4.83463096161 20 38
38
4.83463096161  0
5.02377286302  9.00466725628e-42
5.22031443137  5.17300181371e-41
5.42454515866  9.92657697331e-41
5.63676586253  1.48661229446e-40
5.85728912925  1.99989153342e-40
6.08643977422  3.10953522326e-38
6.32455532034  1.11762944355e-37
6.5719864952  1.96185835812e-37
6.82909774767  2.83911545279e-37
7.09626778467  8.94359462303e-36
7.37389012904  3.22522562013e-35
7.66237369911  5.66966569082e-35
7.96214341107  2.23996115472e-34
8.27364080478  1.82902913148e-33
8.59732469416  3.86885845321e-33
8.93367184302  9.36321360145e-33
9.28317766723  6.43531958077e-32
9.64635696448  1.37794875439e-31
10.0237446725  4.24294581358e-31
10.4158966572  1.69554425047e-30
10.8233905309  3.19357373296e-30
11.2468265038  1.36615542213e-29
11.6868282675  3.10311378302e-29
12.1440439138  9.1579811601e-29
12.6191468896  2.37396421506e-28
13.1128369884  6.0452595431e-28
13.6258413812  1.54319916464e-27
14.1589156877  3.85170295943e-27
14.7128450892  8.94430481612e-27
15.2884454851  2.32601275359e-26
15.8865646945  5.05375286967e-26
16.5080837054  1.28104071894e-25
17.1539179718  2.88569702121e-25
17.8250187627  6.38535202e-25
18.5223745626  6.11628033046e-24
19.247012528  1.36282501021e-23
20  2.14341054375e-23

