3.84028387728 20000 224
224
3.84028387728  0
3.99052462994  5.81250084047e-41
4.14664314697  5.5929377801e-40
4.30886938006  1.17155335016e-39
4.47744227714  1.80776592732e-39
4.65261013431  2.46886860623e-39
4.83463096161  3.15583514501e-39
5.02377286302  2.95007819447e-37
5.22031443137  1.677142029e-36
5.42454515866  3.21483472838e-36
5.63676586253  4.81268550874e-36
5.85728912925  6.47304789282e-36
6.08643977422  1.86159336504e-34
6.32455532034  6.53090835595e-34
6.5719864952  1.14174834106e-33
6.82909774767  1.64952325392e-33
7.09626778467  1.63301457487e-32
7.37389012904  5.52218345201e-32
7.66237369911  9.60047988898e-32
7.96214341107  2.31158777941e-31
8.27364080478  1.3073324313e-30
8.59732469416  2.66883000508e-30
8.93367184302  5.16922834467e-30
9.28317766723  2.36208580355e-29
9.64635696448  4.8038124048e-29
10.0237446725  1.12266789141e-28
10.4158966572  3.58983460487e-28
10.8233905309  6.4457381049e-28
11.2468265038  2.01506603874e-27
11.6868282675  4.22140552407e-27
12.1440439138  1.02159737824e-26
12.6191468896  2.3665969301e-26
13.1128369884  5.22342289192e-26
13.6258413812  1.19519659359e-25
14.1589156877  2.60754683783e-25
14.7128450892  5.50782691759e-25
15.2884454851  1.21002096852e-24
15.8865646945  2.33284947913e-24
16.5080837054  4.71137720246e-24
17.1539179718  8.27501674921e-24
17.8250187627  1.38163687766e-23
18.5223745626  2.24098129013e-23
19.247012528  3.2493213908e-23
20  4.29711007926e-23
20.7824460767  5.38589067515e-23
21.5955032466  6.51726687631e-23
22.440369086  7.69290512097e-23
23.3182880236  8.91453704224e-23
24.2305531726  1.00755024019e-22
25.1785082359  1.09019245505e-22
26.1635494852  1.16879213987e-22
27.1871278176  1.24350259011e-22
28.2507508925  1.3144712002e-22
29.3559853524  1.38183967912e-22
30.5044591308  1.44574425939e-22
31.6978638492  1.50631589933e-22
32.9379573097  1.56368047901e-22
34.2265660832  1.61795898995e-22
35.5655882008  1.66926771868e-22
36.9569959484  1.71771842451e-22
38.4028387728  1.7634185116e-22
39.9052462994  1.80647119544e-22
41.4664314697  1.84697566411e-22
43.0886938006  1.88502723437e-22
44.7744227714  1.92071750277e-22
46.5261013431  1.9541344921e-22
48.3463096161  1.98536279325e-22
50.2377286302  2.01448370268e-22
52.2031443137  2.04157535574e-22
54.2454515866  2.0667128561e-22
56.3676586253  2.08996840126e-22
58.5728912925  2.11141140457e-22
60.8643977422  2.13110861391e-22
63.2455532034  2.14912422702e-22
65.719864952  2.16552000401e-22
68.2909774767  2.18035537697e-22
70.9626778467  2.19368755697e-22
73.7389012904  2.20557163874e-22
76.6237369911  2.21606070307e-22
79.6214341107  2.2252059172e-22
82.7364080478  2.23305663345e-22
85.9732469416  2.23966048614e-22
89.3367184302  2.24506348717e-22
92.8317766723  2.24931012032e-22
96.4635696448  2.25244343445e-22
100.237446725  2.25450513594e-22
104.158966572  2.25553568031e-22
108.233905309  2.25557436335e-22
112.468265038  2.25465941188e-22
116.868282675  2.25282807419e-22
121.440439138  2.25011671041e-22
126.191468896  2.24656088278e-22
131.128369884  2.24219544589e-22
136.258413812  2.23705463704e-22
141.589156877  2.2311721665e-22
147.128450892  2.22458130779e-22
152.884454851  2.21731498766e-22
158.865646945  2.20940587575e-22
165.080837054  2.20088647347e-22
171.539179718  2.19178920189e-22
178.250187627  2.18214648792e-22
185.223745626  2.17199084845e-22
192.47012528  2.16135497146e-22
200  2.15027179337e-22
207.824460767  2.1387745715e-22
215.955032466  2.12689695052e-22
224.40369086  2.11467302139e-22
233.182880236  2.10213737139e-22
242.305531726  2.08932512346e-22
251.785082359  2.07627196297e-22
261.635494852  2.06301415003e-22
271.871278176  2.04958851526e-22
282.507508925  2.03603243683e-22
293.559853524  2.02238379686e-22
305.044591308  2.00868091508e-22
316.978638492  1.99496245806e-22
329.379573097  1.98126732249e-22
342.265660832  1.96763449161e-22
355.655882008  1.95410286412e-22
369.569959484  1.94071105602e-22
384.028387728  1.92749717615e-22
399.052462994  1.91449857763e-22
414.664314697  1.90272968691e-22
430.886938006  1.89024784727e-22
447.744227714  1.87808707657e-22
465.261013431  1.86627874235e-22
483.463096161  1.85485199069e-22
502.377286302  1.84383345072e-22
522.031443137  1.83324695562e-22
542.454515866  1.82311328817e-22
563.676586253  1.81344995915e-22
585.728912925  1.80427102599e-22
608.643977422  1.79558695846e-22
632.455532034  1.78740455713e-22
657.19864952  1.77972692889e-22
682.909774767  1.77255352233e-22
709.626778467  1.76588022458e-22
737.389012904  1.75969951954e-22
766.237369911  1.75400070669e-22
796.214341107  1.74877017897e-22
827.364080478  1.74399175878e-22
859.732469416  1.73964709291e-22
893.367184302  1.73571611165e-22
928.317766723  1.73217756811e-22
964.635696448  1.72900970126e-22
1002.37446725  1.72619117563e-22
1041.58966572  1.72384792934e-22
1082.33905309  1.72211119074e-22
1124.68265038  1.72097236988e-22
1168.68282675  1.72042053034e-22
1214.40439138  1.71468952708e-22
1261.91468896  1.71576431914e-22
1311.28369884  1.71734526659e-22
1362.58413812  1.71943885979e-22
1415.89156877  1.72204982729e-22
1471.28450892  1.72518110796e-22
1528.84454851  1.72883384137e-22
1588.65646945  1.73300737649e-22
1650.80837054  1.73769929865e-22
1715.39179718  1.74290547408e-22
1782.50187627  1.74862011126e-22
1852.23745626  1.75483583746e-22
1924.7012528  1.78214853536e-22
2000  1.79616159949e-22
2078.24460767  1.80904376663e-22
2159.55032466  1.82092069863e-22
2244.0369086  1.83190343339e-22
2331.82880236  1.84209079647e-22
2423.05531726  1.85157131184e-22
2517.85082359  1.86042472983e-22
2616.35494852  1.86872325916e-22
2718.71278176  1.87653256764e-22
2825.07508925  1.88391260058e-22
2935.59853524  1.89091825411e-22
3050.44591308  1.8952819587e-22
3169.78638492  1.90065809737e-22
3293.79573097  1.90549771664e-22
3422.65660832  1.90984116335e-22
3556.55882008  1.91372530348e-22
3695.69959484  1.91718393423e-22
3840.28387728  1.92024813562e-22
3990.52462994  1.9229465718e-22
4146.64314697  1.92530575012e-22
4308.86938006  1.92735024469e-22
4477.44227714  1.92910288986e-22
4652.61013431  1.93058494805e-22
4834.63096161  1.93181625573e-22
5023.77286302  1.93281535063e-22
5220.31443137  1.93359958289e-22
5424.54515866  1.93418521229e-22
5636.76586253  1.9345874936e-22
5857.28912925  1.93482075157e-22
6086.43977422  1.93489844703e-22
6324.55532034  1.93483323544e-22
6571.9864952  1.93463701867e-22
6829.09774767  1.93432099125e-22
7096.26778467  1.93389568167e-22
7373.89012904  1.93337098959e-22
7662.37369911  1.93275621942e-22
7962.14341107  1.93206011093e-22
8273.64080478  1.93129086725e-22
8597.32469416  1.93045618075e-22
8933.67184302  1.92956325708e-22
9283.17766723  1.9286188376e-22
9646.35696448  1.92762922065e-22
10023.7446725  1.92660028163e-22
10415.8966572  1.92553749219e-22
10823.3905309  1.92444593871e-22
11246.8265038  1.92333034004e-22
11686.8282675  1.92219506474e-22
12144.0439138  1.92104414779e-22
12619.1468896  1.91988130689e-22
13112.8369884  1.91870995834e-22
13625.8413812  1.91753323252e-22
14158.9156877  1.91635398904e-22
14712.8450892  1.91517483155e-22
15288.4454851  1.9139981221e-22
15886.5646945  1.91282599525e-22
16508.0837054  1.91166037173e-22
17153.9179718  1.91050297174e-22
17825.0187627  1.90935532783e-22
18522.3745626  1.90821879737e-22
19247.012528  1.90709457462e-22
20000  1.90598370234e-22

