4.83463096161 20 38
38
4.83463096161  0
5.02377286302  8.04256714099e-42
5.22031443137  4.62029447875e-41
5.42454515866  8.86597577854e-41
5.63676586253  1.32777579121e-40
5.85728912925  1.78621391268e-40
6.08643977422  2.79153996561e-38
6.32455532034  1.00336334497e-37
6.5719864952  1.76128665888e-37
6.82909774767  2.54886167896e-37
7.09626778467  8.06018825556e-36
7.37389012904  2.90697156696e-35
7.66237369911  5.1102957755e-35
7.96214341107  2.02294581964e-34
8.27364080478  1.65339654449e-33
8.59732469416  3.49761257532e-33
8.93367184302  8.47200569303e-33
9.28317766723  5.829701156e-32
9.64635696448  1.24841965617e-31
10.0237446725  3.84757635227e-31
10.4158966572  1.53844460333e-30
10.8233905309  2.89800318965e-30
11.2468265038  1.24065450289e-29
11.6868282675  2.8185011662e-29
12.1440439138  8.31854534851e-29
12.6191468896  2.1563948987e-28
13.1128369884  5.48788119003e-28
13.6258413812  1.40021072399e-27
14.1589156877  3.48989493951e-27
14.7128450892  8.09597977239e-27
15.2884454851  2.10079004616e-26
15.8865646945  4.55843882409e-26
16.5080837054  1.15343143342e-25
17.1539179718  2.59579537894e-25
17.8250187627  5.74146887407e-25
18.5223745626  6.05163522092e-24
19.247012528  1.35721569283e-23
20  2.13868987708e-23

