0.964635696448 20 80
80
0.964635696448  0
1.00237446725  1.73696607214e-32
1.04158966572  1.15872267985e-31
1.08233905309  2.28356022255e-31
1.12468265038  3.45240400136e-31
1.16868282675  4.66697564161e-31
1.21440439138  5.92906412261e-31
1.26191468896  7.24052841263e-31
1.31128369884  8.60330020707e-31
1.36258413812  1.00193867737e-30
1.41589156877  1.14908739093e-30
1.47128450892  1.30199290116e-30
1.52884454851  1.46088042723e-30
1.58865646945  1.62598399937e-30
1.65080837054  1.79754680362e-30
1.71539179718  1.97582154002e-30
1.78250187627  2.16107079483e-30
1.85223745626  2.35356742727e-30
1.9247012528  2.55359497145e-30
2  1.22084276216e-29
2.07824460767  7.76751502176e-29
2.15955032466  1.54758812137e-28
2.2440369086  2.34858164499e-28
2.33182880236  3.18091188061e-28
2.42305531726  4.0458047926e-28
2.51785082359  4.94453430787e-28
2.61635494852  5.87842419231e-28
2.71871278176  6.84885000056e-28
2.82507508925  7.85724110212e-28
2.93559853524  8.90508278675e-28
3.05044591308  1.1194526023e-27
3.16978638492  1.50863734968e-27
3.29379573097  1.91354777006e-27
3.42265660832  2.33429921892e-27
3.55655882008  2.77151143381e-27
3.69569959484  3.22582839781e-27
3.84028387728  3.69791928811e-27
3.99052462994  8.67105141065e-27
4.14664314697  4.78306914886e-26
4.30886938006  9.55775420813e-26
4.47744227714  1.4519235947e-25
4.65261013431  1.9674822282e-25
4.83463096161  2.50321070319e-25
5.02377286302  5.18933205601e-25
5.22031443137  1.58715378864e-24
5.42454515866  2.77139436787e-24
5.63676586253  4.00196516687e-24
5.85728912925  5.28067873055e-24
6.08643977422  6.94209526222e-24
6.32455532034  9.19233954155e-24
6.5719864952  1.1537083945e-23
6.82909774767  1.39735601514e-23
7.09626778467  1.77389042067e-23
7.37389012904  2.37116897751e-23
7.66237369911  2.99503705907e-23
7.96214341107  3.62887121179e-23
8.27364080478  4.14184985654e-23
8.59732469416  4.63703845561e-23
8.93367184302  5.14790199633e-23
9.28317766723  5.62475057867e-23
9.64635696448  6.10239285272e-23
10.0237446725  6.58163715545e-23
10.4158966572  7.00049830102e-23
10.8233905309  7.4254516845e-23
11.2468265038  7.81251514317e-23
11.6868282675  8.17500621947e-23
12.1440439138  8.52727533306e-23
12.6191468896  8.8457249423e-23
13.1128369884  9.15867460276e-23
13.6258413812  9.44023137845e-23
14.1589156877  9.7131265639e-23
14.7128450892  9.96076124551e-23
15.2884454851  1.01935622931e-22
15.8865646945  1.041031281e-22
16.5080837054  1.0609139371e-22
17.1539179718  1.07989374349e-22
17.8250187627  1.09743497614e-22
18.5223745626  1.13577289102e-22
19.247012528  1.18274749164e-22
20  1.23155984686e-22

