1.9247012528 20 62
62
1.9247012528  0
2  7.17024206163e-42
2.07824460767  5.66954454917e-41
2.15955032466  1.15031473493e-40
2.2440369086  1.75649741306e-40
2.33182880236  2.3863953541e-40
2.42305531726  3.04093635378e-40
2.51785082359  3.72108450532e-40
2.61635494852  4.4278416195e-40
2.71871278176  5.16224870024e-40
2.82507508925  5.92538747793e-40
2.93559853524  6.71838200274e-40
3.05044591308  1.6301367858e-36
3.16978638492  5.37646771181e-36
3.29379573097  9.2761476158e-36
3.42265660832  1.33283919819e-35
3.55655882008  1.75391694832e-35
3.69569959484  2.19146823014e-35
3.84028387728  2.64613752614e-35
3.99052462994  5.22027278684e-34
4.14664314697  4.75909688337e-33
4.30886938006  9.93447382005e-33
4.47744227714  1.53123234257e-32
4.65261013431  2.09005668976e-32
4.83463096161  2.67074353285e-32
5.02377286302  1.97540799714e-31
5.22031443137  9.85750819521e-31
5.42454515866  1.86224390299e-30
5.63676586253  2.77302741518e-30
5.85728912925  3.71944287666e-30
6.08643977422  1.98142136878e-29
6.32455532034  6.03327892435e-29
6.5719864952  1.0273022493e-28
6.82909774767  1.46786345978e-28
7.09626778467  4.90207698852e-28
7.37389012904  1.34415225644e-27
7.66237369911  2.23928090651e-27
7.96214341107  3.83736683765e-27
8.27364080478  1.22347835381e-26
8.59732469416  2.27118015867e-26
8.93367184302  3.68809382703e-26
9.28317766723  9.95344670747e-26
9.64635696448  1.80492772501e-25
10.0237446725  3.18873012446e-25
10.4158966572  7.13965644251e-25
10.8233905309  1.16013529862e-24
11.2468265038  2.27565222053e-24
11.6868282675  3.90972560435e-24
12.1440439138  6.3307593099e-24
12.6191468896  1.02568464842e-23
13.1128369884  1.48950772028e-23
13.6258413812  2.1076725763e-23
14.1589156877  2.77616504277e-23
14.7128450892  3.51011326184e-23
15.2884454851  4.25445540195e-23
15.8865646945  5.00463400063e-23
16.5080837054  5.72975929142e-23
17.1539179718  6.44300916732e-23
17.8250187627  7.12432520126e-23
18.5223745626  7.74914696843e-23
19.247012528  8.37589218377e-23
20  9.02715711585e-23

