2.93559853524 20 51
51
2.93559853524  0
3.05044591308  4.43423537181e-41
3.16978638492  1.46293448418e-40
3.29379573097  2.52417722769e-40
3.42265660832  3.62693823226e-40
3.55655882008  4.7728417879e-40
3.69569959484  5.96357573061e-40
3.84028387728  7.20089392842e-40
3.99052462994  1.08461129447e-37
4.14664314697  1.03645710038e-36
4.30886938006  2.17013147936e-36
4.47744227714  3.34815781183e-36
4.65261013431  4.57227124841e-36
4.83463096161  5.84427482278e-36
5.02377286302  1.51395453639e-34
5.22031443137  8.3710873437e-34
5.42454515866  1.59992482168e-33
5.63676586253  2.39258403172e-33
5.85728912925  3.21625389622e-33
6.08643977422  3.92828708127e-32
6.32455532034  1.32202931038e-31
6.5719864952  2.29442538506e-31
6.82909774767  3.30486383443e-31
7.09626778467  1.87037925254e-30
7.37389012904  5.86691886394e-30
7.66237369911  1.00572986115e-29
7.96214341107  2.01018249524e-29
8.27364080478  8.79306773145e-29
8.59732469416  1.73330683049e-28
8.93367184302  3.07675624189e-28
9.28317766723  1.11322459073e-27
9.64635696448  2.17056136759e-27
10.0237446725  4.49295575542e-27
10.4158966572  1.2574147946e-26
10.8233905309  2.18476359181e-26
11.2468265038  5.8082427623e-26
11.6868282675  1.15112286391e-25
12.1440439138  2.46261235795e-25
12.6191468896  5.22764836748e-25
13.1128369884  1.01713367987e-24
13.6258413812  2.0617723967e-24
14.1589156877  3.76009906353e-24
14.7128450892  6.7335001608e-24
15.2884454851  1.11255804278e-23
15.8865646945  1.70345657503e-23
16.5080837054  2.44041054633e-23
17.1539179718  3.25541963376e-23
17.8250187627  4.12502227712e-23
18.5223745626  4.97388531725e-23
19.247012528  5.84646920385e-23
20  6.75319058238e-23

