2.93559853524 20000 231
231
2.93559853524  0
3.05044591308  1.39460606947e-43
3.16978638492  4.60105776939e-43
3.29379573097  7.93875964395e-43
3.42265660832  1.14070401054e-42
3.55655882008  1.50110076888e-42
3.69569959484  1.8755970787e-42
3.84028387728  2.26474454694e-42
3.99052462994  1.08271141801e-39
4.14664314697  1.03955340729e-38
4.30886938006  2.17725924996e-38
4.47744227714  3.35947476629e-38
4.65261013431  4.58794127724e-38
4.83463096161  5.86446822828e-38
5.02377286302  3.22123756152e-36
5.22031443137  1.81779556276e-35
5.42454515866  3.48176216527e-35
5.63676586253  5.21082697477e-35
5.85728912925  7.00753678309e-35
6.08643977422  1.40928307034e-33
6.32455532034  4.88018841258e-33
6.5719864952  8.51254746848e-33
6.82909774767  1.2287012779e-32
7.09626778467  9.61169066957e-32
7.37389012904  3.16679418783e-31
7.66237369911  5.47958414868e-31
7.96214341107  1.21392184917e-30
8.27364080478  6.19890001811e-30
8.59732469416  1.24947560307e-29
8.93367184302  2.3280666585e-29
9.28317766723  9.64594627956e-29
9.64635696448  1.92999042548e-28
10.0237446725  4.27937535002e-28
10.4158966572  1.29561456348e-27
10.8233905309  2.29667719555e-27
11.2468265038  6.76235019958e-27
11.6868282675  1.3898228755e-26
12.1440439138  3.22168370804e-26
12.6191468896  7.25204646791e-26
13.1128369884  1.53881824204e-25
13.6258413812  3.40039235302e-25
14.1589156877  7.05775319768e-25
14.7128450892  1.43077676694e-24
15.2884454851  2.89599831476e-24
15.8865646945  5.23832615939e-24
16.5080837054  9.39347230727e-24
17.1539179718  1.48830283885e-23
17.8250187627  2.21766271789e-23
18.5223745626  3.09701463716e-23
19.247012528  4.06643748147e-23
20  5.07378638084e-23
20.7824460767  6.12054508992e-23
21.5955032466  7.20825541126e-23
22.440369086  8.33851946627e-23
23.3182880236  9.51300205506e-23
24.2305531726  1.06171167053e-22
25.1785082359  1.13645168553e-22
26.1635494852  1.20749394204e-22
27.1871278176  1.27497843877e-22
28.2507508925  1.33903978223e-22
29.3559853524  1.39980738388e-22
30.5044591308  1.4574056511e-22
31.6978638492  1.51195417217e-22
32.9379573097  1.56356789541e-22
34.2265660832  1.6123573026e-22
35.5655882008  1.65842857694e-22
36.9569959484  1.70188376555e-22
38.4028387728  1.7428209369e-22
39.9052462994  1.78133433316e-22
41.4664314697  1.81751451767e-22
43.0886938006  1.85144851786e-22
44.7744227714  1.88321996352e-22
46.5261013431  1.91290922092e-22
48.3463096161  1.94059352268e-22
50.2377286302  1.96634709371e-22
52.2031443137  1.9902412734e-22
54.2454515866  2.01234463417e-22
56.3676586253  2.03272309664e-22
58.5728912925  2.05144004151e-22
60.8643977422  2.06855641845e-22
63.2455532034  2.08413085206e-22
65.719864952  2.09821974512e-22
68.2909774767  2.11087737941e-22
70.9626778467  2.12215601412e-22
73.7389012904  2.13210598215e-22
76.6237369911  2.14077578444e-22
79.6214341107  2.14821218253e-22
82.7364080478  2.15446028949e-22
85.9732469416  2.15956365947e-22
89.3367184302  2.16356437601e-22
92.8317766723  2.16650313929e-22
96.4635696448  2.16841935242e-22
100.237446725  2.16935120718e-22
104.158966572  2.16933576901e-22
108.233905309  2.16840906173e-22
112.468265038  2.16660615191e-22
116.868282675  2.16396123315e-22
121.440439138  2.16050771031e-22
126.191468896  2.15627828373e-22
131.128369884  2.15130503358e-22
136.258413812  2.14561950437e-22
141.589156877  2.13925278941e-22
147.128450892  2.13223561544e-22
152.884454851  2.12459842697e-22
158.865646945  2.11637147042e-22
165.080837054  2.10758487759e-22
171.539179718  2.09826874812e-22
178.250187627  2.08845323056e-22
185.223745626  2.07816860131e-22
192.47012528  2.06744534086e-22
200  2.05631420634e-22
207.824460767  2.04480629949e-22
215.955032466  2.0329531288e-22
224.40369086  2.02078666455e-22
233.182880236  2.00833938525e-22
242.305531726  1.99564431384e-22
251.785082359  1.98273504184e-22
261.635494852  1.96964573965e-22
271.871278176  1.95641115092e-22
282.507508925  1.94306656901e-22
293.559853524  1.92964779357e-22
305.044591308  1.91619106544e-22
316.978638492  1.9027329779e-22
329.379573097  1.88931036331e-22
342.265660832  1.87596015376e-22
355.655882008  1.86271921554e-22
369.569959484  1.84962415753e-22
384.028387728  1.83671111464e-22
399.052462994  1.82401550796e-22
414.664314697  1.81251328265e-22
430.886938006  1.8003338773e-22
447.744227714  1.78847222102e-22
465.261013431  1.7769580263e-22
483.463096161  1.76581888136e-22
502.377286302  1.75507996616e-22
522.031443137  1.74476378448e-22
542.454515866  1.73488991978e-22
563.676586253  1.72547482264e-22
585.728912925  1.716531637e-22
608.643977422  1.70807007166e-22
632.455532034  1.70009632254e-22
657.19864952  1.69261304965e-22
682.909774767  1.68561941169e-22
709.626778467  1.67911115949e-22
737.389012904  1.67308078847e-22
766.237369911  1.6675177491e-22
796.214341107  1.66240871403e-22
827.364080478  1.657737901e-22
859.732469416  1.65348745204e-22
893.367184302  1.64963787445e-22
928.317766723  1.64616855852e-22
964.635696448  1.64305841413e-22
1002.37446725  1.64028677305e-22
1041.58966572  1.63797451042e-22
1082.33905309  1.63624757586e-22
1124.68265038  1.6350975541e-22
1168.68282675  1.63451378708e-22
1214.40439138  1.62895555289e-22
1261.91468896  1.6299389776e-22
1311.28369884  1.63141057972e-22
1362.58413812  1.63337649399e-22
1415.89156877  1.6358411695e-22
1471.28450892  1.63880734297e-22
1528.84454851  1.64227602926e-22
1588.65646945  1.6462465296e-22
1650.80837054  1.65071645724e-22
1715.39179718  1.65568177998e-22
1782.50187627  1.66113687873e-22
1852.23745626  1.6670746207e-22
1924.7012528  1.69328274373e-22
2000  1.7067144106e-22
2078.24460767  1.71906071271e-22
2159.55032466  1.73044231323e-22
2244.0369086  1.74096583766e-22
2331.82880236  1.75072618731e-22
2423.05531726  1.75980837271e-22
2517.85082359  1.76828897979e-22
2616.35494852  1.77623735235e-22
2718.71278176  1.78371655258e-22
2825.07508925  1.7907841467e-22
2935.59853524  1.79749285141e-22
3050.44591308  1.80166381635e-22
3169.78638492  1.80680836909e-22
3293.79573097  1.81143815495e-22
3422.65660832  1.81559191709e-22
3556.55882008  1.81930505524e-22
3695.69959484  1.82261002147e-22
3840.28387728  1.82553665785e-22
3990.52462994  1.82811248585e-22
4146.64314697  1.83036295524e-22
4308.86938006  1.83231165877e-22
4477.44227714  1.83398051805e-22
4652.61013431  1.83538994482e-22
4834.63096161  1.83655898109e-22
5023.77286302  1.83750542147e-22
5220.31443137  1.83824591983e-22
5424.54515866  1.83879608282e-22
5636.76586253  1.83917055179e-22
5857.28912925  1.83938307488e-22
6086.43977422  1.83944657053e-22
6324.55532034  1.83937318368e-22
6571.9864952  1.83917433558e-22
6829.09774767  1.83886076818e-22
7096.26778467  1.83844258388e-22
7373.89012904  1.83792928116e-22
7662.37369911  1.83732978697e-22
7962.14341107  1.83665248605e-22
8273.64080478  1.83590524786e-22
8597.32469416  1.83509545148e-22
8933.67184302  1.83423000861e-22
9283.17766723  1.83331538525e-22
9646.35696448  1.83235762202e-22
10023.7446725  1.83136235349e-22
10415.8966572  1.83033482664e-22
10823.3905309  1.82927991857e-22
11246.8265038  1.82820215359e-22
11686.8282675  1.82710571971e-22
12144.0439138  1.82599448478e-22
12619.1468896  1.82487201207e-22
13112.8369884  1.82374157553e-22
13625.8413812  1.82260617474e-22
14158.9156877  1.82146854935e-22
14712.8450892  1.82033119337e-22
15288.4454851  1.81919636896e-22
15886.5646945  1.81806611995e-22
16508.0837054  1.81694228499e-22
17153.9179718  1.8158265103e-22
17825.0187627  1.81472026203e-22
18522.3745626  1.8136248383e-22
19247.012528  1.81254138071e-22
20000  1.81147088551e-22

