3.84028387728 20 44
44
3.84028387728  0
3.99052462994  5.93509718579e-41
4.14664314697  5.71090313619e-40
4.30886938006  1.19626356751e-39
4.47744227714  1.84589503938e-39
4.65261013431  2.52094159108e-39
4.83463096161  3.22239751907e-39
5.02377286302  3.01038769219e-37
5.22031443137  1.71141701425e-36
5.42454515866  3.28053256488e-36
5.63676586253  4.91103553084e-36
5.85728912925  6.60532752923e-36
6.08643977422  1.89885325529e-34
6.32455532034  6.66154229851e-34
6.5719864952  1.16458359785e-33
6.82909774767  1.68251267103e-33
7.09626778467  1.66525798606e-32
7.37389012904  5.63108134042e-32
7.66237369911  9.78975975609e-32
7.96214341107  2.35699853294e-31
8.27364080478  1.33291137635e-30
8.59732469416  2.72102288118e-30
8.93367184302  5.27030989979e-30
9.28317766723  2.40828118864e-29
9.64635696448  4.897762923e-29
10.0237446725  1.14474625737e-28
10.4158966572  3.66085475394e-28
10.8233905309  6.57346381746e-28
11.2468265038  2.0557624917e-27
11.6868282675  4.30716862683e-27
12.1440439138  1.04270130482e-26
12.6191468896  2.41602024626e-26
13.1128369884  5.33345206415e-26
13.6258413812  1.22053187012e-25
14.1589156877  2.66256377779e-25
14.7128450892  5.62336948098e-25
15.2884454851  1.23468056105e-24
15.8865646945  2.37913070116e-24
16.5080837054  4.79862160077e-24
17.1539179718  8.41582980396e-24
17.8250187627  1.40250793803e-23
18.5223745626  2.26165705021e-23
19.247012528  3.26726194364e-23
20  4.31220841726e-23

