3.84028387728 20 44
44
3.84028387728  0
3.99052462994  2.29141446764e-42
4.14664314697  2.20485792564e-41
4.30886938006  4.6185185514e-41
4.47744227714  7.12660714151e-41
4.65261013431  9.7328179355e-41
4.83463096161  1.24409897e-40
5.02377286302  2.05514633467e-38
5.22031443137  1.1736947715e-37
5.42454515866  2.25085977341e-37
5.63676586253  3.37016595181e-37
5.85728912925  4.5332619666e-37
6.08643977422  1.92749342511e-35
6.32455532034  6.82788882034e-35
6.5719864952  1.19563428154e-34
6.82909774767  1.72854337459e-34
7.09626778467  2.21867969331e-33
7.37389012904  7.66876850845e-33
7.66237369911  1.33840773533e-32
7.96214341107  3.55595570412e-32
8.27364080478  2.22364429644e-31
8.59732469416  4.59043571251e-31
8.93367184302  9.2990817149e-31
9.28317766723  4.7037618477e-30
9.64635696448  9.71168010399e-30
10.0237446725  2.40644772179e-29
10.4158966572  8.13552521962e-29
10.8233905309  1.4791805387e-28
11.2468265038  4.94472228719e-28
11.6868282675  1.0566659251e-27
12.1440439138  2.6648517107e-27
12.6191468896  6.33335159749e-27
13.1128369884  1.44352642574e-26
13.6258413812  3.39164940009e-26
14.1589156877  7.67933940254e-26
14.7128450892  1.66909727651e-25
15.2884454851  3.89635993513e-25
15.8865646945  7.87521293116e-25
16.5080837054  1.75479607217e-24
17.1539179718  3.41772095154e-24
17.8250187627  6.43637445082e-24
18.5223745626  1.43390172945e-23
19.247012528  2.43724906492e-23
20  3.47984965969e-23

