2.93559853524 20 51
51
2.93559853524  0
3.05044591308  7.95533792608e-39
3.16978638492  2.62460992923e-38
3.29379573097  4.52855591728e-38
3.42265660832  6.50698865876e-38
3.55655882008  8.56282224707e-38
3.69569959484  1.06990847817e-37
3.84028387728  1.29189228282e-37
3.99052462994  6.73231993796e-36
4.14664314697  6.34912920457e-35
4.30886938006  1.32827278811e-34
4.47744227714  2.04875849117e-34
4.65261013431  2.79743125482e-34
4.83463096161  3.5753938218e-34
5.02377286302  4.76318047792e-33
5.22031443137  2.53675027403e-32
5.42454515866  4.82854718259e-32
5.63676586253  7.21000446613e-32
5.85728912925  9.68462984509e-32
6.08643977422  7.61364469622e-31
6.32455532034  2.45773384248e-30
6.5719864952  4.23288388228e-30
6.82909774767  6.07748188128e-30
7.09626778467  2.59590808223e-29
7.37389012904  7.66213516256e-29
7.66237369911  1.29734974043e-28
7.96214341107  2.38696144249e-28
8.27364080478  8.94239670166e-28
8.59732469416  1.71639275976e-27
8.93367184302  2.91412538303e-27
9.28317766723  9.17356427443e-27
9.64635696448  1.73366271835e-26
10.0237446725  3.33227752182e-26
10.4158966572  8.46903661908e-26
10.8233905309  1.43247875409e-25
11.2468265038  3.35765270777e-25
11.6868282675  6.31737563465e-25
12.1440439138  1.21067179109e-24
12.6191468896  2.34161142985e-24
13.1128369884  4.03396605919e-24
13.6258413812  7.10649814829e-24
14.1589156877  1.11159094364e-23
14.7128450892  1.68273888562e-23
15.2884454851  2.34628878507e-23
15.8865646945  3.10096784887e-23
16.5080837054  3.888813436e-23
17.1539179718  4.69273267041e-23
17.8250187627  5.48541655657e-23
18.5223745626  6.23898766432e-23
19.247012528  7.00544013884e-23
20  7.80187799994e-23

