0.964635696448 20 80
80
0.964635696448  0
1.00237446725  1.00956153198e-25
1.04158966572  3.11738229183e-25
1.08233905309  5.30782757584e-25
1.12468265038  7.58396812579e-25
1.16868282675  9.9491565379e-25
1.21440439138  1.24068765697e-24
1.26191468896  1.49607482713e-24
1.31128369884  1.76145333176e-24
1.36258413812  2.03721405488e-24
1.41589156877  2.32376317279e-24
1.47128450892  2.62152275236e-24
1.52884454851  2.93093137267e-24
1.58865646945  3.25244477104e-24
1.65080837054  3.58653651426e-24
1.71539179718  3.93369869617e-24
1.78250187627  4.29444266244e-24
1.85223745626  4.66929976376e-24
1.9247012528  5.0588221385e-24
2  5.5075755551e-24
2.07824460767  6.23202718127e-24
2.15955032466  7.02699111126e-24
2.2440369086  7.85305586165e-24
2.33182880236  8.7114381682e-24
2.42305531726  9.60340236815e-24
2.51785082359  1.05302622625e-23
2.61635494852  1.14933830513e-23
2.71871278176  1.24941833442e-23
2.82507508925  1.35341372503e-23
2.93559853524  1.4614776549e-23
3.05044591308  1.55339496685e-23
3.16978638492  1.62323544798e-23
3.29379573097  1.69572342178e-23
3.42265660832  1.77104729211e-23
3.55655882008  1.84931800578e-23
3.69569959484  1.9306508501e-23
3.84028387728  2.01516562267e-23
3.99052462994  2.09853743393e-23
4.14664314697  2.15143074017e-23
4.30886938006  2.19939041017e-23
4.47744227714  2.24922637296e-23
4.65261013431  2.30101203342e-23
4.83463096161  2.35482366823e-23
5.02377286302  2.41208273343e-23
5.22031443137  2.47655564906e-23
5.42454515866  2.54401876202e-23
5.63676586253  2.61412118739e-23
5.85728912925  2.68696618113e-23
6.08643977422  2.7678461291e-23
6.32455532034  2.8600546755e-23
6.5719864952  2.95597140196e-23
6.82909774767  3.05564061172e-23
7.09626778467  3.18238753635e-23
7.37389012904  3.35280310447e-23
7.66237369911  3.53049125282e-23
7.96214341107  3.73328416061e-23
8.27364080478  4.127103579e-23
8.59732469416  4.58392077687e-23
8.93367184302  5.04689060918e-23
9.28317766723  5.3568401774e-23
9.64635696448  5.62231083658e-23
10.0237446725  5.8889427305e-23
10.4158966572  6.12327910239e-23
10.8233905309  6.36151381686e-23
11.2468265038  6.62689657998e-23
11.6868282675  6.91564956388e-23
12.1440439138  7.200128484e-23
12.6191468896  7.46536475909e-23
13.1128369884  7.72029669342e-23
13.6258413812  7.93328517707e-23
14.1589156877  8.1291965383e-23
14.7128450892  8.28588663339e-23
15.2884454851  8.43917166829e-23
15.8865646945  8.58652420811e-23
16.5080837054  8.6853391834e-23
17.1539179718  8.76516882209e-23
17.8250187627  8.83426448004e-23
18.5223745626  8.90965321434e-23
19.247012528  8.98981008621e-23
20  9.07310287956e-23

