3.84028387728 20000 224
224
3.84028387728  0
3.99052462994  1.23859740749e-41
4.14664314697  1.19181027664e-40
4.30886938006  2.49648642138e-40
4.47744227714  3.85220450265e-40
4.65261013431  5.26096139861e-40
4.83463096161  6.72483210989e-40
5.02377286302  8.3121572258e-38
5.22031443137  4.7376237619e-37
5.42454515866  9.08373390207e-37
5.63676586253  1.35998738836e-36
5.85728912925  1.82926956657e-36
6.08643977422  6.36543584592e-35
6.32455532034  2.24479486268e-34
6.5719864952  3.92788522056e-34
6.82909774767  5.6768219508e-34
7.09626778467  6.37628994203e-33
7.37389012904  2.18095151944e-32
7.66237369911  3.79935243981e-32
7.96214341107  9.58862764605e-32
8.27364080478  5.70331649767e-31
8.59732469416  1.17102275399e-30
8.93367184302  2.31754481735e-30
9.28317766723  1.1136451676e-29
9.64635696448  2.28233007237e-29
10.0237446725  5.48796505102e-29
10.4158966572  1.80420537168e-28
10.8233905309  3.26007129093e-28
11.2468265038  1.05358828169e-27
11.6868282675  2.22947797324e-27
12.1440439138  5.51032255388e-27
12.6191468896  1.29356879689e-26
13.1128369884  2.90442577921e-26
13.6258413812  6.74179263917e-26
14.1589156877  1.50121333769e-25
14.7128450892  3.22199503696e-25
15.2884454851  7.31928926371e-25
15.8865646945  1.44803854091e-24
16.5080837054  3.08126721686e-24
17.1539179718  5.69637077686e-24
17.8250187627  1.00871994274e-23
18.5223745626  1.83666640379e-23
19.247012528  2.84377527483e-23
20  3.89028456512e-23
20.7824460767  4.97773570983e-23
21.5955032466  6.10773044863e-23
22.440369086  7.28193318493e-23
23.3182880236  8.50207343745e-23
24.2305531726  9.67161110026e-23
25.1785082359  1.05360435748e-22
26.1635494852  1.13584204304e-22
27.1871278176  1.21403377312e-22
28.2507508925  1.28833301175e-22
29.3559853524  1.358887305e-22
30.5044591308  1.42583849838e-22
31.6978638492  1.4893229474e-22
32.9379573097  1.54947172144e-22
34.2265660832  1.60641080109e-22
35.5655882008  1.6602612692e-22
36.9569959484  1.71113949583e-22
38.4028387728  1.75915731723e-22
39.9052462994  1.80442220906e-22
41.4664314697  1.84703745411e-22
43.0886938006  1.88710230468e-22
44.7744227714  1.92471213973e-22
46.5261013431  1.95995861717e-22
48.3463096161  1.99292982136e-22
50.2377286302  2.02371040605e-22
52.2031443137  2.05238173299e-22
54.2454515866  2.07902200639e-22
56.3676586253  2.10370640339e-22
58.5728912925  2.12650720088e-22
60.8643977422  2.14749389867e-22
63.2455532034  2.16673333935e-22
65.719864952  2.18428982509e-22
68.2909774767  2.20022523135e-22
70.9626778467  2.214599118e-22
73.7389012904  2.22746883783e-22
76.6237369911  2.23888964275e-22
79.6214341107  2.24891478785e-22
82.7364080478  2.25759563357e-22
85.9732469416  2.26498174611e-22
89.3367184302  2.27112099633e-22
92.8317766723  2.27605965731e-22
96.4635696448  2.27984250078e-22
100.237446725  2.28251289258e-22
104.158966572  2.28411288736e-22
108.233905309  2.28468332264e-22
112.468265038  2.28426391244e-22
116.868282675  2.28289334059e-22
121.440439138  2.28060935381e-22
126.191468896  2.2774488547e-22
131.128369884  2.27344799469e-22
136.258413812  2.26864226696e-22
141.589156877  2.26306659929e-22
147.128450892  2.25675544686e-22
152.884454851  2.24974288472e-22
158.865646945  2.24206269988e-22
165.080837054  2.23374848259e-22
171.539179718  2.22483371654e-22
178.250187627  2.21535186738e-22
185.223745626  2.20533646903e-22
192.47012528  2.194821207e-22
200  2.18383999777e-22
207.824460767  2.17242706328e-22
215.955032466  2.16061699923e-22
224.40369086  2.14844483576e-22
233.182880236  2.13594608911e-22
242.305531726  2.12315680236e-22
251.785082359  2.11011357346e-22
261.635494852  2.09685356851e-22
271.871278176  2.08341451828e-22
282.507508925  2.06983469575e-22
293.559853524  2.0561528726e-22
305.044591308  2.04240825266e-22
316.978638492  2.02864038052e-22
329.379573097  2.0148890239e-22
342.265660832  2.00119402852e-22
355.655882008  1.98759514523e-22
369.569959484  1.97413182948e-22
384.028387728  1.96084301417e-22
399.052462994  1.94776685788e-22
414.664314697  1.93593191305e-22
430.886938006  1.92336935027e-22
447.744227714  1.91112751286e-22
465.261013431  1.89923846005e-22
483.463096161  1.88773199096e-22
502.377286302  1.87663534482e-22
522.031443137  1.86597291787e-22
542.454515866  1.85576600518e-22
563.676586253  1.8460325756e-22
585.728912925  1.83678708765e-22
608.643977422  1.82804035302e-22
632.455532034  1.81979945368e-22
657.19864952  1.81206771673e-22
682.909774767  1.80484475019e-22
709.626778467  1.79812654105e-22
737.389012904  1.79190561564e-22
766.237369911  1.78617126158e-22
796.214341107  1.78090980966e-22
827.364080478  1.7761049748e-22
859.732469416  1.77173825679e-22
893.367184302  1.76778940624e-22
928.317766723  1.764236972e-22
964.635696448  1.76105897409e-22
1002.37446725  1.75823385739e-22
1041.58966572  1.75588946194e-22
1082.33905309  1.75415899942e-22
1124.68265038  1.75303384217e-22
1168.68282675  1.75250297595e-22
1214.40439138  1.74671662338e-22
1261.91468896  1.74783372852e-22
1311.28369884  1.74946335079e-22
1362.58413812  1.75161213148e-22
1415.89156877  1.7542849208e-22
1471.28450892  1.75748474974e-22
1528.84454851  1.76121282031e-22
1588.65646945  1.76546851447e-22
1650.80837054  1.77024942155e-22
1715.39179718  1.77555138366e-22
1782.50187627  1.78136855794e-22
1852.23745626  1.7876934945e-22
1924.7012528  1.81542293907e-22
2000  1.82965789384e-22
2078.24460767  1.8427448668e-22
2159.55032466  1.85481137597e-22
2244.0369086  1.86597009896e-22
2331.82880236  1.87632132077e-22
2423.05531726  1.88595487307e-22
2517.85082359  1.89495168496e-22
2616.35494852  1.90338503323e-22
2718.71278176  1.9113215579e-22
2825.07508925  1.91882209269e-22
2935.59853524  1.92594234824e-22
3050.44591308  1.93038166351e-22
3169.78638492  1.93584777952e-22
3293.79573097  1.94076914287e-22
3422.65660832  1.94518670022e-22
3556.55882008  1.94913786644e-22
3695.69959484  1.95265694264e-22
3840.28387728  1.955775473e-22
3990.52462994  1.95852255042e-22
4146.64314697  1.96092507938e-22
4308.86938006  1.96300800279e-22
4477.44227714  1.96479449826e-22
4652.61013431  1.96630614838e-22
4834.63096161  1.9675630888e-22
5023.77286302  1.96858413734e-22
5220.31443137  1.96938690671e-22
5424.54515866  1.96998790317e-22
5636.76586253  1.97040261314e-22
5857.28912925  1.97064557923e-22
6086.43977422  1.97073046737e-22
6324.55532034  1.97067012612e-22
6571.9864952  1.97047663931e-22
6829.09774767  1.97016137286e-22
7096.26778467  1.96973501678e-22
7373.89012904  1.96920762282e-22
7662.37369911  1.96858863863e-22
7962.14341107  1.96788693874e-22
8273.64080478  1.96711085305e-22
8597.32469416  1.96626819302e-22
8933.67184302  1.96536627607e-22
9283.17766723  1.96441194839e-22
9646.35696448  1.96341160646e-22
10023.7446725  1.96237121747e-22
10415.8966572  1.96129633877e-22
10823.3905309  1.96019213662e-22
11246.8265038  1.95906340419e-22
11686.8282675  1.95791457909e-22
12144.0439138  1.95674976029e-22
12619.1468896  1.95557272465e-22
13112.8369884  1.95438694308e-22
13625.8413812  1.95319559622e-22
14158.9156877  1.95200158982e-22
14712.8450892  1.95080756976e-22
15288.4454851  1.94961593666e-22
15886.5646945  1.94842886015e-22
16508.0837054  1.94724829278e-22
17153.9179718  1.94607598348e-22
17825.0187627  1.94491349065e-22
18522.3745626  1.94376219483e-22
19247.012528  1.94262331092e-22
20000  1.9414979e-22

