0.964635696448 20 80
80
0.964635696448  0
1.00237446725  2.88034551306e-39
1.04158966572  1.92146624239e-38
1.08233905309  3.78674203621e-38
1.12468265038  5.72499171635e-38
1.16868282675  7.7390701894e-38
1.21440439138  9.83194405242e-38
1.26191468896  1.20066959626e-37
1.31128369884  1.42665291778e-37
1.36258413812  1.66147722746e-37
1.41589156877  1.90548840513e-37
1.47128450892  2.15904586224e-37
1.52884454851  2.42252307122e-37
1.58865646945  2.69630811563e-37
1.65080837054  2.98080426173e-37
1.71539179718  3.2764305525e-37
1.78250187627  3.58362242483e-37
1.85223745626  3.90283235093e-37
1.9247012528  4.23453050475e-37
2  5.57614845788e-34
2.07824460767  4.40596008113e-33
2.15955032466  8.938943566e-33
2.2440369086  1.3649267808e-32
2.33182880236  1.85438707863e-32
2.42305531726  2.36299619093e-32
2.51785082359  2.89150326346e-32
2.61635494852  3.44068675027e-32
2.71871278176  4.0113555603e-32
2.82507508925  4.60435024891e-32
2.93559853524  5.2205442559e-32
3.05044591308  2.28409693965e-30
3.16978638492  7.40755117256e-30
3.29379573097  1.27407124876e-29
3.42265660832  1.828251936e-29
3.55655882008  2.40411344846e-29
3.69569959484  3.00250398999e-29
3.84028387728  3.62430494809e-29
3.99052462994  7.96438060425e-29
4.14664314697  4.0485958961e-28
4.30886938006  8.00938237524e-28
4.47744227714  1.21251239464e-27
4.65261013431  1.64018828099e-27
4.83463096161  2.08459583331e-27
5.02377286302  5.22688690665e-27
5.22031443137  1.84251722998e-26
5.42454515866  3.30741845651e-26
5.63676586253  4.82962999392e-26
5.85728912925  6.4113939536e-26
6.08643977422  1.34630306507e-25
6.32455532034  2.93059085268e-25
6.5719864952  4.58736975096e-25
6.82909774767  6.30896565668e-25
7.09626778467  1.08553765097e-24
7.37389012904  2.01848580058e-24
7.66237369911  2.99513683229e-24
7.96214341107  4.13853158985e-24
8.27364080478  6.62305943019e-24
8.59732469416  9.54175658582e-24
8.93367184302  1.26548403383e-23
9.28317766723  1.70608725033e-23
9.64635696448  2.20266576289e-23
10.0237446725  2.72327568201e-23
10.4158966572  3.28557854437e-23
10.8233905309  3.87235054444e-23
11.2468265038  4.44710018754e-23
11.6868282675  5.01885310428e-23
12.1440439138  5.58454968527e-23
12.6191468896  6.11693287242e-23
13.1128369884  6.64617139117e-23
13.6258413812  7.13731326078e-23
14.1589156877  7.61996244452e-23
14.7128450892  8.07060512603e-23
15.2884454851  8.50401708143e-23
15.8865646945  8.91825505864e-23
16.5080837054  9.30615169526e-23
17.1539179718  9.68111074737e-23
17.8250187627  1.00329704361e-22
18.5223745626  1.03284866599e-22
19.247012528  1.06143700636e-22
20  1.09114378847e-22

