0.928317766723 20 81
81
0.928317766723  0
0.964635696448  1.18719312243e-30
1.00237446725  4.03143769552e-30
1.04158966572  6.9961079282e-30
1.08233905309  1.0076762756e-29
1.12468265038  1.3277939898e-29
1.16868282675  1.66043544648e-29
1.21440439138  2.0060906033e-29
1.26191468896  2.36526858618e-29
1.31128369884  2.73849843924e-29
1.36258413812  3.12632990401e-29
1.41589156877  3.52933422919e-29
1.47128450892  3.94810501202e-29
1.52884454851  4.38325907265e-29
1.58865646945  4.83543736266e-29
1.65080837054  5.30530590911e-29
1.71539179718  5.79355679561e-29
1.78250187627  6.30090918163e-29
1.85223745626  6.82811036185e-29
1.9247012528  7.37593686683e-29
2  9.36646921492e-29
2.07824460767  1.97748031733e-28
2.15955032466  3.19527463061e-28
2.2440369086  4.46071186301e-28
2.33182880236  5.77565591531e-28
2.42305531726  7.14204360835e-28
2.51785082359  8.56188753587e-28
2.61635494852  1.00372790289e-27
2.71871278176  1.15703912362e-27
2.82507508925  1.31634823252e-27
2.93559853524  1.48188988077e-27
3.05044591308  1.73146319961e-27
3.16978638492  2.08852462747e-27
3.29379573097  2.45987801996e-27
3.42265660832  2.84575961271e-27
3.55655882008  3.24673778237e-27
3.69569959484  3.66340314182e-27
3.84028387728  4.09636941005e-27
3.99052462994  4.52815450709e-27
4.14664314697  4.83942707606e-27
4.30886938006  5.13435827359e-27
4.47744227714  5.44082785904e-27
4.65261013431  5.75928724073e-27
4.83463096161  6.09020548711e-27
5.02377286302  6.40779043047e-27
5.22031443137  6.64041633174e-27
5.42454515866  6.87298244e-27
5.63676586253  7.11464707021e-27
5.85728912925  7.3657661775e-27
6.08643977422  7.58501165381e-27
6.32455532034  7.74717730362e-27
6.5719864952  7.91487687052e-27
6.82909774767  8.08913723082e-27
7.09626778467  7.3806021928e-27
7.37389012904  5.15861581896e-27
7.66237369911  2.82645930475e-27
7.96214341107  6.85124947381e-28
8.27364080478  1.30488441827e-27
8.59732469416  2.68834666927e-27
8.93367184302  3.06275229025e-26
9.28317766723  4.46659280332e-25
9.64635696448  1.00697337503e-24
10.0237446725  2.48076500222e-24
10.4158966572  8.14175868239e-24
10.8233905309  1.45559795492e-23
11.2468265038  2.31716242275e-23
11.6868282675  3.35452952603e-23
12.1440439138  4.30648525498e-23
12.6191468896  5.04991819904e-23
13.1128369884  5.74060063218e-23
13.6258413812  6.2614225247e-23
14.1589156877  6.73802962938e-23
14.7128450892  7.12110858638e-23
15.2884454851  7.47125536524e-23
15.8865646945  7.78884253737e-23
16.5080837054  8.090066746e-23
17.1539179718  8.38249283715e-23
17.8250187627  8.65591932046e-23
18.5223745626  8.93804262984e-23
19.247012528  9.23161940269e-23
20  9.53668157524e-23

