0.964635696448 20 80
80
0.964635696448  0
1.00237446725  5.98482827044e-34
1.04158966572  3.99245348728e-33
1.08233905309  7.86815355603e-33
1.12468265038  1.18954799404e-32
1.16868282675  1.60803646113e-32
1.21440439138  2.04289716118e-32
1.26191468896  2.49477061366e-32
1.31128369884  2.96432239664e-32
1.36258413812  3.45224412714e-32
1.41589156877  3.95925447983e-32
1.47128450892  4.48610024559e-32
1.52884454851  5.03355743147e-32
1.58865646945  5.60243240371e-32
1.65080837054  6.19356307546e-32
1.71539179718  6.80782014096e-32
1.78250187627  7.44610835801e-32
1.85223745626  8.10936788061e-32
1.9247012528  8.79857564379e-32
2  3.21498888294e-30
2.07824460767  2.47713240245e-29
2.15955032466  5.01616249838e-29
2.2440369086  7.65452530118e-29
2.33182880236  1.03961069352e-28
2.42305531726  1.32449455588e-28
2.51785082359  1.62052373127e-28
2.61635494852  1.92813425e-28
2.71871278176  2.24777920091e-28
2.82507508925  2.57992939871e-28
2.93559853524  2.92507407746e-28
3.05044591308  1.81635894611e-27
3.16978638492  5.27477767289e-27
3.29379573097  8.87469289246e-27
3.42265660832  1.2615445089e-26
3.55655882008  1.65025441296e-26
3.69569959484  2.05417154399e-26
3.84028387728  2.47389084374e-26
3.99052462994  3.59038378097e-26
4.14664314697  9.90976694667e-26
4.30886938006  1.75471983349e-25
4.47744227714  2.54834236344e-25
4.65261013431  3.37301323513e-25
4.83463096161  4.22994713123e-25
5.02377286302  5.89836337341e-25
5.22031443137  1.05149107338e-24
5.42454515866  1.55832517799e-24
5.63676586253  2.08498780043e-24
5.85728912925  2.63225467801e-24
6.08643977422  3.83585090257e-24
6.32455532034  6.08627136893e-24
6.5719864952  8.43707275893e-24
6.82909774767  1.08798429152e-23
7.09626778467  1.37593506528e-23
7.37389012904  1.73212966175e-23
7.66237369911  2.10315071161e-23
7.96214341107  2.49466861222e-23
8.27364080478  2.96183444783e-23
8.59732469416  3.46295847123e-23
8.93367184302  3.9815911815e-23
9.28317766723  4.48989994466e-23
9.64635696448  5.00796883534e-23
10.0237446725  5.52950272043e-23
10.4158966572  5.99361123544e-23
10.8233905309  6.46573225762e-23
11.2468265038  6.89952350336e-23
11.6868282675  7.30890568732e-23
12.1440439138  7.70730271772e-23
12.6191468896  8.06861787164e-23
13.1128369884  8.42438807339e-23
13.6258413812  8.7462906722e-23
14.1589156877  9.05896631311e-23
14.7128450892  9.34395719479e-23
15.2884454851  9.61361141111e-23
15.8865646945  9.86672359984e-23
16.5080837054  1.01019010395e-22
17.1539179718  1.03280897597e-22
17.8250187627  1.05388168176e-22
18.5223745626  1.11712620795e-22
19.247012528  1.19739820853e-22
20  1.28081063471e-22

