2.93559853524 20 51
51
2.93559853524  0
3.05044591308  6.19692486016e-42
3.16978638492  2.04447764128e-41
3.29379573097  3.52758374379e-41
3.42265660832  5.06871237387e-41
3.55655882008  6.67013350646e-41
3.69569959484  8.33420592317e-41
3.84028387728  1.00633806866e-40
3.99052462994  2.21319160578e-38
4.14664314697  2.11955041489e-37
4.30886938006  4.43851609063e-37
4.47744227714  6.84820504611e-37
4.65261013431  9.35216658507e-37
4.83463096161  1.19540888681e-36
5.02377286302  3.94564106153e-35
5.22031443137  2.1999532578e-34
5.42454515866  4.20840280365e-34
5.63676586253  6.29542752288e-34
5.85728912925  8.46410145728e-34
6.08643977422  1.21309792524e-32
6.32455532034  4.12707539659e-32
6.5719864952  7.17654734101e-32
6.82909774767  1.03453216534e-31
7.09626778467  6.48739704538e-31
7.37389012904  2.07104377717e-30
7.66237369911  3.56237691428e-30
7.96214341107  7.34465296857e-30
8.27364080478  3.37928538964e-29
8.59732469416  6.71287809686e-29
8.93367184302  1.20942531586e-28
9.28317766723  4.56852042199e-28
9.64635696448  8.98514373111e-28
10.0237446725  1.90068910849e-27
10.4158966572  5.45823952051e-27
10.8233905309  9.54779645551e-27
11.2468265038  2.62399799843e-26
11.6868282675  5.26498781072e-26
12.1440439138  1.15965422214e-25
12.6191468896  2.51730361393e-25
13.1128369884  5.07108221696e-25
13.6258413812  1.06608512593e-24
14.1589156877  2.05237244372e-24
14.7128450892  3.88310376403e-24
15.2884454851  6.95148240577e-24
15.8865646945  1.13925952996e-23
16.5080837054  1.76681464393e-23
17.1539179718  2.5023775882e-23
17.8250187627  3.34204048242e-23
18.5223745626  4.23047887699e-23
19.247012528  5.1697365311e-23
20  6.14574010852e-23

