2.93559853524 20 51
51
2.93559853524  0
3.05044591308  2.31007155881e-40
3.16978638492  7.62134406711e-40
3.29379573097  1.31500237e-39
3.42265660832  1.88949980174e-39
3.55655882008  2.48647289655e-39
3.69569959484  3.10680095415e-39
3.84028387728  3.75139767451e-39
3.99052462994  3.939719469e-37
4.14664314697  3.75347457333e-36
4.30886938006  7.85752911712e-36
4.47744227714  1.21221437297e-35
4.65261013431  1.6553599891e-35
4.83463096161  2.11584248266e-35
5.02377286302  4.36072234896e-34
5.22031443137  2.38702395982e-33
5.42454515866  4.55726592543e-33
5.63676586253  6.81241275662e-33
5.85728912925  9.15578612732e-33
6.08643977422  9.60526180212e-32
6.32455532034  3.19341684621e-31
6.5719864952  5.53007800675e-31
6.82909774767  7.95815473518e-31
7.09626778467  4.08088503422e-30
7.37389012904  1.25594548073e-29
7.66237369911  2.14489559326e-29
7.96214341107  4.16033819602e-29
8.27364080478  1.72656469267e-28
8.59732469416  3.37457201207e-28
8.93367184302  5.8990857262e-28
9.28317766723  2.03803781809e-27
9.64635696448  3.93504377894e-27
10.0237446725  7.94858428491e-27
10.4158966572  2.15788301087e-26
10.8233905309  3.71878739065e-26
11.2468265038  9.50672759025e-26
11.6868282675  1.85560876437e-25
12.1440439138  3.84355836084e-25
12.6191468896  7.95273782167e-25
13.1128369884  1.49659083891e-24
13.6258413812  2.92752247958e-24
14.1589156877  5.119373687e-24
14.7128450892  8.7774155199e-24
15.2884454851  1.37964716048e-23
15.8865646945  2.02415600323e-23
16.5080837054  2.78005089135e-23
17.1539179718  3.59314390068e-23
17.8250187627  4.43574049824e-23
18.5223745626  5.29099893915e-23
19.247012528  6.18152434536e-23
20  7.10688915708e-23

