0.964635696448 20000 260
260
0.964635696448  0
1.00237446725  6.1204999032e-38
1.04158966572  4.08295945651e-37
1.08233905309  8.04651878081e-37
1.12468265038  1.21651416772e-36
1.16868282675  1.644489459e-36
1.21440439138  2.08920812966e-36
1.26191468896  2.55132521927e-36
1.31128369884  3.03152139407e-36
1.36258413812  3.53050394952e-36
1.41589156877  4.04900785211e-36
1.47128450892  4.58779682192e-36
1.52884454851  5.14766445751e-36
1.58865646945  5.72943540484e-36
1.65080837054  6.33396657194e-36
1.71539179718  6.96214839104e-36
1.78250187627  7.61490613013e-36
1.85223745626  8.29320125581e-36
1.9247012528  8.9980328495e-36
2  5.06157838449e-33
2.07824460767  3.99556938168e-32
2.15955032466  8.10575717087e-32
2.2440369086  1.23767449756e-31
2.33182880236  1.68148236628e-31
2.42305531726  2.14265302129e-31
2.51785082359  2.62186573479e-31
2.61635494852  3.11982635366e-31
2.71871278176  3.63726833917e-31
2.82507508925  4.17495384725e-31
2.93559853524  4.73367485114e-31
3.05044591308  1.35195462853e-29
3.16978638492  4.34419155645e-29
3.29379573097  7.45889924848e-29
3.42265660832  1.06954614812e-28
3.55655882008  1.4058645485e-28
3.69569959484  1.75534049952e-28
3.84028387728  2.11848875488e-28
3.99052462994  4.69823955533e-28
4.14664314697  2.40799770754e-27
4.30886938006  4.76863598001e-27
4.47744227714  7.22162786022e-27
4.65261013431  9.77058643408e-27
4.83463096161  1.24192661397e-26
5.02377286302  2.41097559019e-26
5.22031443137  6.93796526472e-26
5.42454515866  1.19536324834e-25
5.63676586253  1.7165524159e-25
5.85728912925  2.25813170443e-25
6.08643977422  4.26851422985e-25
6.32455532034  8.63694753656e-25
6.5719864952  1.32044176019e-24
6.82909774767  1.7950577619e-24
7.09626778467  2.80498025186e-24
7.37389012904  4.71741188989e-24
7.66237369911  6.71816192186e-24
7.96214341107  8.9415842698e-24
8.27364080478  1.27083916555e-23
8.59732469416  1.70011220024e-23
8.93367184302  2.1501502352e-23
9.28317766723  2.67578064397e-23
9.64635696448  3.24115466182e-23
10.0237446725  3.819500994e-23
10.4158966572  4.37810885825e-23
10.8233905309  4.95291794134e-23
11.2468265038  5.49789958755e-23
11.6868282675  6.02608955885e-23
12.1440439138  6.54516667021e-23
12.6191468896  7.02646886028e-23
13.1128369884  7.5035124268e-23
13.6258413812  7.94290584102e-23
14.1589156877  8.37323814827e-23
14.7128450892  8.77225652066e-23
15.2884454851  9.15545049242e-23
15.8865646945  9.52117620033e-23
16.5080837054  9.86355631891e-23
17.1539179718  1.01939758348e-22
17.8250187627  1.05026640515e-22
18.5223745626  1.07433286527e-22
19.247012528  1.09682935977e-22
20  1.12020596897e-22
20.7824460767  1.14449712497e-22
21.5955032466  1.16973860695e-22
22.440369086  1.19596759387e-22
23.3182880236  1.22322271918e-22
24.2305531726  1.24900816326e-22
25.1785082359  1.26681253351e-22
26.1635494852  1.28345385523e-22
27.1871278176  1.29897456266e-22
28.2507508925  1.31341543679e-22
29.3559853524  1.32681566645e-22
30.5044591308  1.33921290755e-22
31.6978638492  1.35064334061e-22
32.9379573097  1.36114172649e-22
34.2265660832  1.37074146048e-22
35.5655882008  1.3794746248e-22
36.9569959484  1.38737203951e-22
38.4028387728  1.39446331195e-22
39.9052462994  1.40077688474e-22
41.4664314697  1.40634008238e-22
43.0886938006  1.4111791566e-22
44.7744227714  1.41531933039e-22
46.5261013431  1.41878484094e-22
48.3463096161  1.42159898134e-22
50.2377286302  1.42378414139e-22
52.2031443137  1.42536184731e-22
54.2454515866  1.42635280059e-22
56.3676586253  1.42677691599e-22
58.5728912925  1.42665335879e-22
60.8643977422  1.42600058136e-22
63.2455532034  1.42483635906e-22
65.719864952  1.42317782566e-22
68.2909774767  1.42104150825e-22
70.9626778467  1.41844336179e-22
73.7389012904  1.41539880335e-22
76.6237369911  1.41192274611e-22
79.6214341107  1.4080296332e-22
82.7364080478  1.40373347154e-22
85.9732469416  1.39904786561e-22
89.3367184302  1.39398605138e-22
92.8317766723  1.38856093035e-22
96.4635696448  1.38278510396e-22
100.237446725  1.37667090816e-22
104.158966572  1.37023044852e-22
108.233905309  1.36347563574e-22
112.468265038  1.35641822168e-22
116.868282675  1.34906983594e-22
121.440439138  1.34144202307e-22
126.191468896  1.33354628039e-22
131.128369884  1.3253940964e-22
136.258413812  1.31699698981e-22
141.589156877  1.3083665491e-22
147.128450892  1.29951447256e-22
152.884454851  1.29045260864e-22
158.865646945  1.28119299649e-22
165.080837054  1.27174790644e-22
171.539179718  1.26212988023e-22
178.250187627  1.25235177047e-22
185.223745626  1.24242677913e-22
192.47012528  1.2323684944e-22
200  1.22219092541e-22
207.824460767  1.21190853419e-22
215.955032466  1.2015362639e-22
224.40369086  1.19108956277e-22
233.182880236  1.18058440245e-22
242.305531726  1.17003728994e-22
251.785082359  1.15946527191e-22
261.635494852  1.14888593015e-22
271.871278176  1.13831736692e-22
282.507508925  1.12777817905e-22
293.559853524  1.11728741941e-22
305.044591308  1.10686454475e-22
316.978638492  1.09652934885e-22
329.379573097  1.0863018802e-22
342.265660832  1.07620234374e-22
355.655882008  1.06625098642e-22
369.569959484  1.05646796699e-22
384.028387728  1.04687321069e-22
399.052462994  1.03748625018e-22
414.664314697  1.02893806515e-22
430.886938006  1.02000864393e-22
447.744227714  1.01134221666e-22
465.261013431  1.00295488549e-22
483.463096161  9.94861449818e-23
502.377286302  9.87075227202e-23
522.031443137  9.79607885612e-23
542.454515866  9.72469292047e-23
563.676586253  9.65667382187e-23
585.728912925  9.59208055464e-23
608.643977422  9.53095099397e-23
632.455532034  9.47330146349e-23
657.19864952  9.41912665037e-23
682.909774767  9.36839988254e-23
709.626778467  9.32107377406e-23
737.389012904  9.27708123671e-23
766.237369911  9.23633685048e-23
796.214341107  9.19873858296e-23
827.364080478  9.16416985065e-23
859.732469416  9.132501927e-23
893.367184302  9.10359673024e-23
928.317766723  9.07731008909e-23
964.635696448  9.05349575405e-23
1002.37446725  9.03201109038e-23
1041.58966572  9.01361624616e-23
1082.33905309  8.99910294357e-23
1124.68265038  8.98840685806e-23
1168.68282675  8.981450299e-23
1214.40439138  8.94297354982e-23
1261.91468896  8.94624363818e-23
1311.28369884  8.95272955328e-23
1362.58413812  8.96246408444e-23
1415.89156877  8.97546985826e-23
1471.28450892  8.99175916315e-23
1528.84454851  9.01133387877e-23
1588.65646945  9.03418551187e-23
1650.80837054  9.06029533779e-23
1715.39179718  9.08963464455e-23
1782.50187627  9.12216507396e-23
1852.23745626  9.15783905268e-23
1924.7012528  9.32247381401e-23
2000  9.40598109427e-23
2078.24460767  9.4826694963e-23
2159.55032466  9.55329863127e-23
2244.0369086  9.61854050368e-23
2331.82880236  9.6789937945e-23
2423.05531726  9.73519520856e-23
2517.85082359  9.78762857085e-23
2616.35494852  9.83673217741e-23
2718.71278176  9.8829047791e-23
2825.07508925  9.92651048453e-23
2935.59853524  9.96788280159e-23
3050.44591308  9.99312872177e-23
3169.78638492  1.00246302488e-22
3293.79573097  1.00528973991e-22
3422.65660832  1.00781752243e-22
3556.55882008  1.01006876351e-22
3695.69959484  1.01206398918e-22
3840.28387728  1.01382207326e-22
3990.52462994  1.01536041979e-22
4146.64314697  1.01669512021e-22
4308.86938006  1.017841089e-22
4477.44227714  1.01881218113e-22
4652.61013431  1.01962129416e-22
4834.63096161  1.02028045694e-22
5023.77286302  1.02080090702e-22
5220.31443137  1.02119315837e-22
5424.54515866  1.02146706053e-22
5636.76586253  1.02163185068e-22
5857.28912925  1.02169619929e-22
6086.43977422  1.0216682505e-22
6324.55532034  1.02155565776e-22
6571.9864952  1.02136561546e-22
6829.09774767  1.0211048872e-22
7096.26778467  1.02077983093e-22
7373.89012904  1.02039642174e-22
7662.37369911  1.01996027232e-22
7962.14341107  1.01947665172e-22
8273.64080478  1.01895050242e-22
8597.32469416  1.01838645617e-22
8933.67184302  1.01778884867e-22
9283.17766723  1.01716173334e-22
9646.35696448  1.01650889425e-22
10023.7446725  1.01583385845e-22
10415.8966572  1.01513990772e-22
10823.3905309  1.01443008982e-22
11246.8265038  1.01370722938e-22
11686.8282675  1.01297393843e-22
12144.0439138  1.01223262662e-22
12619.1468896  1.01148551117e-22
13112.8369884  1.0107346266e-22
13625.8413812  1.00998183416e-22
14158.9156877  1.00922883109e-22
14712.8450892  1.0084771597e-22
15288.4454851  1.00772821608e-22
15886.5646945  1.00698325875e-22
16508.0837054  1.00624341699e-22
17153.9179718  1.00550969892e-22
17825.0187627  1.00478299941e-22
18522.3745626  1.00406410762e-22
19247.012528  1.0033537144e-22
20000  1.00265241932e-22

