3.84028387728 20000 224
224
3.84028387728  0
3.99052462994  1.02707177696e-43
4.14664314697  9.88274875461e-43
4.30886938006  2.07014057147e-42
4.47744227714  3.19433134594e-42
4.65261013431  4.36250305347e-42
4.83463096161  5.57637632946e-42
5.02377286302  1.73411004859e-39
5.22031443137  9.93098350292e-39
5.42454515866  1.90506377172e-38
5.63676586253  2.85270738146e-38
5.85728912925  3.83742499243e-38
6.08643977422  2.45593788348e-36
6.32455532034  8.7586405688e-36
6.5719864952  1.53547046189e-35
6.82909774767  2.22088218909e-35
7.09626778467  3.75894682019e-34
7.37389012904  1.32220926382e-33
7.66237369911  2.31459973971e-33
7.96214341107  6.88315156279e-33
8.27364080478  4.73079582328e-32
8.59732469416  9.85878080563e-32
8.93367184302  2.10176318298e-31
9.28317766723  1.17751447061e-30
9.64635696448  2.46430585547e-30
10.0237446725  6.52121687442e-30
10.4158966572  2.33344041677e-29
10.8233905309  4.29515840432e-29
11.2468265038  1.54980721399e-28
11.6868282675  3.38157321326e-28
12.1440439138  8.94839625499e-28
12.6191468896  2.18787802876e-27
13.1128369884  5.16517069846e-27
13.6258413812  1.24748211195e-26
14.1589156877  2.92151135463e-26
14.7128450892  6.50462413656e-26
15.2884454851  1.58398775427e-25
15.8865646945  3.29856679306e-25
16.5080837054  7.77471074511e-25
17.1539179718  1.61430309238e-24
17.8250187627  3.26958260864e-24
18.5223745626  1.04019612324e-23
19.247012528  1.98242968364e-23
20  2.96152559167e-23
20.7824460767  3.9789259873e-23
21.5955032466  5.03612943033e-23
22.440369086  6.13469310767e-23
23.3182880236  7.27623512698e-23
24.2305531726  8.41502733726e-23
25.1785082359  9.39776974411e-23
26.1635494852  1.03333846e-22
27.1871278176  1.12236642587e-22
28.2507508925  1.20703321448e-22
29.3559853524  1.28750452711e-22
30.5044591308  1.36393966768e-22
31.6978638492  1.43649177885e-22
32.9379573097  1.5053080706e-22
34.2265660832  1.57053004151e-22
35.5655882008  1.63229369292e-22
36.9569959484  1.69072973623e-22
38.4028387728  1.74596379344e-22
39.9052462994  1.79811659131e-22
41.4664314697  1.84730414919e-22
43.0886938006  1.89363796087e-22
44.7744227714  1.9372251706e-22
46.5261013431  1.97816874352e-22
48.3463096161  2.01656763073e-22
50.2377286302  2.05251692921e-22
52.2031443137  2.08610803679e-22
54.2454515866  2.11742880247e-22
56.3676586253  2.14656367218e-22
58.5728912925  2.17359383038e-22
60.8643977422  2.19859733754e-22
63.2455532034  2.22164926383e-22
65.719864952  2.24282181924e-22
68.2909774767  2.26218448029e-22
70.9626778467  2.27980411365e-22
73.7389012904  2.29574509676e-22
76.6237369911  2.3100694358e-22
79.6214341107  2.32283688117e-22
82.7364080478  2.33410504065e-22
85.9732469416  2.34392949062e-22
89.3367184302  2.35236388536e-22
92.8317766723  2.35946006477e-22
96.4635696448  2.36526816064e-22
100.237446725  2.36983670182e-22
104.158966572  2.37321271823e-22
108.233905309  2.37544184414e-22
112.468265038  2.37656842078e-22
116.868282675  2.37663559835e-22
121.440439138  2.37568543781e-22
126.191468896  2.37375901219e-22
131.128369884  2.37089650791e-22
136.258413812  2.36713732574e-22
141.589156877  2.36252018173e-22
147.128450892  2.35708320775e-22
152.884454851  2.35086405178e-22
158.865646945  2.34389997749e-22
165.080837054  2.336227963e-22
171.539179718  2.32788479834e-22
178.250187627  2.31890718107e-22
185.223745626  2.30933180956e-22
192.47012528  2.29919547294e-22
200  2.28853513703e-22
207.824460767  2.27738802491e-22
215.955032466  2.26579169107e-22
224.40369086  2.25378408759e-22
233.182880236  2.24140362069e-22
242.305531726  2.22868919593e-22
251.785082359  2.21568025009e-22
261.635494852  2.20241676753e-22
271.871278176  2.18893927906e-22
282.507508925  2.17528884084e-22
293.559853524  2.16150699132e-22
305.044591308  2.14763568404e-22
316.978638492  2.13371719434e-22
329.379573097  2.11979399858e-22
342.265660832  2.10590862463e-22
355.655882008  2.09210347315e-22
369.569959484  2.07842060983e-22
384.028387728  2.0649015298e-22
399.052462994  2.05158689597e-22
414.664314697  2.03954917414e-22
430.886938006  2.02673817144e-22
447.744227714  2.01424676587e-22
465.261013431  2.00210916698e-22
483.463096161  1.99035720394e-22
502.377286302  1.97902001253e-22
522.031443137  1.96812373936e-22
542.454515866  1.95769127189e-22
563.676586253  1.94774200299e-22
585.728912925  1.93829163805e-22
608.643977422  1.92935205181e-22
632.455532034  1.92093120108e-22
657.19864952  1.91303309789e-22
682.909774767  1.90565784623e-22
709.626778467  1.89880174395e-22
737.389012904  1.89245744994e-22
766.237369911  1.88661421567e-22
796.214341107  1.88125817963e-22
827.364080478  1.87637272357e-22
859.732469416  1.87193889138e-22
893.367184302  1.86793587635e-22
928.317766723  1.86434159359e-22
964.635696448  1.86113338385e-22
1002.37446725  1.85828901055e-22
1041.58966572  1.85594222448e-22
1082.33905309  1.85423240087e-22
1124.68265038  1.85315079571e-22
1168.68282675  1.85268615372e-22
1214.40439138  1.84672884422e-22
1261.91468896  1.84797840289e-22
1311.28369884  1.84976020793e-22
1362.58413812  1.85208137055e-22
1415.89156877  1.85494712012e-22
1471.28450892  1.85836077488e-22
1528.84454851  1.86232373193e-22
1588.65646945  1.86683547678e-22
1650.80837054  1.87189361239e-22
1715.39179718  1.87749390686e-22
1782.50187627  1.88363035902e-22
1852.23745626  1.89029528024e-22
1924.7012528  1.91932020947e-22
2000  1.93424520325e-22
2078.24460767  1.94796910936e-22
2159.55032466  1.96062521337e-22
2244.0369086  1.97233128806e-22
2331.82880236  1.98319215355e-22
2423.05531726  1.99330170533e-22
2517.85082359  2.00274453565e-22
2616.35494852  2.0115972406e-22
2718.71278176  2.01992948161e-22
2825.07508925  2.02780485343e-22
2935.59853524  2.03528159812e-22
3050.44591308  2.03995623505e-22
3169.78638492  2.04570229693e-22
3293.79573097  2.05087800972e-22
3422.65660832  2.05552618442e-22
3556.55882008  2.05968594182e-22
3695.69959484  2.06339314938e-22
3840.28387728  2.06668079397e-22
3990.52462994  2.06957930117e-22
4146.64314697  2.07211680995e-22
4308.86938006  2.07431940956e-22
4477.44227714  2.07621134462e-22
4652.61013431  2.07781519292e-22
4834.63096161  2.0791520202e-22
5023.77286302  2.0802415149e-22
5220.31443137  2.08110210597e-22
5424.54515866  2.08175106589e-22
5636.76586253  2.08220460116e-22
5857.28912925  2.08247793167e-22
6086.43977422  2.0825853609e-22
6324.55532034  2.08254033778e-22
6571.9864952  2.08235551171e-22
6829.09774767  2.08204278151e-22
7096.26778467  2.08161333922e-22
7373.89012904  2.08107770949e-22
7662.37369911  2.0804457852e-22
7962.14341107  2.07972685993e-22
8273.64080478  2.07892965759e-22
8597.32469416  2.0780623599e-22
8933.67184302  2.07713263181e-22
9283.17766723  2.07614764538e-22
9646.35696448  2.07511410224e-22
10023.7446725  2.07403825493e-22
10415.8966572  2.07292592724e-22
10823.3905309  2.07178253379e-22
11246.8265038  2.07061309889e-22
11686.8282675  2.06942227478e-22
12144.0439138  2.06821435937e-22
12619.1468896  2.06699331354e-22
13112.8369884  2.06576277797e-22
13625.8413812  2.0645260896e-22
14158.9156877  2.06328629765e-22
14712.8450892  2.06204617936e-22
15288.4454851  2.06080825526e-22
15886.5646945  2.0595748041e-22
16508.0837054  2.05834787734e-22
17153.9179718  2.0571293133e-22
17825.0187627  2.05592075081e-22
18522.3745626  2.05472364247e-22
19247.012528  2.05353926742e-22
20000  2.05236874369e-22

