1.9247012528 20 62
62
1.9247012528  0
2  6.2331974804e-42
2.07824460767  4.92861893576e-41
2.15955032466  9.99985613566e-41
2.2440369086  1.52694918181e-40
2.33182880236  2.07452877889e-40
2.42305531726  2.64353095133e-40
2.51785082359  3.23479379965e-40
2.61635494852  3.84918821276e-40
2.71871278176  4.48761915078e-40
2.82507508925  5.15102697794e-40
2.93559853524  5.84038884767e-40
3.05044591308  1.43750525475e-36
3.16978638492  4.741156871e-36
3.29379573097  8.18003722604e-36
3.42265660832  1.17534545032e-35
3.55655882008  1.54666720968e-35
3.69569959484  1.93251593173e-35
3.84028387728  2.33345994471e-35
3.99052462994  4.65905112848e-34
4.14664314697  4.25026828403e-33
4.30886938006  8.87269620803e-33
4.47744227714  1.36759641617e-32
4.65261013431  1.86671470237e-32
4.83463096161  2.38535964581e-32
5.02377286302  1.78120849321e-31
5.22031443137  8.90116990993e-31
5.42454515866  1.68186457504e-30
5.63676586253  2.50458714864e-30
5.85728912925  3.35949652473e-30
6.08643977422  1.7983366861e-29
6.32455532034  5.48071539564e-29
6.5719864952  9.33385143732e-29
6.82909774767  1.33377310379e-28
7.09626778467  4.4030903754e-28
7.37389012904  1.20236729271e-27
7.66237369911  2.00117061171e-27
7.96214341107  3.45636972508e-27
8.27364080478  1.1273699844e-26
8.59732469416  2.10357502121e-26
8.93367184302  3.42567118505e-26
9.28317766723  9.29279314687e-26
9.64635696448  1.68756812441e-25
10.0237446725  2.98803906759e-25
10.4158966572  6.71327765753e-25
10.8233905309  1.09211810692e-24
11.2468265038  2.1523761944e-24
11.6868282675  3.70798447622e-24
12.1440439138  6.03234585779e-24
12.6191468896  9.82845165889e-24
13.1128369884  1.43397279502e-23
13.6258413812  2.04126429315e-23
14.1589156877  2.70044518259e-23
14.7128450892  3.42857225266e-23
15.2884454851  4.16848733446e-23
15.8865646945  4.9156237854e-23
16.5080837054  5.63848195748e-23
17.1539179718  6.34973197015e-23
17.8250187627  7.02915331769e-23
18.5223745626  7.6618153602e-23
19.247012528  8.30011372017e-23
20  8.96338378252e-23

