2.93559853524 20 51
51
2.93559853524  0
3.05044591308  4.11959435214e-41
3.16978638492  1.35912871854e-40
3.29379573097  2.34506862606e-40
3.42265660832  3.36958077421e-40
3.55655882008  4.4341741979e-40
3.69569959484  5.54041696897e-40
3.84028387728  6.68993850585e-40
3.99052462994  1.00986336274e-37
4.14664314697  9.65042459259e-37
4.30886938006  2.02060559297e-36
4.47744227714  3.11746478832e-36
4.65261013431  4.25723564237e-36
4.83463096161  5.44159695807e-36
5.02377286302  1.41140705018e-34
5.22031443137  7.80445354129e-34
5.42454515866  1.49163466497e-33
5.63676586253  2.23064734011e-33
5.85728912925  2.99857189367e-33
6.08643977422  3.66452738083e-32
6.32455532034  1.23331583667e-31
6.5719864952  2.14047658181e-31
6.82909774767  3.08312754524e-31
7.09626778467  1.74482828071e-30
7.37389012904  5.47306093942e-30
7.66237369911  9.38212026223e-30
7.96214341107  1.87480676341e-29
8.27364080478  8.19760554128e-29
8.59732469416  1.61582594804e-28
8.93367184302  2.86731818452e-28
9.28317766723  1.03635244193e-27
9.64635696448  2.02023427071e-27
10.0237446725  4.17820541e-27
10.4158966572  1.16805021913e-26
10.8233905309  2.02891145522e-26
11.2468265038  5.3875917902e-26
11.6868282675  1.06728410141e-25
12.1440439138  2.28375351383e-25
12.6191468896  4.84937800763e-25
13.1128369884  9.45526442177e-25
13.6258413812  1.92166000475e-24
14.1589156877  3.52155328176e-24
14.7128450892  6.3399877059e-24
15.2884454851  1.05520766308e-23
15.8865646945  1.6259466379e-23
16.5080837054  2.3456969789e-23
17.1539179718  3.14602703176e-23
17.8250187627  4.00556753311e-23
18.5223745626  4.86239738085e-23
19.247012528  5.7497300655e-23
20  6.67177724904e-23

