2.93559853524 20 51
51
2.93559853524  0
3.05044591308  5.34236607099e-42
3.16978638492  1.76254323397e-41
3.29379573097  3.04112832263e-41
3.42265660832  4.36973460561e-41
3.55655882008  5.75031902727e-41
3.69569959484  7.18491509214e-41
3.84028387728  8.67563586015e-41
3.99052462994  1.91747274128e-38
4.14664314697  1.83638656527e-37
4.30886938006  3.84555290636e-37
4.47744227714  5.9333224635e-37
4.65261013431  8.10277037559e-37
4.83463096161  1.0357092088e-36
5.02377286302  3.42881911455e-35
5.22031443137  1.91196527359e-34
5.42454515866  3.65753119276e-34
5.63676586253  5.47138767218e-34
5.85728912925  7.3562063959e-34
6.08643977422  1.05599100608e-32
6.32455532034  3.59293786947e-32
6.5719864952  6.24784825312e-32
6.82909774767  9.00662484744e-32
7.09626778467  5.65055087847e-31
7.37389012904  1.80402324907e-30
7.66237369911  3.1031227443e-30
7.96214341107  6.39560519083e-30
8.27364080478  2.94095184221e-29
8.59732469416  5.84164293449e-29
8.93367184302  1.05173550909e-28
9.28317766723  3.96392516447e-28
9.64635696448  7.79259207393e-28
10.0237446725  1.64616359821e-27
10.4158966572  4.71958759586e-27
10.8233905309  8.25216803052e-27
11.2468265038  2.26220991148e-26
11.6868282675  4.53487328419e-26
12.1440439138  9.97821063839e-26
12.6191468896  2.16457533512e-25
13.1128369884  4.36809752531e-25
13.6258413812  9.20411964854e-25
14.1589156877  1.783858698e-24
14.7128450892  3.39918931139e-24
15.2884454851  6.1681415156e-24
15.8865646945  1.02262911658e-23
16.5080837054  1.61125946227e-23
17.1539179718  2.31054957664e-23
17.8250187627  3.12277951573e-23
18.5223745626  4.02366199923e-23
19.247012528  4.99027956744e-23
20  5.99471344186e-23

