4.83463096161 20000 218
218
4.83463096161  0
5.02377286302  6.20033029329e-41
5.22031443137  3.56196613821e-40
5.42454515866  6.8351282912e-40
5.63676586253  1.02363440884e-39
5.85728912925  1.37706232835e-39
6.08643977422  1.52338600168e-37
6.32455532034  5.46330274271e-37
6.5719864952  9.58662524747e-37
6.82909774767  1.38712616281e-36
7.09626778467  3.43422494136e-35
7.37389012904  1.22881043624e-34
7.66237369911  2.15732992401e-34
7.96214341107  7.59217635058e-34
8.27364080478  5.83240071958e-33
8.59732469416  1.22759201714e-32
8.93367184302  2.82166618981e-32
9.28317766723  1.79786668074e-31
9.64635696448  3.8194168777e-31
10.0237446725  1.10807554215e-30
10.4158966572  4.25296890049e-30
10.8233905309  7.94428741071e-30
11.2468265038  3.18102220164e-29
11.6868282675  7.12022029793e-29
12.1440439138  2.01176246503e-28
12.6191468896  5.09917431471e-28
13.1128369884  1.2589779455e-27
13.6258413812  3.14339963362e-27
14.1589156877  7.64421759783e-27
14.7128450892  1.74543673405e-26
15.2884454851  4.42772244415e-26
15.8865646945  9.4770198606e-26
16.5080837054  2.34766602362e-25
17.1539179718  5.16736642555e-25
17.8250187627  1.11651650731e-24
18.5223745626  7.46723611642e-24
19.247012528  1.61219120078e-23
20  2.5115178759e-23
20.7824460767  3.44602828245e-23
21.5955032466  4.41709888906e-23
22.440369086  5.426160015e-23
23.3182880236  6.47469793688e-23
24.2305531726  7.562601702e-23
25.1785082359  8.62866391676e-23
26.1635494852  9.64402287066e-23
27.1871278176  1.06106092082e-22
28.2507508925  1.15302793576e-22
29.3559853524  1.24048182397e-22
30.5044591308  1.32359418929e-22
31.6978638492  1.4025300014e-22
32.9379573097  1.47744784184e-22
34.2265660832  1.54850014215e-22
35.5655882008  1.6158334143e-22
36.9569959484  1.67958847373e-22
38.4028387728  1.73990065515e-22
39.9052462994  1.79690002134e-22
41.4664314697  1.85071156527e-22
43.0886938006  1.90145540561e-22
44.7744227714  1.94924697604e-22
46.5261013431  1.99419720852e-22
48.3463096161  2.03641271067e-22
50.2377286302  2.07599593767e-22
52.2031443137  2.11304535884e-22
54.2454515866  2.14765561902e-22
56.3676586253  2.1799176952e-22
58.5728912925  2.20991904849e-22
60.8643977422  2.23774377168e-22
63.2455532034  2.26347273274e-22
65.719864952  2.28718371426e-22
68.2909774767  2.3089515494e-22
70.9626778467  2.32884825422e-22
73.7389012904  2.34694315697e-22
76.6237369911  2.36330302426e-22
79.6214341107  2.37799218463e-22
82.7364080478  2.39107264953e-22
85.9732469416  2.40260423205e-22
89.3367184302  2.41264466365e-22
92.8317766723  2.421249709e-22
96.4635696448  2.4284732793e-22
100.237446725  2.43436754417e-22
104.158966572  2.43898304234e-22
108.233905309  2.44236879144e-22
112.468265038  2.44457239687e-22
116.868282675  2.44564016014e-22
121.440439138  2.4456171866e-22
126.191468896  2.44454749289e-22
131.128369884  2.44247411394e-22
136.258413812  2.43943920983e-22
141.589156877  2.43548417231e-22
147.128450892  2.43064973092e-22
152.884454851  2.42497605874e-22
158.865646945  2.41850287739e-22
165.080837054  2.411269561e-22
171.539179718  2.40331523887e-22
178.250187627  2.39467889616e-22
185.223745626  2.38539947203e-22
192.47012528  2.3755159544e-22
200  2.36506747041e-22
207.824460767  2.35409337145e-22
215.955032466  2.34263331136e-22
224.40369086  2.33072731652e-22
233.182880236  2.31841584587e-22
242.305531726  2.30573983927e-22
251.785082359  2.29274075208e-22
261.635494852  2.27946057367e-22
271.871278176  2.26594182792e-22
282.507508925  2.25222755305e-22
293.559853524  2.23836125883e-22
305.044591308  2.2243868588e-22
316.978638492  2.21034857558e-22
329.379573097  2.19629081778e-22
342.265660832  2.18225802721e-22
355.655882008  2.16829449589e-22
369.569959484  2.15444415308e-22
384.028387728  2.14075032344e-22
399.052462994  2.12725545829e-22
414.664314697  2.11506386371e-22
430.886938006  2.10206626758e-22
447.744227714  2.08938784664e-22
465.261013431  2.07706434527e-22
483.463096161  2.06512904111e-22
502.377286302  2.05361242248e-22
522.031443137  2.04254188338e-22
542.454515866  2.03194144501e-22
563.676586253  2.02183151284e-22
585.728912925  2.01222867734e-22
608.643977422  2.00314556603e-22
632.455532034  1.99459075304e-22
657.19864952  1.98656873101e-22
682.909774767  1.97907994858e-22
709.626778467  1.97212091505e-22
737.389012904  1.96568437249e-22
766.237369911  1.95975953427e-22
796.214341107  1.95433238852e-22
827.364080478  1.94938606543e-22
859.732469416  1.9449012693e-22
893.367184302  1.94085678112e-22
928.317766723  1.93723004915e-22
964.635696448  1.9339979149e-22
1002.37446725  1.93113764173e-22
1041.58966572  1.92878725197e-22
1082.33905309  1.92709057479e-22
1124.68265038  1.92603877496e-22
1168.68282675  1.92562041634e-22
1214.40439138  1.91953783443e-22
1261.91468896  1.92088173547e-22
1311.28369884  1.92277221307e-22
1362.58413812  1.92521671403e-22
1415.89156877  1.92822073792e-22
1471.28450892  1.93178780692e-22
1528.84454851  1.93591945565e-22
1588.65646945  1.94061524121e-22
1650.80837054  1.94587277328e-22
1715.39179718  1.95168776357e-22
1782.50187627  1.95805409373e-22
1852.23745626  1.96496390002e-22
1924.7012528  1.99492484001e-22
2000  2.010347942e-22
2078.24460767  2.02453156309e-22
2159.55032466  2.03761316216e-22
2244.0369086  2.04971419855e-22
2331.82880236  2.06094277355e-22
2423.05531726  2.07139572263e-22
2517.85082359  2.081160288e-22
2616.35494852  2.09031546674e-22
2718.71278176  2.09893310569e-22
2825.07508925  2.1070787965e-22
2935.59853524  2.11481261192e-22
3050.44591308  2.11965671862e-22
3169.78638492  2.12560454095e-22
3293.79573097  2.13096352512e-22
3422.65660832  2.13577783029e-22
3556.55882008  2.14008781086e-22
3695.69959484  2.14393046685e-22
3840.28387728  2.14733982817e-22
3990.52462994  2.15034728387e-22
4146.64314697  2.15298186531e-22
4308.86938006  2.15527049037e-22
4477.44227714  2.15723817483e-22
4652.61013431  2.15890821579e-22
4834.63096161  2.16030235109e-22
5023.77286302  2.16144089832e-22
5220.31443137  2.1623428762e-22
5424.54515866  2.16302611083e-22
5636.76586253  2.1635073289e-22
5857.28912925  2.16380223963e-22
6086.43977422  2.16392560699e-22
6324.55532034  2.1638913136e-22
6571.9864952  2.16371241734e-22
6829.09774767  2.16340120191e-22
7096.26778467  2.16296922189e-22
7373.89012904  2.16242734342e-22
7662.37369911  2.16178578091e-22
7962.14341107  2.16105413047e-22
8273.64080478  2.16024140052e-22
8597.32469416  2.15935604005e-22
8933.67184302  2.15840596493e-22
9283.17766723  2.15739858242e-22
9646.35696448  2.15634081442e-22
10023.7446725  2.15523911941e-22
10415.8966572  2.15409951349e-22
10823.3905309  2.1529275905e-22
11246.8265038  2.15172854151e-22
11686.8282675  2.15050717364e-22
12144.0439138  2.14926792833e-22
12619.1468896  2.1480148992e-22
13112.8369884  2.14675184939e-22
13625.8413812  2.14548222853e-22
14158.9156877  2.14420918935e-22
14712.8450892  2.14293560378e-22
15288.4454851  2.14166407879e-22
15886.5646945  2.14039697178e-22
16508.0837054  2.1391364055e-22
17153.9179718  2.13788428267e-22
17825.0187627  2.13664230006e-22
18522.3745626  2.13541196216e-22
19247.012528  2.13419459435e-22
20000  2.13299135565e-22

