1.9247012528 20 62
62
1.9247012528  0
2  6.15758728326e-44
2.07824460767  4.86883359276e-43
2.15955032466  9.87855545552e-43
2.2440369086  1.50842691791e-42
2.33182880236  2.04936424167e-42
2.42305531726  2.61146427977e-42
2.51785082359  3.19555496634e-42
2.61635494852  3.80249662622e-42
2.71871278176  4.43318324212e-42
2.82507508925  5.08854377144e-42
2.93559853524  5.76954351451e-42
3.05044591308  4.16471002994e-38
3.16978638492  1.37387162804e-37
3.29379573097  2.37046166503e-37
3.42265660832  3.40604060025e-37
3.55655882008  4.48213376921e-37
3.69569959484  5.60032618209e-37
3.84028387728  6.76226485829e-37
3.99052462994  2.52577120967e-35
4.14664314697  2.36290017319e-34
4.30886938006  4.94077570875e-34
4.47744227714  7.61950367425e-34
4.65261013431  1.04030296491e-33
4.83463096161  1.32954535729e-33
5.02377286302  1.44343407514e-32
5.22031443137  7.55002101219e-32
5.42454515866  1.43418474354e-31
5.63676586253  2.13993857556e-31
5.85728912925  2.87330312342e-31
6.08643977422  1.9701587156e-30
6.32455532034  6.24859468555e-30
6.5719864952  1.07256367305e-29
6.82909774767  1.53778309747e-29
7.09626778467  6.00118668388e-29
7.37389012904  1.72861321182e-28
7.66237369911  2.91165466988e-28
7.96214341107  5.20165010787e-28
8.27364080478  1.82791431028e-27
8.59732469416  3.46489268517e-27
8.93367184302  5.80577017615e-27
9.28317766723  1.75819795674e-26
9.64635696448  3.29094949271e-26
10.0237446725  6.18223116855e-26
10.4158966572  1.52013671876e-25
10.8233905309  2.54578914252e-25
11.2468265038  5.69487739636e-25
11.6868282675  1.04848932443e-24
12.1440439138  1.92271507654e-24
12.6191468896  3.56550888906e-24
13.1128369884  5.86027434347e-24
13.6258413812  9.72893596937e-24
14.1589156877  1.4474249317e-23
14.7128450892  2.0743292333e-23
15.2884454851  2.76847039785e-23
15.8865646945  3.5268197565e-23
16.5080837054  4.29640875954e-23
17.1539179718  5.07115049667e-23
17.8250187627  5.82565629798e-23
18.5223745626  6.55119097857e-23
19.247012528  7.2920389524e-23
20  8.06187060575e-23

