2.93559853524 20 51
51
2.93559853524  0
3.05044591308  8.84877328275e-39
3.16978638492  2.91937041961e-38
3.29379573097  5.0371417258e-38
3.42265660832  7.23776512447e-38
3.55655882008  9.52448198038e-38
3.69569959484  1.19006604679e-37
3.84028387728  1.43698005322e-37
3.99052462994  7.44250917612e-36
4.14664314697  7.01801726056e-35
4.30886938006  1.46819616703e-34
4.47744227714  2.26457372418e-34
4.65261013431  3.09210740609e-34
4.83463096161  3.95201611214e-34
5.02377286302  5.27293300776e-33
5.22031443137  2.80856750127e-32
5.42454515866  5.34600573565e-32
5.63676586253  7.9827143996e-32
5.85728912925  1.0722577181e-31
6.08643977422  8.49234157893e-31
6.32455532034  2.74380082764e-30
6.5719864952  4.72635451348e-30
6.82909774767  6.786470267e-30
7.09626778467  2.93095147088e-29
7.37389012904  8.67540019467e-29
7.66237369911  1.46978333216e-28
7.96214341107  2.71860256526e-28
8.27364080478  1.0299995665e-27
8.59732469416  1.9811294593e-27
8.93367184302  3.37714079645e-27
9.28317766723  1.07809387806e-26
9.64635696448  2.04434960026e-26
10.0237446725  3.96027534844e-26
10.4158966572  1.01747782234e-25
10.8233905309  1.7263362508e-25
11.2468265038  4.08646671571e-25
11.6868282675  7.72170832103e-25
12.1440439138  1.4799294276e-24
12.6191468896  2.85909578201e-24
13.1128369884  4.87998543698e-24
13.6258413812  8.47040272797e-24
14.1589156877  1.30277355234e-23
14.7128450892  1.93097109722e-23
15.2884454851  2.64270045005e-23
15.8865646945  3.43546745053e-23
16.5080837054  4.24970266577e-23
17.1539179718  5.07398233462e-23
17.8250187627  5.88053317646e-23
18.5223745626  6.60302152151e-23
19.247012528  7.32131576458e-23
20  8.06771133327e-23

