0.964635696448 20000 260
260
0.964635696448  0
1.00237446725  2.77327325478e-37
1.04158966572  1.85003879425e-36
1.08233905309  3.64597593037e-36
1.12468265038  5.5121742648e-36
1.16868282675  7.45138257748e-36
1.21440439138  9.46645718698e-36
1.26191468896  1.15603661576e-35
1.31128369884  1.37361936712e-35
1.36258413812  1.59971445698e-35
1.41589156877  1.83465490765e-35
1.47128450892  2.07878677001e-35
1.52884454851  2.33246963326e-35
1.58865646945  2.59607715457e-35
1.65080837054  2.86999760942e-35
1.71539179718  3.15463446354e-35
1.78250187627  3.45040696714e-35
1.85223745626  3.75775077249e-35
1.9247012528  4.07711857558e-35
2  1.52037260258e-32
2.07824460767  1.19915503874e-31
2.15955032466  2.43255643425e-31
2.2440369086  3.7142113339e-31
2.33182880236  5.04600752596e-31
2.42305531726  6.42990665328e-31
2.51785082359  7.86794710274e-31
2.61635494852  9.36224700759e-31
2.71871278176  1.09150073673e-30
2.82507508925  1.25285152897e-30
2.93559853524  1.42051473592e-30
3.05044591308  3.2791310648e-29
3.16978638492  1.04698916156e-28
3.29379573097  1.79549598774e-28
3.42265660832  2.57328612539e-28
3.55655882008  3.38150520513e-28
3.69569959484  4.22134367727e-28
3.84028387728  5.09403856529e-28
3.99052462994  1.05505110177e-27
4.14664314697  5.07209545066e-27
4.30886938006  9.9623706278e-27
4.47744227714  1.50439646363e-26
4.65261013431  2.03243623095e-26
4.83463096161  2.58113413048e-26
5.02377286302  4.79875529612e-26
5.22031443137  1.32080803891e-25
5.42454515866  2.25206754468e-25
5.63676586253  3.21976006778e-25
5.85728912925  4.22531095179e-25
6.08643977422  7.58797483728e-25
6.32455532034  1.4731735695e-24
6.5719864952  2.22000215482e-24
6.82909774767  2.99604839496e-24
7.09626778467  4.45982201866e-24
7.37389012904  7.07872205167e-24
7.66237369911  9.8172530278e-24
7.96214341107  1.27889791793e-23
8.27364080478  1.71483804073e-23
8.59732469416  2.20088056537e-23
8.93367184302  2.70673991169e-23
9.28317766723  3.24409703793e-23
9.64635696448  3.80634921958e-23
10.0237446725  4.37924974143e-23
10.4158966572  4.92200017953e-23
10.8233905309  5.47901283219e-23
11.2468265038  5.99980676828e-23
11.6868282675  6.49871381183e-23
12.1440439138  6.9886432187e-23
12.6191468896  7.44215576834e-23
13.1128369884  7.89106085901e-23
13.6258413812  8.30297217889e-23
14.1589156877  8.70535091414e-23
14.7128450892  9.07637948404e-23
15.2884454851  9.43327583887e-23
15.8865646945  9.7746048822e-23
16.5080837054  1.0094330035e-22
17.1539179718  1.04022705209e-22
17.8250187627  1.06881591554e-22
18.5223745626  1.09173331719e-22
19.247012528  1.11343934412e-22
20  1.13599456083e-22
20.7824460767  1.15943218959e-22
21.5955032466  1.18378675237e-22
22.440369086  1.20909412177e-22
23.3182880236  1.23539157375e-22
24.2305531726  1.26013733167e-22
25.1785082359  1.27678570501e-22
26.1635494852  1.29232129668e-22
27.1871278176  1.30678458942e-22
28.2507508925  1.32021448746e-22
29.3559853524  1.3326483749e-22
30.5044591308  1.34412217237e-22
31.6978638492  1.35467039193e-22
32.9379573097  1.36432619042e-22
34.2265660832  1.37312142117e-22
35.5655882008  1.38108668416e-22
36.9569959484  1.38825137473e-22
38.4028387728  1.39464373087e-22
39.9052462994  1.40029087913e-22
41.4664314697  1.40521887925e-22
43.0886938006  1.40945276749e-22
44.7744227714  1.41301659889e-22
46.5261013431  1.41593348828e-22
48.3463096161  1.41822565034e-22
50.2377286302  1.41991443864e-22
52.2031443137  1.42102038372e-22
54.2454515866  1.42156323041e-22
56.3676586253  1.42156197424e-22
58.5728912925  1.42103489728e-22
60.8643977422  1.41999960319e-22
63.2455532034  1.41847305183e-22
65.719864952  1.41647159327e-22
68.2909774767  1.41401100146e-22
70.9626778467  1.41110650748e-22
73.7389012904  1.4077728326e-22
76.6237369911  1.40402422108e-22
79.6214341107  1.3998744729e-22
82.7364080478  1.39533697641e-22
85.9732469416  1.39042474114e-22
89.3367184302  1.38515043055e-22
92.8317766723  1.37952639519e-22
96.4635696448  1.37356470596e-22
100.237446725  1.36727718786e-22
104.158966572  1.36067545404e-22
108.233905309  1.35377094043e-22
112.468265038  1.34657494085e-22
116.868282675  1.33909864274e-22
121.440439138  1.33135316342e-22
126.191468896  1.32334958713e-22
131.128369884  1.31509900254e-22
136.258413812  1.30661254099e-22
141.589156877  1.2979014152e-22
147.128450892  1.28897695855e-22
152.884454851  1.27985066457e-22
158.865646945  1.27053422678e-22
165.080837054  1.26103957836e-22
171.539179718  1.25137893161e-22
178.250187627  1.24156481673e-22
185.223745626  1.23161011951e-22
192.47012528  1.22152811759e-22
200  1.21133251443e-22
207.824460767  1.20103747065e-22
215.955032466  1.19065763167e-22
224.40369086  1.18020815104e-22
233.182880236  1.1697047083e-22
242.305531726  1.15916352045e-22
251.785082359  1.14860134584e-22
261.635494852  1.13803547931e-22
271.871278176  1.12748373731e-22
282.507508925  1.11696443183e-22
293.559853524  1.10649633187e-22
305.044591308  1.09609861134e-22
316.978638492  1.08579078242e-22
329.379573097  1.07559261362e-22
342.265660832  1.06552403196e-22
355.655882008  1.05560500925e-22
369.569959484  1.04585543265e-22
384.028387728  1.03629496028e-22
399.052462994  1.02694286329e-22
414.664314697  1.01842533146e-22
430.886938006  1.00953125875e-22
447.744227714  1.00090001783e-22
465.261013431  9.92547485382e-23
483.463096161  9.8448824793e-23
502.377286302  9.76735424227e-23
522.031443137  9.69300498952e-23
542.454515866  9.62193172665e-23
563.676586253  9.55421232647e-23
585.728912925  9.48990448975e-23
608.643977422  9.42904499645e-23
632.455532034  9.37164927848e-23
657.19864952  9.31771133713e-23
682.909774767  9.26720401961e-23
709.626778467  9.22007966047e-23
737.389012904  9.1762710861e-23
766.237369911  9.13569297482e-23
796.214341107  9.09824356273e-23
827.364080478  9.06380668837e-23
859.732469416  9.03225418088e-23
893.367184302  9.00344862449e-23
928.317766723  8.97724659682e-23
964.635696448  8.95350264618e-23
1002.37446725  8.93207493688e-23
1041.58966572  8.91371716957e-23
1082.33905309  8.89921433839e-23
1124.68265038  8.88850229162e-23
1168.68282675  8.88150364819e-23
1214.40439138  8.84324438075e-23
1261.91468896  8.84639730615e-23
1311.28369884  8.8527433002e-23
1362.58413812  8.86231467987e-23
1415.89156877  8.87513369882e-23
1471.28450892  8.89121237315e-23
1528.84454851  8.91055241117e-23
1588.65646945  8.93314524849e-23
1650.80837054  8.95897218786e-23
1715.39179718  8.98800464045e-23
1782.50187627  9.02020446349e-23
1852.23745626  9.05552438679e-23
1924.7012528  9.2187556713e-23
2000  9.30152373664e-23
2078.24460767  9.37753073157e-23
2159.55032466  9.44752991093e-23
2244.0369086  9.51218767229e-23
2331.82880236  9.57209771292e-23
2423.05531726  9.62779227779e-23
2517.85082359  9.67975117662e-23
2616.35494852  9.72840907129e-23
2718.71278176  9.7741614082e-23
2825.07508925  9.81736927928e-23
2935.59853524  9.85836342926e-23
3050.44591308  9.88336337793e-23
3169.78638492  9.914569686e-23
3293.79573097  9.94256923261e-23
3422.65660832  9.96760503729e-23
3556.55882008  9.98989915292e-23
3695.69959484  1.00096551356e-22
3840.28387728  1.0027060155e-22
3990.52462994  1.00422868039e-22
4146.64314697  1.00554946565e-22
4308.86938006  1.00668316141e-22
4477.44227714  1.00764350698e-22
4652.61013431  1.00844329208e-22
4834.63096161  1.00909444485e-22
5023.77286302  1.00960810864e-22
5220.31443137  1.00999470911e-22
5424.54515866  1.01026401297e-22
5636.76586253  1.01042517958e-22
5857.28912925  1.01048680626e-22
6086.43977422  1.01045696829e-22
6324.55532034  1.01034325433e-22
6571.9864952  1.01015279777e-22
6829.09774767  1.00989230469e-22
7096.26778467  1.00956807894e-22
7373.89012904  1.00918604462e-22
7662.37369911  1.00875176648e-22
7962.14341107  1.0082704684e-22
8273.64080478  1.00774705047e-22
8597.32469416  1.00718610456e-22
8933.67184302  1.00659192901e-22
9283.17766723  1.00596854217e-22
9646.35696448  1.00531969532e-22
10023.7446725  1.00464888484e-22
10415.8966572  1.00395936391e-22
10823.3905309  1.00325415361e-22
11246.8265038  1.00253605379e-22
11686.8282675  1.00180765347e-22
12144.0439138  1.00107134098e-22
12619.1468896  1.00032931385e-22
13112.8369884  9.99583588417e-23
13625.8413812  9.98836009248e-23
14158.9156877  9.98088258279e-23
14712.8450892  9.97341863785e-23
15288.4454851  9.96598209108e-23
15886.5646945  9.95858541165e-23
16508.0837054  9.95123978725e-23
17153.9179718  9.94395520449e-23
17825.0187627  9.93674052688e-23
18522.3745626  9.92960357021e-23
19247.012528  9.92255117536e-23
20000  9.91558927834e-23

