0.964635696448 20 80
80
0.964635696448  0
1.00237446725  2.97300057398e-39
1.04158966572  1.9832760395e-38
1.08233905309  3.90855409399e-38
1.12468265038  5.90915346149e-38
1.16868282675  7.98802088529e-38
1.21440439138  1.01482183921e-37
1.26191468896  1.23929278021e-37
1.31128369884  1.47254554156e-37
1.36258413812  1.71492368832e-37
1.41589156877  1.96678422658e-37
1.47128450892  2.22849812934e-37
1.52884454851  2.50045088292e-37
1.58865646945  2.78304305475e-37
1.65080837054  3.07669088339e-37
1.71539179718  3.38182689161e-37
1.78250187627  3.69890052345e-37
1.85223745626  4.02837880625e-37
1.9247012528  4.37074703854e-37
2  5.87580437465e-34
2.07824460767  4.64279885027e-33
2.15955032466  9.41945930602e-33
2.2440369086  1.43829937234e-32
2.33182880236  1.95407130424e-32
2.42305531726  2.49002142237e-32
2.51785082359  3.04693914386e-32
2.61635494852  3.62564476966e-32
2.71871278176  4.22699069279e-32
2.82507508925  4.85186265383e-32
2.93559853524  5.50118104559e-32
3.05044591308  2.55283761315e-30
3.16978638492  8.28728921816e-30
3.29379573097  1.42564573059e-29
3.42265660832  2.04591530012e-29
3.55655882008  2.69045124421e-29
3.69569959484  3.36020291933e-29
3.84028387728  4.05615682298e-29
3.99052462994  1.07696058468e-28
4.14664314697  6.31707089859e-28
4.30886938006  1.2705004697e-27
4.47744227714  1.93428491823e-27
4.65261013431  2.62403814364e-27
4.83463096161  3.34077610431e-27
5.02377286302  7.32710448083e-27
5.22031443137  2.34815286987e-26
5.42454515866  4.1397904971e-26
5.63676586253  6.00152111594e-26
5.85728912925  7.93608692572e-26
6.08643977422  1.67366186591e-25
6.32455532034  3.65733528654e-25
6.5719864952  5.73181110753e-25
6.82909774767  7.88744520189e-25
7.09626778467  1.34862148997e-24
7.37389012904  2.49135168268e-24
7.66237369911  3.68756290031e-24
7.96214341107  5.07758086567e-24
8.27364080478  8.00470201189e-24
8.59732469416  1.1431737662e-23
8.93367184302  1.50687398105e-23
9.28317766723  1.99562857788e-23
9.64635696448  2.54016169752e-23
10.0237446725  3.1062487455e-23
10.4158966572  3.69564287451e-23
10.8233905309  4.30796729656e-23
11.2468265038  4.89940248622e-23
11.6868282675  5.48130577462e-23
12.1440439138  6.05511607324e-23
12.6191468896  6.59118314143e-23
13.1128369884  7.12271965904e-23
13.6258413812  7.61257888761e-23
14.1589156877  8.09405683911e-23
14.7128450892  8.54421254327e-23
15.2884454851  8.97605105917e-23
15.8865646945  9.38749341095e-23
16.5080837054  9.77139477413e-23
17.1539179718  1.01424722019e-22
17.8250187627  1.04918743659e-22
18.5223745626  1.07468859496e-22
19.247012528  1.09774190901e-22
20  1.12169712181e-22

