2.93559853524 20 51
51
2.93559853524  0
3.05044591308  3.30656610416e-39
3.16978638492  1.09089598824e-38
3.29379573097  1.88225436003e-38
3.42265660832  2.70457249448e-38
3.55655882008  3.55906160884e-38
3.69569959484  4.44698030596e-38
3.84028387728  5.36963642812e-38
3.99052462994  3.32136787254e-36
4.14664314697  3.14233684158e-35
4.30886938006  6.57527369917e-35
4.47744227714  1.01425149555e-34
4.65261013431  1.38493149082e-34
4.83463096161  1.77011334148e-34
5.02377286302  2.62161608624e-33
5.22031443137  1.40724580919e-32
5.42454515866  2.68094823775e-32
5.63676586253  4.00448083972e-32
5.85728912925  5.37979308628e-32
6.08643977422  4.53614140007e-31
6.32455532034  1.47611573968e-30
6.5719864952  2.54611241773e-30
6.82909774767  3.65796983093e-30
7.09626778467  1.63267620831e-29
7.37389012904  4.87196392167e-29
7.66237369911  8.26805859879e-29
7.96214341107  1.54029753255e-28
8.27364080478  5.91866720004e-28
8.59732469416  1.14136720413e-27
8.93367184302  1.95167867888e-27
9.28317766723  6.28835431892e-27
9.64635696448  1.19506057227e-26
10.0237446725  2.3264222738e-26
10.4158966572  6.01706028986e-26
10.8233905309  1.02295462161e-25
11.2468265038  2.45606276746e-25
11.6868282675  4.67038879381e-25
12.1440439138  9.15108609246e-25
12.6191468896  1.80588575039e-24
13.1128369884  3.1879523921e-24
13.6258413812  5.78662426199e-24
14.1589156877  9.3096962351e-24
14.7128450892  1.45446765416e-23
15.2884454851  2.08443015823e-23
15.8865646945  2.8212356799e-23
16.5080837054  3.60858245632e-23
17.1539179718  4.42078284428e-23
17.8250187627  5.2296577066e-23
18.5223745626  6.00296890201e-23
19.247012528  6.79120213261e-23
20  7.61027286315e-23

