2.93559853524 20 51
51
2.93559853524  0
3.05044591308  1.26244136833e-39
3.16978638492  4.16502250588e-39
3.29379573097  7.18641543817e-39
3.42265660832  1.03260122228e-38
3.55655882008  1.35884372667e-38
3.69569959484  1.69784958944e-38
3.84028387728  2.05011814258e-38
3.99052462994  1.51184149362e-36
4.14664314697  1.43428030975e-35
4.30886938006  3.00172256876e-35
4.47744227714  4.63048678007e-35
4.65261013431  6.32297199973e-35
4.83463096161  8.08167114038e-35
5.02377286302  1.33465481719e-33
5.22031443137  7.21614525164e-33
5.42454515866  1.37584311568e-32
5.63676586253  2.0556666359e-32
5.85728912925  2.76208641843e-32
6.08643977422  2.50036856266e-31
6.32455532034  8.19809777503e-31
6.5719864952  1.41605339689e-30
6.82909774767  2.03562344031e-30
7.09626778467  9.46681884487e-30
7.37389012904  2.85242725561e-29
7.66237369911  4.85046165382e-29
7.96214341107  9.10787985381e-29
8.27364080478  3.55315691433e-28
8.59732469416  6.87073207106e-28
8.93367184302  1.17592642173e-27
9.28317766723  3.78842184023e-27
9.64635696448  7.19922642216e-27
10.0237446725  1.39826965103e-26
10.4158966572  3.60351169895e-26
10.8233905309  6.12701574978e-26
11.2468265038  1.58007782466e-25
11.6868282675  3.09901667839e-25
12.1440439138  6.2555601668e-25
12.6191468896  1.26139749669e-24
13.1128369884  2.29152516282e-24
13.6258413812  4.30529926887e-24
14.1589156877  7.18348129473e-24
14.7128450892  1.16953467022e-23
15.2884454851  1.74173699997e-23
15.8865646945  2.43777816635e-23
16.5080837054  3.20832083589e-23
17.1539179718  4.01611245435e-23
17.8250187627  4.83275852096e-23
18.5223745626  5.64270694034e-23
19.247012528  6.47921200786e-23
20  7.34844308079e-23

