2.93559853524 20 51
51
2.93559853524  0
3.05044591308  2.64222258448e-39
3.16978638492  8.71717040168e-39
3.29379573097  1.5040784981e-38
3.42265660832  2.16117939312e-38
3.55655882008  2.843987589e-38
3.69569959484  3.55350881458e-38
3.84028387728  4.29078814513e-38
3.99052462994  3.0151603961e-36
4.14664314697  2.85845897368e-35
4.30886938006  5.98203740035e-35
4.47744227714  9.22781741127e-35
4.65261013431  1.2600579814e-34
4.83463096161  1.61052924521e-34
5.02377286302  2.53346407084e-33
5.22031443137  1.36551276528e-32
5.42454515866  2.60261870247e-32
5.63676586253  3.88812307401e-32
5.85728912925  5.22391933816e-32
6.08643977422  4.51827711404e-31
6.32455532034  1.47438074907e-30
6.5719864952  2.5444344326e-30
6.82909774767  3.65635108146e-30
7.09626778467  1.64205136898e-29
7.37389012904  4.90716663802e-29
7.66237369911  8.33034829618e-29
7.96214341107  1.55043128928e-28
8.27364080478  5.94385342481e-28
8.59732469416  1.1457357491e-27
8.93367184302  1.95637792466e-27
9.28317766723  6.27015533391e-27
9.64635696448  1.19009250595e-26
10.0237446725  2.31089114499e-26
10.4158966572  5.95677875077e-26
10.8233905309  1.01175668463e-25
11.2468265038  2.4240367776e-25
11.6868282675  4.60545992964e-25
12.1440439138  9.02414936654e-25
12.6191468896  1.78132260435e-24
13.1128369884  3.15009923816e-24
13.6258413812  5.73283480781e-24
14.1589156877  9.26069336465e-24
14.7128450892  1.45449741046e-23
15.2884454851  2.0964528977e-23
15.8865646945  2.85284421135e-23
16.5080837054  3.6665961223e-23
17.1539179718  4.50859508706e-23
17.8250187627  5.34940220212e-23
18.5223745626  6.12007286783e-23
19.247012528  6.8934269444e-23
20  7.69703641412e-23

