3.84028387728 20 44
44
3.84028387728  0
3.99052462994  5.37106404938e-41
4.14664314697  5.16817594794e-40
4.30886938006  1.08257843804e-39
4.47744227714  1.67047314889e-39
4.65261013431  2.28136765525e-39
4.83463096161  2.91616176209e-39
5.02377286302  2.733093467e-37
5.22031443137  1.55382672942e-36
5.42454515866  2.97846581282e-36
5.63676586253  4.4588400593e-36
5.85728912925  5.99712995684e-36
6.08643977422  1.72765668865e-34
6.32455532034  6.06133627303e-34
6.5719864952  1.05966592517e-33
6.82909774767  1.5309414514e-33
7.09626778467  1.51711623814e-32
7.37389012904  5.13075264394e-32
7.66237369911  8.92011820554e-32
7.96214341107  2.14832106135e-31
8.27364080478  1.21534236453e-30
8.59732469416  2.48112163284e-30
8.93367184302  4.8055710357e-30
9.28317766723  2.19574536839e-29
9.64635696448  4.4654686396e-29
10.0237446725  1.04310608115e-28
10.4158966572  3.33374040891e-28
10.8233905309  5.9851100026e-28
11.2468265038  1.86836575596e-27
11.6868282675  3.91229803027e-27
12.1440439138  9.45635150774e-27
12.6191468896  2.18886213301e-26
13.1128369884  4.82793271566e-26
13.6258413812  1.10415750122e-25
14.1589156877  2.40958152912e-25
14.7128450892  5.09150995046e-25
15.2884454851  1.12109668261e-24
15.8865646945  2.16606606744e-24
16.5080837054  4.39935160132e-24
17.1539179718  7.77614194704e-24
17.8250187627  1.30868061309e-23
18.5223745626  2.16885694592e-23
19.247012528  3.18673841422e-23
20  4.2444417506e-23

