0.964635696448 20 80
80
0.964635696448  0
1.00237446725  2.11977959343e-39
1.04158966572  1.4140959519e-38
1.08233905309  2.78683875166e-38
1.12468265038  4.2132864123e-38
1.16868282675  5.69553999174e-38
1.21440439138  7.23578274607e-38
1.26191468896  8.83628334541e-38
1.31128369884  1.04993992155e-37
1.36258413812  1.222758001e-37
1.41589156877  1.40233712185e-37
1.47128450892  1.58894179164e-37
1.52884454851  1.78284686602e-37
1.58865646945  1.98433795363e-37
1.65080837054  2.19371183679e-37
1.71539179718  2.41127690862e-37
1.78250187627  2.6373536273e-37
1.85223745626  2.87227498805e-37
1.9247012528  3.11638701366e-37
2  4.19345528677e-34
2.07824460767  3.31348371773e-33
2.15955032466  6.72250243087e-33
2.2440369086  1.02648898099e-32
2.33182880236  1.39458635442e-32
2.42305531726  1.77708454514e-32
2.51785082359  2.1745469463e-32
2.61635494852  2.58755899227e-32
2.71871278176  3.016729021e-32
2.82507508925  3.46268916998e-32
2.93559853524  3.92609630742e-32
3.05044591308  1.78112673953e-30
3.16978638492  5.77992369584e-30
3.29379573097  9.94239495453e-30
3.42265660832  1.42677116785e-29
3.55655882008  1.87622447575e-29
3.69569959484  2.34326143253e-29
3.84028387728  2.82856995103e-29
3.99052462994  7.1107460052e-29
4.14664314697  4.02086328519e-28
4.30886938006  8.05474557907e-28
4.47744227714  1.22464426417e-27
4.65261013431  1.66021285504e-27
4.83463096161  2.11282189266e-27
5.02377286302  4.55029682688e-27
5.22031443137  1.43727890843e-26
5.42454515866  2.52652807394e-26
5.63676586253  3.65839117625e-26
5.85728912925  4.83453537076e-26
6.08643977422  1.05231968256e-25
6.32455532034  2.34673216826e-25
6.5719864952  3.70046544904e-25
6.82909774767  5.10715989454e-25
7.09626778467  8.85061232661e-25
7.37389012904  1.65511986567e-24
7.66237369911  2.4612659158e-24
7.96214341107  3.42436165885e-24
8.27364080478  5.69003334914e-24
8.59732469416  8.37312362524e-24
8.93367184302  1.12431959881e-23
9.28317766723  1.5423184237e-23
9.64635696448  2.01628389932e-23
10.0237446725  2.51576488922e-23
10.4158966572  3.06708401685e-23
10.8233905309  3.64384563032e-23
11.2468265038  4.21177816002e-23
11.6868282675  4.77905892689e-23
12.1440439138  5.34028201376e-23
12.6191468896  5.86835534781e-23
13.1128369884  6.39353959889e-23
13.6258413812  6.8815528497e-23
14.1589156877  7.36089390143e-23
14.7128450892  7.80786398413e-23
15.2884454851  8.23707833129e-23
15.8865646945  8.64667231854e-23
16.5080837054  9.03099656095e-23
17.1539179718  9.40267900398e-23
17.8250187627  9.7511739363e-23
18.5223745626  1.00705005442e-22
19.247012528  1.03905130675e-22
20  1.07230452181e-22

