2.93559853524 20 51
51
2.93559853524  0
3.05044591308  3.28191836036e-41
3.16978638492  1.08276425157e-40
3.29379573097  1.86822369445e-40
3.42265660832  2.6844121203e-40
3.55655882008  3.53253171773e-40
3.69569959484  4.41383170774e-40
3.84028387728  5.32961018373e-40
3.99052462994  8.10161122552e-38
4.14664314697  7.74240923327e-37
4.30886938006  1.62111029294e-36
4.47744227714  2.50111114333e-36
4.65261013431  3.41553965437e-36
4.83463096161  4.36574271546e-36
5.02377286302  1.13685183155e-34
5.22031443137  6.28725230882e-34
5.42454515866  1.2016776994e-33
5.63676586253  1.79704538847e-33
5.85728912925  2.41570523317e-33
6.08643977422  2.95727599022e-32
6.32455532034  9.95412278899e-32
6.5719864952  1.72762311798e-31
6.82909774767  2.48847973198e-31
7.09626778467  1.4078268124e-30
7.37389012904  4.41570326519e-30
7.66237369911  7.56946732466e-30
7.96214341107  1.51090132566e-29
8.27364080478  6.59340162204e-29
8.59732469416  1.2992177628e-28
8.93367184302  2.30263757828e-28
9.28317766723  8.28851585355e-28
9.64635696448  1.61436178292e-27
10.0237446725  3.33443490753e-27
10.4158966572  9.3082019073e-27
10.8233905309  1.61621588472e-26
11.2468265038  4.28247982414e-26
11.6868282675  8.47661691531e-26
12.1440439138  1.81345539552e-25
12.6191468896  3.8507895514e-25
13.1128369884  7.53801857137e-25
13.6258413812  1.53979310711e-24
14.1589156877  2.85776474882e-24
14.7128450892  5.21924144321e-24
15.2884454851  8.89308287797e-24
15.8865646945  1.39916688687e-23
16.5080837054  2.06757757053e-23
17.1539179718  2.82412845589e-23
17.8250187627  3.65302756602e-23
18.5223745626  4.53325599769e-23
19.247012528  5.46413096995e-23
20  6.43142391571e-23

