3.84028387728 20000 224
224
3.84028387728  0
3.99052462994  2.60385206422e-41
4.14664314697  2.50549341557e-40
4.30886938006  5.2482600741e-40
4.47744227714  8.09833008318e-40
4.65261013431  1.10599013971e-39
4.83463096161  1.41373362038e-39
5.02377286302  1.52005585943e-37
5.22031443137  8.65348888528e-37
5.42454515866  1.65898232402e-36
5.63676586253  2.4836645279e-36
5.85728912925  3.34061019953e-36
6.08643977422  1.05672385279e-34
6.32455532034  3.71736024388e-34
6.5719864952  6.5018014017e-34
6.82909774767  9.39517631251e-34
7.09626778467  9.90535155336e-33
7.37389012904  3.3693557893e-32
7.66237369911  5.86387892547e-32
7.96214341107  1.44502673723e-31
8.27364080478  8.38307262251e-31
8.59732469416  1.71640180716e-30
8.93367184302  3.35986000341e-30
9.28317766723  1.57424737353e-29
9.64635696448  3.21404024855e-29
10.0237446725  7.61624103492e-29
10.4158966572  2.4688540482e-28
10.8233905309  4.44682058693e-28
11.2468265038  1.41259820985e-27
11.6868282675  2.97378963626e-27
12.1440439138  7.27002646708e-27
12.6191468896  1.69501528986e-26
13.1128369884  3.77274551756e-26
13.6258413812  8.69419938771e-26
14.1589156877  1.91668988385e-25
14.7128450892  4.08210768715e-25
15.2884454851  9.13110971554e-25
15.8865646945  1.78558625278e-24
16.5080837054  3.71389046236e-24
17.1539179718  6.71414852591e-24
17.8250187627  1.15910721927e-23
18.5223745626  2.00107489588e-23
19.247012528  3.00982574472e-23
20  4.05804125077e-23
20.7824460767  5.14726536232e-23
21.5955032466  6.27910243052e-23
22.440369086  7.45521957238e-23
23.3182880236  8.67734912642e-23
24.2305531726  9.84335430484e-23
25.1785082359  1.06879584527e-22
26.1635494852  1.14913647834e-22
27.1871278176  1.22551362243e-22
28.2507508925  1.29807755464e-22
29.3559853524  1.36697275624e-22
30.5044591308  1.43233812569e-22
31.6978638492  1.49430718475e-22
32.9379573097  1.55300827825e-22
34.2265660832  1.60856476739e-22
35.5655882008  1.66109521686e-22
36.9569959484  1.71071357601e-22
38.4028387728  1.75752935419e-22
39.9052462994  1.80164779046e-22
41.4664314697  1.84317001786e-22
43.0886938006  1.8821932225e-22
44.7744227714  1.91881079758e-22
46.5261013431  1.95311249254e-22
48.3463096161  1.98518455762e-22
50.2377286302  2.01510988392e-22
52.2031443137  2.04296813925e-22
54.2454515866  2.06883589989e-22
56.3676586253  2.09278677848e-22
58.5728912925  2.11489154831e-22
60.8643977422  2.13521826411e-22
63.2455532034  2.15383237953e-22
65.719864952  2.17079686166e-22
68.2909774767  2.18617230261e-22
70.9626778467  2.2000170284e-22
73.7389012904  2.21238720551e-22
76.6237369911  2.223336945e-22
79.6214341107  2.23291840467e-22
82.7364080478  2.24118188934e-22
85.9732469416  2.2481759494e-22
89.3367184302  2.25394747797e-22
92.8317766723  2.25854180669e-22
96.4635696448  2.26200280046e-22
100.237446725  2.26437295126e-22
104.158966572  2.26569347123e-22
108.233905309  2.26600438513e-22
112.468265038  2.26534462247e-22
116.868282675  2.26375210925e-22
121.440439138  2.26126385957e-22
126.191468896  2.25791606718e-22
131.128369884  2.25374419696e-22
136.258413812  2.24878307643e-22
141.589156877  2.24306698722e-22
147.128450892  2.23662975648e-22
152.884454851  2.22950484802e-22
158.865646945  2.22172545302e-22
165.080837054  2.21332458008e-22
171.539179718  2.20433514405e-22
178.250187627  2.19479005338e-22
185.223745626  2.18472229514e-22
192.47012528  2.17416501721e-22
200  2.16315160648e-22
207.824460767  2.15171576228e-22
215.955032466  2.13989156363e-22
224.40369086  2.12771352899e-22
233.182880236  2.11521666707e-22
242.305531726  2.10243651675e-22
251.785082359  2.08940917449e-22
261.635494852  2.07617130714e-22
271.871278176  2.06276014802e-22
282.507508925  2.04921347432e-22
293.559853524  2.03556956352e-22
305.044591308  2.02186712715e-22
316.978638492  2.00814521975e-22
329.379573097  1.99444312191e-22
342.265660832  1.98080019612e-22
355.655882008  1.96725571501e-22
369.569959484  1.95384866234e-22
384.028387728  1.94061750747e-22
399.052462994  1.92759995562e-22
414.664314697  1.91581601022e-22
430.886938006  1.90331278522e-22
447.744227714  1.8911299458e-22
465.261013431  1.87929916238e-22
483.463096161  1.86784986766e-22
502.377286302  1.85680895934e-22
522.031443137  1.84620051953e-22
542.454515866  1.83604555879e-22
563.676586253  1.8263617932e-22
585.728912925  1.81716346184e-22
608.643977422  1.80846119168e-22
632.455532034  1.80026191542e-22
657.19864952  1.79256884681e-22
682.909774767  1.78538151613e-22
709.626778467  1.77869586756e-22
737.389012904  1.77250441824e-22
766.237369911  1.76679647832e-22
796.214341107  1.76155843052e-22
827.364080478  1.75677406803e-22
859.732469416  1.75242499183e-22
893.367184302  1.74849107256e-22
928.317766723  1.74495099304e-22
964.635696448  1.74178291537e-22
1002.37446725  1.73896542617e-22
1041.58966572  1.73662523002e-22
1082.33905309  1.73489435468e-22
1124.68265038  1.73376420461e-22
1168.68282675  1.73322382117e-22
1214.40439138  1.72747371361e-22
1261.91468896  1.7285682281e-22
1311.28369884  1.73017133027e-22
1362.58413812  1.73228957718e-22
1415.89156877  1.73492775211e-22
1471.28450892  1.73808883654e-22
1528.84454851  1.74177400049e-22
1588.65646945  1.74598261134e-22
1650.80837054  1.75071226093e-22
1715.39179718  1.7559588105e-22
1782.50187627  1.76171645239e-22
1852.23745626  1.76797778713e-22
1924.7012528  1.79545902237e-22
2000  1.80956266732e-22
2078.24460767  1.82252853796e-22
2159.55032466  1.8344830368e-22
2244.0369086  1.84553785646e-22
2331.82880236  1.85579240558e-22
2423.05531726  1.86533573097e-22
2517.85082359  1.87424805458e-22
2616.35494852  1.88260201273e-22
2718.71278176  1.89046366274e-22
2825.07508925  1.8978933061e-22
2935.59853524  1.90494616571e-22
3050.44591308  1.90934141641e-22
3169.78638492  1.9147548148e-22
3293.79573097  1.91962835545e-22
3422.65660832  1.924002626e-22
3556.55882008  1.92791471292e-22
3695.69959484  1.93139861599e-22
3840.28387728  1.93448560196e-22
3990.52462994  1.93720450754e-22
4146.64314697  1.93958200006e-22
4308.86938006  1.94164280228e-22
4477.44227714  1.94340988697e-22
4652.61013431  1.94490464578e-22
4834.63096161  1.94614703597e-22
5023.77286302  1.94715570844e-22
5220.31443137  1.94794811947e-22
5424.54515866  1.94854062856e-22
5636.76586253  1.94894858419e-22
5857.28912925  1.94918639935e-22
6086.43977422  1.94926761796e-22
6324.55532034  1.94920497375e-22
6571.9864952  1.94901044236e-22
6829.09774767  1.94869528786e-22
7096.26778467  1.94827010432e-22
7373.89012904  1.94774485316e-22
7662.37369911  1.94712889699e-22
7962.14341107  1.94643103035e-22
8273.64080478  1.94565950794e-22
8597.32469416  1.94482207059e-22
8933.67184302  1.94392596945e-22
9283.17766723  1.9429779886e-22
9646.35696448  1.94198446636e-22
10023.7446725  1.94095131556e-22
10415.8966572  1.93988404285e-22
10823.3905309  1.9387877672e-22
11246.8265038  1.93766723785e-22
11686.8282675  1.93652685159e-22
12144.0439138  1.9353706696e-22
12619.1468896  1.9342024338e-22
13112.8369884  1.93302558289e-22
13625.8413812  1.93184326787e-22
14158.9156877  1.93065836732e-22
14712.8450892  1.92947350225e-22
15288.4454851  1.92829105062e-22
15886.5646945  1.92711316145e-22
16508.0837054  1.92594176863e-22
17153.9179718  1.92477860425e-22
17825.0187627  1.92362521157e-22
18522.3745626  1.92248295764e-22
19247.012528  1.9213530453e-22
20000  1.92023652498e-22

