1.9247012528 20 62
62
1.9247012528  0
2  7.9648639444e-39
2.07824460767  6.29785585657e-38
2.15955032466  1.27779512577e-37
2.2440369086  1.951156292e-37
2.33182880236  2.65086089836e-37
2.42305531726  3.37793956093e-37
2.51785082359  4.13346321585e-37
2.61635494852  4.91854469675e-37
2.71871278176  5.73434037389e-37
2.82507508925  6.58205185737e-37
2.93559853524  7.46292776707e-37
3.05044591308  3.86211215773e-34
3.16978638492  1.27234948355e-33
3.29379573097  2.19476001144e-33
3.42265660832  3.15325736427e-33
3.55655882008  4.14925334176e-33
3.69569959484  5.1842149765e-33
3.84028387728  6.25966669478e-33
3.99052462994  5.24232477579e-32
4.14664314697  4.41983165532e-31
4.30886938006  9.1768230661e-31
4.47744227714  1.41199189402e-30
4.65261013431  1.9256400113e-30
4.83463096161  2.45938322628e-30
5.02377286302  1.09856411486e-29
5.22031443137  4.93857752073e-29
5.42454515866  9.20669980599e-29
5.63676586253  1.36418008681e-28
5.85728912925  1.82504133015e-28
6.08643977422  6.84043731551e-28
6.32455532034  1.91951798425e-27
6.5719864952  3.21214327555e-27
6.82909774767  4.55533904623e-27
7.09626778467  1.19695357633e-26
7.37389012904  2.97251377416e-26
7.66237369911  4.83326103344e-26
7.96214341107  7.70344119755e-26
8.27364080478  2.01328072003e-25
8.59732469416  3.55039371854e-25
8.93367184302  5.4556384694e-25
9.28317766723  1.19330545474e-24
9.64635696448  2.0151545556e-24
10.0237446725  3.15223471444e-24
10.4158966572  5.64497268593e-24
10.8233905309  8.40826315583e-24
11.2468265038  1.25845838067e-23
11.6868282675  1.78749517935e-23
12.1440439138  2.37167309191e-23
12.6191468896  3.04589140876e-23
13.1128369884  3.74163915485e-23
13.6258413812  4.44737490731e-23
14.1589156877  5.15499162346e-23
14.7128450892  5.83900165775e-23
15.2884454851  6.50440146537e-23
15.8865646945  7.14795550541e-23
16.5080837054  7.75569243715e-23
17.1539179718  8.34663244566e-23
17.8250187627  8.90571127488e-23
18.5223745626  9.40019170829e-23
19.247012528  9.88905582406e-23
20  1.03970454303e-22

