0.964635696448 20 80
80
0.964635696448  0
1.00237446725  2.62081817752e-43
1.04158966572  1.74833666056e-42
1.08233905309  3.44554579202e-42
1.12468265038  5.20915365478e-42
1.16868282675  7.0417579202e-42
1.21440439138  8.9460578865e-42
1.26191468896  1.09248584547e-41
1.31128369884  1.29810742599e-41
1.36258413812  1.51177339646e-41
1.41589156877  1.73379847195e-41
1.47128450892  1.9645096799e-41
1.52884454851  2.20424684183e-41
1.58865646945  2.45336307384e-41
1.65080837054  2.71222530677e-41
1.71539179718  2.98121482664e-41
1.78250187627  3.26072783622e-41
1.85223745626  3.5511760387e-41
1.9247012528  3.852987244e-41
2  7.17921815369e-37
2.07824460767  5.67635745734e-36
2.15955032466  1.15169274706e-35
2.2440369086  1.75859940384e-35
2.33182880236  2.38924964725e-35
2.42305531726  3.0445723811e-35
2.51785082359  3.72553285005e-35
2.61635494852  4.43313406137e-35
2.71871278176  5.16841826227e-35
2.82507508925  5.93246847508e-35
2.93559853524  6.72641009246e-35
3.05044591308  1.31425705096e-32
3.16978638492  4.31946703325e-32
3.29379573097  7.44768817998e-32
3.42265660832  1.06982925449e-31
3.55655882008  1.40760680414e-31
3.69569959484  1.75859898972e-31
3.84028387728  2.12332279822e-31
3.99052462994  1.08696327487e-30
4.14664314697  8.34086139715e-30
4.30886938006  1.71954948313e-29
4.47744227714  2.6396541925e-29
4.65261013431  3.59575551787e-29
4.83463096161  4.58926172978e-29
5.02377286302  1.53285797616e-28
5.22031443137  6.2458855061e-28
5.42454515866  1.14816664436e-27
5.63676586253  1.69222831937e-27
5.85728912925  2.25757494054e-27
6.08643977422  6.79460780448e-27
6.32455532034  1.77280889668e-26
6.5719864952  2.91660707241e-26
6.82909774767  4.1051532679e-26
7.09626778467  9.22707874064e-26
7.37389012904  2.10408185894e-25
7.66237369911  3.3418282945e-25
7.96214341107  5.06398906428e-25
8.27364080478  1.12509214817e-24
8.59732469416  1.88229006505e-24
8.93367184302  2.7559960752e-24
9.28317766723  4.93265129757e-24
9.64635696448  7.61412730715e-24
10.0237446725  1.07575899462e-23
10.4158966572  1.56779729302e-23
10.8233905309  2.10020513631e-23
11.2468265038  2.70250182703e-23
11.6868282675  3.36410269967e-23
12.1440439138  4.03751616137e-23
12.6191468896  4.70982884558e-23
13.1128369884  5.38472968899e-23
13.6258413812  6.025999802e-23
14.1589156877  6.65933286508e-23
14.7128450892  7.2557023528e-23
15.2884454851  7.83130222376e-23
15.8865646945  8.383467274e-23
16.5080837054  8.9010729192e-23
17.1539179718  9.40210809099e-23
17.8250187627  9.87365287326e-23
18.5223745626  1.02570327864e-22
19.247012528  1.06226872984e-22
20  1.10026470573e-22

