2.93559853524 20000 231
231
2.93559853524  0
3.05044591308  5.57018275657e-44
3.16978638492  1.83770408075e-43
3.29379573097  3.17081239251e-43
3.42265660832  4.55607497268e-43
3.55655882008  5.9955322164e-43
3.69569959484  7.49130434377e-43
3.84028387728  9.04559452278e-43
3.99052462994  5.25713654371e-40
4.14664314697  5.04952787779e-39
4.30886938006  1.05760757701e-38
4.47744227714  1.63188349481e-38
4.65261013431  2.22862640956e-38
4.83463096161  2.84871528193e-38
5.02377286302  1.77969125872e-36
5.22031443137  1.00649281349e-35
5.42454515866  1.92824989054e-35
5.63676586253  2.88606822802e-35
5.85728912925  3.88135862552e-35
6.08643977422  8.50347749479e-34
6.32455532034  2.95517929901e-33
6.5719864952  5.15792741722e-33
6.82909774767  7.44685211658e-33
7.09626778467  6.16181174135e-32
7.37389012904  2.04407211255e-31
7.66237369911  3.54135617206e-31
7.96214341107  7.99895596304e-31
8.27364080478  4.18978363297e-30
8.59732469416  8.47301573882e-30
8.93367184302  1.59329124725e-29
9.28317766723  6.76261068059e-29
9.64635696448  1.35875987205e-28
10.0237446725  3.05061905389e-28
10.4158966572  9.36018427467e-28
10.8233905309  1.66441557411e-27
11.2468265038  4.94962721443e-27
11.6868282675  1.02052880609e-26
12.1440439138  2.38625306666e-26
12.6191468896  5.40410364307e-26
13.1128369884  1.1576088237e-25
13.6258413812  2.58060403644e-25
14.1589156877  5.43045988697e-25
14.7128450892  1.11400149534e-24
15.2884454851  2.30961566843e-24
15.8865646945  4.25728166438e-24
16.5080837054  7.89303900329e-24
17.1539179718  1.28540546113e-23
17.8250187627  1.97255938569e-23
18.5223745626  2.83765207159e-23
19.247012528  3.80347903622e-23
20  4.80709137681e-23
20.7824460767  5.84996734433e-23
21.5955032466  6.9336430223e-23
22.440369086  8.05971458941e-23
23.3182880236  9.22984067051e-23
24.2305531726  1.03347160301e-22
25.1785082359  1.10983148649e-22
26.1635494852  1.18242618637e-22
27.1871278176  1.2513983313e-22
28.2507508925  1.31688505731e-22
29.3559853524  1.37901820859e-22
30.5044591308  1.43792453198e-22
31.6978638492  1.49372586537e-22
32.9379573097  1.54653932012e-22
34.2265660832  1.59647745771e-22
35.5655882008  1.64364846072e-22
36.9569959484  1.68815629838e-22
38.4028387728  1.73010088683e-22
39.9052462994  1.76957824424e-22
41.4664314697  1.80668064105e-22
43.0886938006  1.84149674536e-22
44.7744227714  1.87411176384e-22
46.5261013431  1.90460757815e-22
48.3463096161  1.9330628772e-22
50.2377286302  1.95955328537e-22
52.2031443137  1.98415148682e-22
54.2454515866  2.00692734615e-22
56.3676586253  2.02794802562e-22
58.5728912925  2.047278099e-22
60.8643977422  2.06497966229e-22
63.2455532034  2.08111244151e-22
65.719864952  2.09573389779e-22
68.2909774767  2.10889932979e-22
70.9626778467  2.1206619738e-22
73.7389012904  2.13107310159e-22
76.6237369911  2.14018211634e-22
79.6214341107  2.14803664656e-22
82.7364080478  2.15468263858e-22
85.9732469416  2.16016444739e-22
89.3367184302  2.16452492634e-22
92.8317766723  2.16780551561e-22
96.4635696448  2.17004632987e-22
100.237446725  2.17128624513e-22
104.158966572  2.17156298496e-22
108.233905309  2.17091320631e-22
112.468265038  2.16937258506e-22
116.868282675  2.16697590131e-22
121.440439138  2.16375712467e-22
126.191468896  2.15974949951e-22
131.128369884  2.15498563034e-22
136.258413812  2.14949756717e-22
141.589156877  2.14331689107e-22
147.128450892  2.13647479955e-22
152.884454851  2.12900219194e-22
158.865646945  2.1209297543e-22
165.080837054  2.11228804378e-22
171.539179718  2.10310757193e-22
178.250187627  2.09341888652e-22
185.223745626  2.08325265129e-22
192.47012528  2.07263972295e-22
200  2.06161122446e-22
207.824460767  2.05019861369e-22
215.955032466  2.03843374624e-22
224.40369086  2.0263489311e-22
233.182880236  2.0139769777e-22
242.305531726  2.00135123266e-22
251.785082359  1.98850560446e-22
261.635494852  1.97547457413e-22
271.871278176  1.96229319009e-22
282.507508925  1.94899704487e-22
293.559853524  1.93562223199e-22
305.044591308  1.92220528094e-22
316.978638492  1.90878306863e-22
329.379573097  1.8953927059e-22
342.265660832  1.88207139813e-22
355.655882008  1.86885627948e-22
369.569959484  1.85578422098e-22
384.028387728  1.84289161348e-22
399.052462994  1.83021412739e-22
414.664314697  1.81873038523e-22
430.886938006  1.80656515946e-22
447.744227714  1.79471607016e-22
465.261013431  1.78321304561e-22
483.463096161  1.7720838794e-22
502.377286302  1.76135394574e-22
522.031443137  1.75104593067e-22
542.454515866  1.74117958719e-22
563.676586253  1.73177152202e-22
585.728912925  1.72283502125e-22
608.643977422  1.71437992144e-22
632.455532034  1.7064125315e-22
657.19864952  1.69893560962e-22
682.909774767  1.69194839788e-22
709.626778467  1.68544671596e-22
737.389012904  1.67942311401e-22
766.237369911  1.67386708379e-22
796.214341107  1.66876532662e-22
827.364080478  1.66410207728e-22
859.732469416  1.65985948455e-22
893.367184302  1.6560180535e-22
928.317766723  1.65255716501e-22
964.635696448  1.64945571441e-22
1002.37446725  1.6466930167e-22
1041.58966572  1.64439035183e-22
1082.33905309  1.64267409203e-22
1124.68265038  1.64153584108e-22
1168.68282675  1.64096495027e-22
1214.40439138  1.63540390513e-22
1261.91468896  1.63640381166e-22
1311.28369884  1.63789288115e-22
1362.58413812  1.63987729705e-22
1415.89156877  1.64236155042e-22
1471.28450892  1.64534841303e-22
1528.84454851  1.64883892796e-22
1588.65646945  1.65283241783e-22
1650.80837054  1.65732651057e-22
1715.39179718  1.66231718215e-22
1782.50187627  1.66779881531e-22
1852.23745626  1.67376427313e-22
1924.7012528  1.70006274369e-22
2000  1.71354488474e-22
2078.24460767  1.72593804774e-22
2159.55032466  1.73736327013e-22
2244.0369086  1.74792750917e-22
2331.82880236  1.75772596254e-22
2423.05531726  1.76684390732e-22
2517.85082359  1.77535817061e-22
2616.35494852  1.78333831557e-22
2718.71278176  1.79084760482e-22
2825.07508925  1.79794378844e-22
2935.59853524  1.80467975233e-22
3050.44591308  1.80886982696e-22
3169.78638492  1.81403633433e-22
3293.79573097  1.81868626542e-22
3422.65660832  1.82285848843e-22
3556.55882008  1.82658851793e-22
3695.69959484  1.82990891179e-22
3840.28387728  1.83284960992e-22
3990.52462994  1.83543822447e-22
4146.64314697  1.83770028947e-22
4308.86938006  1.83965947623e-22
4477.44227714  1.8413377797e-22
4652.61013431  1.84275568025e-22
4834.63096161  1.84393228425e-22
5023.77286302  1.8448854467e-22
5220.31443137  1.84563187831e-22
5424.54515866  1.84618723919e-22
5636.76586253  1.84656622112e-22
5857.28912925  1.84678261977e-22
6086.43977422  1.84684939845e-22
6324.55532034  1.84677874447e-22
6571.9864952  1.8465821191e-22
6829.09774767  1.84627030208e-22
7096.26778467  1.8458534315e-22
7373.89012904  1.84534103958e-22
7662.37369911  1.84474208505e-22
7962.14341107  1.84406498269e-22
8273.64080478  1.84331763028e-22
8597.32469416  1.84250743353e-22
8933.67184302  1.84164132927e-22
9283.17766723  1.84072580707e-22
9646.35696448  1.83976692971e-22
10023.7446725  1.83877035255e-22
10415.8966572  1.83774134205e-22
10823.3905309  1.8366847935e-22
11246.8265038  1.83560524821e-22
11686.8282675  1.83450691007e-22
12144.0439138  1.83339366164e-22
12619.1468896  1.83226907992e-22
13112.8369884  1.83113645155e-22
13625.8413812  1.82999878786e-22
14158.9156877  1.82885883937e-22
14712.8450892  1.82771911005e-22
15288.4454851  1.82658187127e-22
15886.5646945  1.82544917527e-22
16508.0837054  1.82432286839e-22
17153.9179718  1.82320460386e-22
17825.0187627  1.82209585421e-22
18522.3745626  1.82099792334e-22
19247.012528  1.81991195807e-22
20000  1.81883895933e-22

