1.9247012528 20 62
62
1.9247012528  0
2  2.15026682953e-38
2.07824460767  1.70022622359e-37
2.15955032466  3.44965148565e-37
2.2440369086  5.26751829435e-37
2.33182880236  7.15650424068e-37
2.42305531726  9.11939166914e-37
2.51785082359  1.1159071776e-36
2.61635494852  1.32785488677e-36
2.71871278176  1.54809447861e-36
2.82507508925  1.77695035068e-36
2.93559853524  2.01475959172e-36
3.05044591308  8.14947920622e-34
3.16978638492  2.68371697684e-33
3.29379573097  4.6289801758e-33
3.42265660832  6.65034655267e-33
3.55655882008  8.7507934391e-33
3.69569959484  1.09334146468e-32
3.84028387728  1.32014250246e-32
3.99052462994  9.69488932572e-32
4.14664314697  8.01169621934e-31
4.30886938006  1.66104332001e-30
4.47744227714  2.55455725816e-30
4.65261013431  3.48302752008e-30
4.83463096161  4.44782167768e-30
5.02377286302  1.83712156727e-29
5.22031443137  8.07198567698e-29
5.42454515866  1.50011728823e-28
5.63676586253  2.22014458549e-28
5.85728912925  2.96834100943e-28
6.08643977422  1.05097498574e-27
6.32455532034  2.89966267097e-27
6.5719864952  4.83382061331e-27
6.82909774767  6.84364727035e-27
7.09626778467  1.7296384569e-26
7.37389012904  4.21271437446e-26
7.66237369911  6.81478541968e-26
7.96214341107  1.07344645743e-25
8.27364080478  2.70701219508e-25
8.59732469416  4.72322500414e-25
8.93367184302  7.18599308075e-25
9.28317766723  1.5114244355e-24
9.64635696448  2.51285930722e-24
10.0237446725  3.85475019583e-24
10.4158966572  6.64460702686e-24
10.8233905309  9.7266795638e-24
11.2468265038  1.4140734206e-23
11.6868282675  1.96100062348e-23
12.1440439138  2.55519218074e-23
12.6191468896  3.22308633978e-23
13.1128369884  3.90842159673e-23
13.6258413812  4.59445081002e-23
14.1589156877  5.28012800129e-23
14.7128450892  5.93927939836e-23
15.2884454851  6.57892571117e-23
15.8865646945  7.19601836197e-23
16.5080837054  7.77849535773e-23
17.1539179718  8.34417990804e-23
17.8250187627  8.87782105349e-23
18.5223745626  9.35629755441e-23
19.247012528  9.83199276762e-23
20  1.03262982735e-22

