1.9247012528 20 62
62
1.9247012528  0
2  8.82734805356e-39
2.07824460767  6.9798261496e-38
2.15955032466  1.41616258546e-37
2.2440369086  2.16243941097e-37
2.33182880236  2.93791230519e-37
2.42305531726  3.7437234856e-37
2.51785082359  4.58105985584e-37
2.61635494852  5.45115475397e-37
2.71871278176  6.35528976907e-37
2.82507508925  7.29479662894e-37
2.93559853524  8.27105916163e-37
3.05044591308  4.27554512293e-34
3.16978638492  1.40855020608e-33
3.29379573097  2.42970095477e-33
3.42265660832  3.49080147332e-33
3.55655882008  4.59341468875e-33
3.69569959484  5.7391646734e-33
3.84028387728  6.92973903708e-33
3.99052462994  5.80315953851e-32
4.14664314697  4.89263448622e-31
4.30886938006  1.01584897942e-30
4.47744227714  1.56303574934e-30
4.65261013431  2.13162972634e-30
4.83463096161  2.72246840966e-30
5.02377286302  1.21640763731e-29
5.22031443137  5.46875090482e-29
5.42454515866  1.01951738981e-28
5.63676586253  1.51065054478e-28
5.85728912925  2.02099796025e-28
6.08643977422  7.57907071925e-28
6.32455532034  2.12712450904e-27
6.5719864952  3.55968005164e-27
6.82909774767  5.04828046743e-27
7.09626778467  1.32730410949e-26
7.37389012904  3.29722922456e-26
7.66237369911  5.3616682552e-26
7.96214341107  8.54564071605e-26
8.27364080478  2.23311733414e-25
8.59732469416  3.93792760348e-25
8.93367184302  6.04737879146e-25
9.28317766723  1.31743241418e-24
9.64635696448  2.22124105772e-24
10.0237446725  3.46016587174e-24
10.4158966572  6.13598572935e-24
10.8233905309  9.09921782221e-24
11.2468265038  1.34788123376e-23
11.6868282675  1.89771357336e-23
12.1440439138  2.50030290788e-23
12.6191468896  3.18741557004e-23
13.1128369884  3.89469718048e-23
13.6258413812  4.60797468392e-23
14.1589156877  5.32231025252e-23
14.7128450892  6.01147226944e-23
15.2884454851  6.68118028374e-23
15.8865646945  7.32817841896e-23
16.5080837054  7.93879906807e-23
17.1539179718  8.53241830586e-23
17.8250187627  9.09399911018e-23
18.5223745626  9.57270952144e-23
19.247012528  1.00387511645e-22
20  1.05230254303e-22

