0.964635696448 20000 260
260
0.964635696448  0
1.00237446725  2.40424896352e-28
1.04158966572  1.58605238485e-27
1.08233905309  3.11960983122e-27
1.12468265038  4.71316357795e-27
1.16868282675  6.36906081853e-27
1.21440439138  8.08974057409e-27
1.26191468896  9.87773728584e-27
1.31128369884  1.17356845482e-26
1.36258413812  1.36663189879e-26
1.41589156877  1.56724842947e-26
1.47128450892  1.77571354102e-26
1.52884454851  1.992334288e-26
1.58865646945  2.21742973766e-26
1.65080837054  2.4513314399e-26
1.71539179718  2.6943839156e-26
1.78250187627  2.9469451641e-26
1.85223745626  3.2093871905e-26
1.9247012528  3.4820965536e-26
2  4.87761875406e-26
2.07824460767  1.28537138775e-25
2.15955032466  2.22079362944e-25
2.2440369086  3.19281174429e-25
2.33182880236  4.20285744717e-25
2.42305531726  5.25241846491e-25
2.51785082359  6.34304072769e-25
2.61635494852  7.476330646e-25
2.71871278176  8.65395747683e-25
2.82507508925  9.87765578234e-25
2.93559853524  1.11492279848e-24
3.05044591308  1.46648729825e-24
3.16978638492  2.10830374998e-24
3.29379573097  2.77614314043e-24
3.42265660832  3.47010994641e-24
3.55655882008  4.19122633264e-24
3.69569959484  4.94055445322e-24
3.84028387728  5.71919801621e-24
3.99052462994  6.61020727054e-24
4.14664314697  8.15715909299e-24
4.30886938006  9.89354030877e-24
4.47744227714  1.1697852758e-23
4.65261013431  1.35727540672e-23
4.83463096161  1.5521005835e-23
5.02377286302  1.76892137315e-23
5.22031443137  2.04748864114e-23
5.42454515866  2.34196451629e-23
5.63676586253  2.64796096609e-23
5.85728912925  2.96592870197e-23
6.08643977422  3.30495345294e-23
6.32455532034  3.6708104765e-23
6.5719864952  4.05114814368e-23
6.82909774767  4.44636549663e-23
7.09626778467  4.85039178438e-23
7.37389012904  5.25911361837e-23
7.66237369911  5.68365178733e-23
7.96214341107  6.12071164854e-23
8.27364080478  6.53364667213e-23
8.59732469416  6.95202155457e-23
8.93367184302  7.38152998601e-23
9.28317766723  7.75140679403e-23
9.64635696448  8.11047195565e-23
10.0237446725  8.46494409262e-23
10.4158966572  8.74694436077e-23
10.8233905309  9.0288253888e-23
11.2468265038  9.27541110842e-23
11.6868282675  9.49789660303e-23
12.1440439138  9.71528263198e-23
12.6191468896  9.91424814035e-23
13.1128369884  1.0114634808e-22
13.6258413812  1.03080857024e-22
14.1589156877  1.05025211315e-22
14.7128450892  1.06925579813e-22
15.2884454851  1.0878800176e-22
15.8865646945  1.10603492073e-22
16.5080837054  1.12323862596e-22
17.1539179718  1.1400018662e-22
17.8250187627  1.15590016486e-22
18.5223745626  1.17541397857e-22
19.247012528  1.19687948083e-22
20  1.21918476298e-22
20.7824460767  1.24236267916e-22
21.5955032466  1.26644736882e-22
22.440369086  1.29147430703e-22
23.3182880236  1.31748035671e-22
24.2305531726  1.34060268447e-22
25.1785082359  1.3491979099e-22
26.1635494852  1.3426975728e-22
27.1871278176  1.33480096969e-22
28.2507508925  1.32129124862e-22
29.3559853524  1.30725299614e-22
30.5044591308  1.28826178723e-22
31.6978638492  1.26268563486e-22
32.9379573097  1.23610888447e-22
34.2265660832  1.21859088875e-22
35.5655882008  1.20446938366e-22
36.9569959484  1.19484139422e-22
38.4028387728  1.17114447977e-22
39.9052462994  1.14608432998e-22
41.4664314697  1.12720672143e-22
43.0886938006  1.10807151979e-22
44.7744227714  1.08818770498e-22
46.5261013431  1.07324627339e-22
48.3463096161  1.05859890854e-22
50.2377286302  1.04280118375e-22
52.2031443137  1.02221233325e-22
54.2454515866  1.00081799948e-22
56.3676586253  9.85693475555e-23
58.5728912925  9.74051521883e-23
60.8643977422  9.62487028571e-23
63.2455532034  9.51384371392e-23
65.719864952  9.39847352685e-23
68.2909774767  9.27858979227e-23
70.9626778467  9.17492574213e-23
73.7389012904  9.10577913265e-23
76.6237369911  9.03392734849e-23
79.6214341107  8.95926455701e-23
82.7364080478  8.90381432308e-23
85.9732469416  8.84937658671e-23
89.3367184302  8.79280912067e-23
92.8317766723  8.75621826605e-23
96.4635696448  8.72359667013e-23
100.237446725  8.69090133271e-23
104.158966572  8.67553691558e-23
108.233905309  8.65957140706e-23
112.468265038  8.64298129106e-23
116.868282675  8.6257421315e-23
121.440439138  8.60218493162e-23
126.191468896  8.56495609899e-23
131.128369884  8.52627078866e-23
136.258413812  8.48607201987e-23
141.589156877  8.45100026523e-23
147.128450892  8.43094758983e-23
152.884454851  8.41011040756e-23
158.865646945  8.38845802672e-23
165.080837054  8.37515506762e-23
171.539179718  8.3634652161e-23
178.250187627  8.35131803066e-23
185.223745626  8.34503852291e-23
192.47012528  8.34072116928e-23
200  8.33623491082e-23
207.824460767  8.34430173372e-23
215.955032466  8.35268414931e-23
224.40369086  8.36139450431e-23
233.182880236  8.37044562847e-23
242.305531726  8.37985085345e-23
251.785082359  8.39166093958e-23
261.635494852  8.41305649545e-23
271.871278176  8.43528909476e-23
282.507508925  8.45839148458e-23
293.559853524  8.48239769311e-23
305.044591308  8.49784693701e-23
316.978638492  8.50130311137e-23
329.379573097  8.50489449924e-23
342.265660832  8.50862639047e-23
355.655882008  8.5191030897e-23
369.569959484  8.53936646943e-23
384.028387728  8.56042259927e-23
399.052462994  8.58230249341e-23
414.664314697  8.63206769037e-23
430.886938006  8.68559464691e-23
447.744227714  8.7412157013e-23
465.261013431  8.79901277949e-23
483.463096161  8.85907101252e-23
502.377286302  8.91798720189e-23
522.031443137  8.95396937491e-23
542.454515866  8.99135925344e-23
563.676586253  9.03021191016e-23
585.728912925  9.07058457232e-23
608.643977422  9.10996168864e-23
632.455532034  9.14646168903e-23
657.19864952  9.18438965352e-23
682.909774767  9.22380144737e-23
709.626778467  9.25635128836e-23
737.389012904  9.27467172752e-23
766.237369911  9.29370890445e-23
796.214341107  9.31349085961e-23
827.364080478  9.34395274051e-23
859.732469416  9.37703041304e-23
893.367184302  9.41140216033e-23
928.317766723  9.44048737305e-23
964.635696448  9.46909647899e-23
1002.37446725  9.49803618125e-23
1041.58966572  9.51590260994e-23
1082.33905309  9.53446801448e-23
1124.68265038  9.55375974042e-23
1168.68282675  9.57380620313e-23
1214.40439138  9.59463692963e-23
1261.91468896  9.61628260215e-23
1311.28369884  9.63877510325e-23
1362.58413812  9.66214756281e-23
1415.89156877  9.68643440683e-23
1471.28450892  9.71167140814e-23
1528.84454851  9.72647271689e-23
1588.65646945  9.73003627865e-23
1650.80837054  9.73373925516e-23
1715.39179718  9.73758710064e-23
1782.50187627  9.7415854827e-23
1852.23745626  9.74574029067e-23
1924.7012528  9.75005764431e-23
2000  9.75454390276e-23
2078.24460767  9.74874912527e-23
2159.55032466  9.74272764272e-23
2244.0369086  9.73647058591e-23
2331.82880236  9.72996873862e-23
2423.05531726  9.72321252408e-23
2517.85082359  9.71619199086e-23
2616.35494852  9.70889679821e-23
2718.71278176  9.70131620082e-23
2825.07508925  9.693439033e-23
2935.59853524  9.68525369222e-23
3050.44591308  9.6723652869e-23
3169.78638492  9.65315843615e-23
3293.79573097  9.63320016914e-23
3422.65660832  9.61246108875e-23
3556.55882008  9.59091064776e-23
3695.69959484  9.56851710386e-23
3840.28387728  9.54524747294e-23
3990.52462994  9.52106748044e-23
4146.64314697  9.49594151094e-23
4308.86938006  9.46983255561e-23
4477.44227714  9.44270215781e-23
4652.61013431  9.41451035634e-23
4834.63096161  9.38521562665e-23
5023.77286302  9.35677882854e-23
5220.31443137  9.341715202e-23
5424.54515866  9.32606225168e-23
5636.76586253  9.30979692189e-23
5857.28912925  9.29289525492e-23
6086.43977422  9.2753323558e-23
6324.55532034  9.2570823556e-23
6571.9864952  9.23811837336e-23
6829.09774767  9.21841247643e-23
7096.26778467  9.20135100196e-23
7373.89012904  9.18992247468e-23
7662.37369911  9.17804683707e-23
7962.14341107  9.16570659717e-23
8273.64080478  9.15288357865e-23
8597.32469416  9.1395588941e-23
8933.67184302  9.12571291719e-23
9283.17766723  9.11132525377e-23
9646.35696448  9.09637471181e-23
10023.7446725  9.08162566173e-23
10415.8966572  9.07846998264e-23
10823.3905309  9.07519084611e-23
11246.8265038  9.0717834222e-23
11686.8282675  9.06824269202e-23
12144.0439138  9.06456344032e-23
12619.1468896  9.06074024782e-23
13112.8369884  9.05676748321e-23
13625.8413812  9.05263929491e-23
14158.9156877  9.04834960236e-23
14712.8450892  9.04389208716e-23
15288.4454851  9.0392601837e-23
15886.5646945  9.0344470695e-23
16508.0837054  9.02944565519e-23
17153.9179718  9.02424857402e-23
17825.0187627  9.01884817107e-23
18522.3745626  9.01323649191e-23
19247.012528  9.00740527094e-23
20000  9.00134591916e-23

