0.893367184302 20 82
82
0.893367184302  0
0.928317766723  3.51706726863e-28
0.964635696448  5.56491425194e-27
1.00237446725  1.2531411859e-26
1.04158966572  1.97704547757e-26
1.08233905309  2.72927057131e-26
1.12468265038  3.51092444371e-26
1.16868282675  4.3231584164e-26
1.21440439138  5.16716885335e-26
1.26191468896  6.04419892307e-26
1.31128369884  6.95554042964e-26
1.36258413812  7.90253571552e-26
1.41589156877  8.88657963872e-26
1.47128450892  9.90912162726e-26
1.52884454851  1.09716678142e-25
1.58865646945  1.20757832558e-25
1.65080837054  1.32230942373e-25
1.71539179718  1.44152906675e-25
1.78250187627  1.56541285688e-25
1.85223745626  1.69414326628e-25
1.9247012528  1.82790990587e-25
2  2.94982493198e-25
2.07824460767  9.88330442705e-25
2.15955032466  1.80302450407e-24
2.2440369086  2.64959127403e-24
2.33182880236  3.52927768639e-24
2.42305531726  4.44337945784e-24
2.51785082359  5.39324299654e-24
2.61635494852  6.3802673852e-24
2.71871278176  7.40590644189e-24
2.82507508925  8.47167086138e-24
2.93559853524  9.5791304403e-24
3.05044591308  1.12416070754e-23
3.16978638492  1.36138838968e-23
3.29379573097  1.60811000603e-23
3.42265660832  1.86448394042e-23
3.55655882008  2.13088781377e-23
3.69569959484  2.40771402039e-23
3.84028387728  2.69537030598e-23
3.99052462994  2.99652146354e-23
4.14664314697  3.3264488765e-23
4.30886938006  3.67281110754e-23
4.47744227714  4.03272382701e-23
4.65261013431  4.40671716125e-23
4.83463096161  4.79534197635e-23
5.02377286302  5.17970580077e-23
5.22031443137  5.50697620707e-23
5.42454515866  5.84026502901e-23
5.63676586253  6.1865928775e-23
5.85728912925  6.54646986932e-23
6.08643977422  6.85884638997e-23
6.32455532034  7.08648107087e-23
6.5719864952  7.32182457863e-23
6.82909774767  7.56637526662e-23
7.09626778467  7.78074386432e-23
7.37389012904  7.93711392967e-23
7.66237369911  8.09856310706e-23
7.96214341107  8.26318469871e-23
8.27364080478  8.40253784967e-23
8.59732469416  8.539100857e-23
8.93367184302  8.6801814751e-23
9.28317766723  8.81473340494e-23
9.64635696448  8.95056422095e-23
10.0237446725  9.08894998401e-23
10.4158966572  9.21997017147e-23
10.8233905309  9.35442028665e-23
11.2468265038  9.47987265951e-23
11.6868282675  9.59984600294e-23
12.1440439138  9.71541625469e-23
12.6191468896  9.81776391427e-23
13.1128369884  9.91784678148e-23
13.6258413812  1.00066895596e-22
14.1589156877  1.00937822782e-22
14.7128450892  1.01751231464e-22
15.2884454851  1.02549505996e-22
15.8865646945  1.03329974221e-22
16.5080837054  1.0406868022e-22
17.1539179718  1.04770145632e-22
17.8250187627  1.05384259596e-22
18.5223745626  1.04467312257e-22
19.247012528  1.02972343876e-22
20  1.01418888889e-22

