0.964635696448 20 80
80
0.964635696448  0
1.00237446725  9.11929512012e-32
1.04158966572  6.0831197054e-31
1.08233905309  1.19882359338e-30
1.12468265038  1.81243739135e-30
1.16868282675  2.45005717476e-30
1.21440439138  3.11262211307e-30
1.26191468896  3.8011081182e-30
1.31128369884  4.51652928201e-30
1.36258413812  5.25993936997e-30
1.41589156877  6.03243337326e-30
1.47128450892  6.83514912165e-30
1.52884454851  7.66926895945e-30
1.58865646945  8.53602148698e-30
1.65080837054  9.43668337024e-30
1.71539179718  1.03725812213e-29
1.78250187627  1.13450935525e-29
1.85223745626  1.23556528066e-29
1.9247012528  1.34057474669e-29
2  7.56259002426e-29
2.07824460767  4.98980515062e-28
2.15955032466  9.97495040395e-28
2.2440369086  1.51551260245e-27
2.33182880236  2.05379620497e-27
2.42305531726  2.61313870213e-27
2.51785082359  3.19436396641e-27
2.61635494852  3.79832810208e-27
2.71871278176  4.42592070617e-27
2.82507508925  5.0780661788e-27
2.93559853524  5.75572508476e-27
3.05044591308  1.59891407398e-26
3.16978638492  3.86303189083e-26
3.29379573097  6.21969468305e-26
3.42265660832  8.66855555307e-26
3.55655882008  1.12132215021e-25
3.69569959484  1.38574406455e-25
3.84028387728  1.66051077337e-25
3.99052462994  2.15637587731e-25
4.14664314697  4.26674435345e-25
4.30886938006  6.79074695009e-25
4.47744227714  9.41349434319e-25
4.65261013431  1.21388496567e-24
4.83463096161  1.49708271488e-24
5.02377286302  1.93437865153e-24
5.22031443137  2.91876442495e-24
5.42454515866  3.99151577426e-24
5.63676586253  5.1062356278e-24
5.85728912925  6.26456589014e-24
6.08643977422  7.84358608757e-24
6.32455532034  1.00754401769e-23
6.5719864952  1.24019047088e-23
6.82909774767  1.48193858929e-23
7.09626778467  1.76080996405e-23
7.37389012904  2.09679527209e-23
7.66237369911  2.44664785406e-23
7.96214341107  2.81413886363e-23
8.27364080478  3.23586061106e-23
8.59732469416  3.68444010052e-23
8.93367184302  4.15149458128e-23
9.28317766723  4.65033668677e-23
9.64635696448  5.17316506948e-23
10.0237446725  5.71280608658e-23
10.4158966572  6.25669173629e-23
10.8233905309  6.81951889476e-23
11.2468265038  7.36948863585e-23
11.6868282675  7.91556630632e-23
12.1440439138  8.4501160593e-23
12.6191468896  8.94142039579e-23
13.1128369884  9.42049171638e-23
13.6258413812  9.84056813795e-23
14.1589156877  1.0244882855e-22
14.7128450892  1.0606897985e-22
15.2884454851  1.09545403682e-22
15.8865646945  1.12874844197e-22
16.5080837054  1.1609475107e-22
17.1539179718  1.19277280175e-22
17.8250187627  1.22355406021e-22
18.5223745626  1.2624633885e-22
19.247012528  1.30558226338e-22
20  1.35038804797e-22

