0.964635696448 20 80
80
0.964635696448  0
1.00237446725  9.82458901266e-32
1.04158966572  6.55367591027e-31
1.08233905309  1.29156075224e-30
1.12468265038  1.9526432556e-30
1.16868282675  2.63958882952e-30
1.21440439138  3.3534092969e-30
1.26191468896  4.09515606548e-30
1.31128369884  4.86592167652e-30
1.36258413812  5.66684141398e-30
1.41589156877  6.49909497675e-30
1.47128450892  7.36390821627e-30
1.52884454851  8.26255494212e-30
1.58865646945  9.1963587982e-30
1.65080837054  1.01666952125e-29
1.71539179718  1.11749934228e-29
1.78250187627  1.2222738582e-29
1.85223745626  1.33114739457e-29
1.9247012528  1.44428031451e-29
2  8.23595866411e-29
2.07824460767  5.44565774211e-28
2.15955032466  1.08883162187e-27
2.2440369086  1.65439040339e-27
2.33182880236  2.2420751474e-27
2.42305531726  2.85275147252e-27
2.51785082359  3.48731886237e-27
2.61635494852  4.14671199046e-27
2.71871278176  4.83190209685e-27
2.82507508925  5.54389841877e-27
2.93559853524  6.28374967712e-27
3.05044591308  1.63192910565e-26
3.16978638492  3.84240885908e-26
3.29379573097  6.14322585238e-26
3.42265660832  8.53405610715e-26
3.55655882008  1.10184211496e-25
3.69569959484  1.3599980276e-25
3.84028387728  1.6282535943e-25
3.99052462994  2.0821848546e-25
4.14664314697  3.88229547478e-25
4.30886938006  6.02855075449e-25
4.47744227714  8.25877248536e-25
4.65261013431  1.05762456284e-24
4.83463096161  1.29843836599e-24
5.02377286302  1.66435065975e-24
5.22031443137  2.47324114842e-24
5.42454515866  3.35410059901e-24
5.63676586253  4.26942130067e-24
5.85728912925  5.22055145693e-24
6.08643977422  6.62018459512e-24
6.32455532034  8.72219157247e-24
6.5719864952  1.09144271432e-23
6.82909774767  1.319242802e-23
7.09626778467  1.60432645957e-23
7.37389012904  1.98134792e-23
7.66237369911  2.37438302209e-23
7.96214341107  2.78932876133e-23
8.27364080478  3.28641195642e-23
8.59732469416  3.82007233756e-23
8.93367184302  4.37431299135e-23
9.28317766723  4.94588879543e-23
9.64635696448  5.53838778508e-23
10.0237446725  6.14180719997e-23
10.4158966572  6.71204978812e-23
10.8233905309  7.29708251743e-23
11.2468265038  7.84432320273e-23
11.6868282675  8.36876684819e-23
12.1440439138  8.87737153636e-23
12.6191468896  9.33495763836e-23
13.1128369884  9.78593726195e-23
13.6258413812  1.01954145101e-22
14.1589156877  1.06011754528e-22
14.7128450892  1.09884259357e-22
15.2884454851  1.13708764617e-22
15.8865646945  1.17472858607e-22
16.5080837054  1.21072576701e-22
17.1539179718  1.24569019893e-22
17.8250187627  1.27822790939e-22
18.5223745626  1.31489471651e-22
19.247012528  1.35422837774e-22
20  1.39510086241e-22

