0.964635696448 20 80
80
0.964635696448  0
1.00237446725  4.68368531727e-34
1.04158966572  3.12446655664e-33
1.08233905309  6.15756269338e-33
1.12468265038  9.30932053874e-33
1.16868282675  1.25843824121e-32
1.21440439138  1.59875722512e-32
1.26191468896  1.95239027172e-32
1.31128369884  2.31985825781e-32
1.36258413812  2.70170243811e-32
1.41589156877  3.09848524244e-32
1.47128450892  3.5107911042e-32
1.52884454851  3.93922732116e-32
1.58865646945  4.38442494998e-32
1.65080837054  4.84703973569e-32
1.71539179718  5.32775307761e-32
1.78250187627  5.82727303295e-32
1.85223745626  6.34633535975e-32
1.9247012528  6.88570460061e-32
2  1.34334134133e-30
2.07824460767  1.01133770746e-29
2.15955032466  2.04428454025e-29
2.2440369086  3.11764263289e-29
2.33182880236  4.23299296695e-29
2.42305531726  5.39197837566e-29
2.51785082359  6.59630596367e-29
2.61635494852  7.84774962149e-29
2.71871278176  9.14815263833e-29
2.82507508925  1.04994304171e-28
2.93559853524  1.19035732957e-28
3.05044591308  5.59553213107e-28
3.16978638492  1.55399739365e-27
3.29379573097  2.5891198536e-27
3.42265660832  3.66473868894e-27
3.55655882008  4.78243821117e-27
3.69569959484  5.9438647137e-27
3.84028387728  7.15072889675e-27
3.99052462994  1.01355966578e-26
4.14664314697  2.63620401779e-26
4.30886938006  4.59474162418e-26
4.47744227714  6.62990173388e-26
4.65261013431  8.74468199574e-26
4.83463096161  1.09421973335e-25
5.02377286302  1.56812519346e-25
5.22031443137  2.9705252167e-25
5.42454515866  4.51338760929e-25
5.63676586253  6.11661033319e-25
5.85728912925  7.7825548236e-25
6.08643977422  1.13659654108e-24
6.32455532034  1.80061644191e-24
6.5719864952  2.49421415249e-24
6.82909774767  3.21494700344e-24
7.09626778467  4.39542708998e-24
7.37389012904  6.34281761904e-24
7.66237369911  8.37766870145e-24
7.96214341107  1.06132134985e-23
8.27364080478  1.41574859361e-23
8.59732469416  1.815785832e-23
8.93367184302  2.23652585747e-23
9.28317766723  2.74750592021e-23
9.64635696448  3.30288050872e-23
10.0237446725  3.87663253232e-23
10.4158966572  4.4573139538e-23
10.8233905309  5.05849905272e-23
11.2468265038  5.64058647659e-23
11.6868282675  6.2143989592e-23
12.1440439138  6.78762889935e-23
12.6191468896  7.33836011703e-23
13.1128369884  7.89529235524e-23
13.6258413812  8.43701708297e-23
14.1589156877  8.98496636262e-23
14.7128450892  9.52742419892e-23
15.2884454851  1.00671074451e-22
15.8865646945  1.06014965131e-22
16.5080837054  1.11094364744e-22
17.1539179718  1.16005815607e-22
17.8250187627  1.20546513225e-22
18.5223745626  1.25892475698e-22
19.247012528  1.31701341764e-22
20  1.37737464052e-22

