0.964635696448 20 80
80
0.964635696448  0
1.00237446725  6.19502580154e-29
1.04158966572  3.90423421652e-28
1.08233905309  7.61753937543e-28
1.12468265038  1.1476117587e-27
1.16868282675  1.54856522677e-27
1.21440439138  1.96520491825e-27
1.26191468896  2.39814451432e-27
1.31128369884  2.84802170482e-27
1.36258413812  3.31549912745e-27
1.41589156877  3.80126534384e-27
1.47128450892  4.30603585374e-27
1.52884454851  4.8305541489e-27
1.58865646945  5.37559280817e-27
1.65080837054  5.94195463547e-27
1.71539179718  6.53047384226e-27
1.78250187627  7.14201727627e-27
1.85223745626  7.77748569831e-27
1.9247012528  8.43781510904e-27
2  9.90583512129e-27
2.07824460767  1.60191659123e-26
2.15955032466  2.31211404592e-26
2.2440369086  3.05009606122e-26
2.33182880236  3.81694963315e-26
2.42305531726  4.61380428351e-26
2.51785082359  5.44183372362e-26
2.61635494852  6.30225758307e-26
2.71871278176  7.19634320618e-26
2.82507508925  8.12540751868e-26
2.93559853524  9.09081896751e-26
3.05044591308  1.73330377429e-25
3.16978638492  3.50193237473e-25
3.29379573097  5.34276775066e-25
3.42265660832  7.25562084747e-25
3.55655882008  9.24330916434e-25
3.69569959484  1.13087604275e-24
3.84028387728  1.34550169025e-24
3.99052462994  1.65383449029e-24
4.14664314697  2.62115102637e-24
4.30886938006  3.76058284509e-24
4.47744227714  4.94459186162e-24
4.65261013431  6.17492203864e-24
4.83463096161  7.45338556667e-24
5.02377286302  9.05508075716e-24
5.22031443137  1.17318856874e-23
5.42454515866  1.46086519591e-23
5.63676586253  1.75979639549e-23
5.85728912925  2.07042247228e-23
6.08643977422  2.42682433058e-23
6.32455532034  2.85011246109e-23
6.5719864952  3.29061404964e-23
6.82909774767  3.74834907517e-23
7.09626778467  4.21883805391e-23
7.37389012904  4.6991265201e-23
7.66237369911  5.19807033858e-23
7.96214341107  5.70787157501e-23
8.27364080478  6.15024844239e-23
8.59732469416  6.5872226068e-23
8.93367184302  7.03521380804e-23
9.28317766723  7.41196932285e-23
9.64635696448  7.77410490181e-23
10.0237446725  8.1348085952e-23
10.4158966572  8.43736970341e-23
10.8233905309  8.74236395086e-23
11.2468265038  9.0088637213e-23
11.6868282675  9.24905294306e-23
12.1440439138  9.47863829372e-23
12.6191468896  9.67819256187e-23
13.1128369884  9.87471246962e-23
13.6258413812  1.00532779126e-22
14.1589156877  1.02296067942e-22
14.7128450892  1.03965509381e-22
15.2884454851  1.05590193733e-22
15.8865646945  1.07163663463e-22
16.5080837054  1.08653650027e-22
17.1539179718  1.10105219502e-22
17.8250187627  1.11482694913e-22
18.5223745626  1.13581225887e-22
19.247012528  1.16007751943e-22
20  1.1852920929e-22

