0.000483463096161 20000 458
458
0.000483463096161  0
0.000502377286302  2.92769220801e-63
0.000522031443137  1.68190080443e-62
0.000542454515866  3.22743319989e-62
0.000563676586253  4.83343038331e-62
0.000585728912925  6.5022578765e-62
0.000608643977422  8.23637374592e-62
0.000632455532034  1.00383322233e-61
0.00065719864952  1.19107874677e-61
0.000682909774767  1.38564974751e-61
0.000709626778467  1.58783281406e-61
0.000737389012904  1.79792574796e-61
0.000766237369911  2.01623800146e-61
0.000796214341107  2.24309113328e-61
0.000827364080478  2.47881928224e-61
0.000859732469416  2.72376965947e-61
0.000893367184302  2.97830305978e-61
0.000928317766723  3.24279439312e-61
0.000964635696448  3.51763323676e-61
0.00100237446725  4.92847291907e-42
0.00104158966572  3.2877633248e-41
0.00108233905309  6.47938085636e-41
0.00112468265038  9.79586181871e-41
0.00116868282675  1.32420911569e-40
0.00121440439138  1.68231449264e-40
0.00126191468896  2.05442977695e-40
0.00131128369884  2.44110306848e-40
0.00136258413812  2.84290391e-40
0.00141589156877  3.26042412612e-40
0.00147128450892  3.694278695e-40
0.00152884454851  4.14510665414e-40
0.00158865646945  4.61357204167e-40
0.00165080837054  5.10036487443e-40
0.00171539179718  5.60620216431e-40
0.00178250187627  6.13182897432e-40
0.00185223745626  6.6780195161e-40
0.0019247012528  7.24557829021e-40
0.002  7.83534141398e-40
0.00207824460767  8.44817826812e-40
0.00215955032466  9.08499084881e-40
0.0022440369086  9.74671700477e-40
0.00233182880236  1.04343314125e-39
0.00242305531726  1.11488468799e-39
0.00251785082359  1.18913158386e-39
0.00261635494852  1.26628318935e-39
0.00271871278176  1.34645314339e-39
0.00282507508925  1.42975953072e-39
0.00293559853524  1.51632505586e-39
0.00305044591308  1.60635866081e-39
0.00316978638492  1.70001720326e-39
0.00329379573097  1.79734022272e-39
0.00342265660832  1.89847074292e-39
0.00355655882008  2.00355772205e-39
0.00369569959484  2.11275594592e-39
0.00384028387728  2.22622625587e-39
0.00399052462994  2.3469030722e-39
0.00414664314697  2.49328574974e-39
0.00430886938006  2.6497507334e-39
0.00447744227714  2.81233698768e-39
0.00465261013431  2.98128399081e-39
0.00483463096161  3.15684058992e-39
0.00502377286302  2.76710656991e-36
0.00522031443137  1.58808209825e-35
0.00542454515866  3.04709802896e-35
0.00563676586253  4.56319402422e-35
0.00585728912925  6.13860318764e-35
0.00608643977422  7.77635115289e-35
0.00632455532034  9.4792819384e-35
0.0065719864952  1.1248849004e-34
0.00682909774767  1.308764561e-34
0.00709626778467  1.5069627126e-34
0.00737389012904  1.72481370056e-34
0.00766237369911  1.95137365194e-34
0.00796214341107  2.18679715058e-34
0.00827364080478  2.43143095885e-34
0.00859732469416  2.68563540531e-34
0.00893367184302  2.94978491535e-34
0.00928317766723  3.22426856279e-34
0.00964635696448  3.50949064287e-34
0.0100237446725  1.12133548908e-33
0.0104158966572  5.35288552137e-33
0.0108233905309  1.01818818787e-32
0.0112468265038  1.51997996987e-32
0.0116868282675  2.04140300242e-32
0.0121440439138  2.58322530529e-32
0.0126191468896  3.14624494491e-32
0.0131128369884  3.73129120994e-32
0.0136258413812  4.3392258327e-32
0.0141589156877  4.97094425849e-32
0.0147128450892  5.62740383637e-32
0.0152884454851  1.24448630186e-31
0.0158865646945  2.56247804686e-31
0.0165080837054  3.93203266535e-31
0.0171539179718  5.35516741575e-31
0.0178250187627  6.83397847625e-31
0.0185223745626  8.37064403237e-31
0.019247012528  9.96742748527e-31
0.02  1.28875988774e-30
0.0207824460767  2.33209873058e-30
0.0215955032466  3.53712507485e-30
0.022440369086  4.7892948259e-30
0.0233182880236  6.0904523424e-30
0.0242305531726  7.4425141386e-30
0.0251785082359  9.81917272033e-30
0.0261635494852  1.51941113281e-29
0.0271871278176  2.09745350247e-29
0.0282507508925  2.69811022135e-29
0.0293559853524  3.32226601488e-29
0.0305044591308  4.49580895894e-29
0.0316978638492  6.37675500089e-29
0.0329379573097  8.33347367566e-29
0.0342265660832  1.03667436929e-28
0.0355655882008  1.34218410409e-28
0.0369569959484  1.78594550474e-28
0.0384028387728  2.24773115424e-28
0.0399052462994  2.77204273947e-28
0.0414664314697  3.65401139154e-28
0.0430886938006  4.64046074129e-28
0.0447744227714  5.70840775653e-28
0.0465261013431  7.2669259579e-28
0.0483463096161  9.00614944336e-28
0.0502377286302  1.10141117283e-27
0.0522031443137  1.38443463117e-27
0.0542454515866  1.68675554948e-27
0.0563676586253  2.07312889302e-27
0.0585728912925  2.51688990792e-27
0.0608643977422  3.04429143206e-27
0.0632455532034  3.69668921017e-27
0.065719864952  4.43108532182e-27
0.0682909774767  5.3110131763e-27
0.0709626778467  6.3203081808e-27
0.0737389012904  7.52176803349e-27
0.0766237369911  8.90238827163e-27
0.0796214341107  1.0461728628e-26
0.0827364080478  1.23134780008e-26
0.0859732469416  1.43874421e-26
0.0893367184302  1.67443811742e-26
0.0928317766723  1.9466210694e-26
0.0964635696448  2.25103065997e-26
0.100237446725  2.59607770469e-26
0.104158966572  3.00301180222e-26
0.108233905309  3.43217521712e-26
0.112468265038  3.91678656965e-26
0.116868282675  4.44852012444e-26
0.121440439138  5.04126133572e-26
0.126191468896  5.73561538361e-26
0.131128369884  6.47650968025e-26
0.136258413812  7.29162505663e-26
0.141589156877  9.37166239632e-26
0.147128450892  1.40753588967e-25
0.152884454851  1.90685004947e-25
0.158865646945  2.38389153364e-25
0.165080837054  2.25613278354e-25
0.171539179718  1.92344728814e-25
0.178250187627  1.59627122224e-25
0.185223745626  1.59730349181e-25
0.19247012528  1.73848120624e-25
0.2  1.88865028605e-25
0.207824460767  2.05522926431e-25
0.215955032466  2.23004074097e-25
0.22440369086  2.41169124533e-25
0.233182880236  2.60044833592e-25
0.242305531726  2.79659003875e-25
0.251785082359  3.00042299583e-25
0.261635494852  3.21228340565e-25
0.271871278176  3.43243584638e-25
0.282507508925  3.66120115778e-25
0.293559853524  3.89891629521e-25
0.305044591308  4.13985122903e-25
0.316978638492  4.38255072502e-25
0.329379573097  4.63471986986e-25
0.342265660832  4.89675445259e-25
0.355655882008  5.1596864147e-25
0.369569959484  5.42036714744e-25
0.384028387728  5.69118046721e-25
0.399052462994  5.97002747405e-25
0.414664314697  6.24036204271e-25
0.430886938006  6.51724167941e-25
0.447744227714  6.80303841905e-25
0.465261013431  7.07998462893e-25
0.483463096161  7.36242141112e-25
0.502377286302  7.65288333205e-25
0.522031443137  7.9411966257e-25
0.542454515866  8.22813069881e-25
0.563676586253  8.51369291499e-25
0.585728912925  8.79783828519e-25
0.608643977422  9.08497017477e-25
0.632455532034  9.37784668387e-25
0.65719864952  9.67002867364e-25
0.682909774767  9.96187207651e-25
0.709626778467  1.02538135506e-24
0.737389012904  1.05461494126e-24
0.766237369911  1.0847000778e-24
0.796214341107  1.1155782843e-24
0.827364080478  1.14684065058e-24
0.859732469416  1.17864110593e-24
0.893367184302  1.21120140194e-24
0.928317766723  1.24564070598e-24
0.964635696448  1.28163958942e-24
1.00237446725  1.31927988147e-24
1.04158966572  1.35903633652e-24
1.08233905309  1.40265458392e-24
1.12468265038  1.45013178957e-24
1.16868282675  1.50213391851e-24
1.21440439138  1.56072088458e-24
1.26191468896  1.62849571814e-24
1.31128369884  1.70651783091e-24
1.36258413812  1.79906706193e-24
1.41589156877  1.91298752821e-24
1.47128450892  2.04924815813e-24
1.52884454851  2.21516312142e-24
1.58865646945  2.40868568443e-24
1.65080837054  2.61339845533e-24
1.71539179718  2.80087613024e-24
1.78250187627  2.92488756882e-24
1.85223745626  4.35955309863e-24
1.9247012528  2.70599214989e-23
2  3.02905423127e-23
2.07824460767  3.3295672601e-23
2.15955032466  4.39035767645e-23
2.2440369086  5.71941840445e-23
2.33182880236  4.86199300487e-23
2.42305531726  3.94267874058e-23
2.51785082359  3.54224308049e-23
2.61635494852  3.36030263359e-23
2.71871278176  3.29305930779e-23
2.82507508925  3.31264773402e-23
2.93559853524  3.40333984303e-23
3.05044591308  3.5494241494e-23
3.16978638492  3.67209326044e-23
3.29379573097  3.69213743471e-23
3.42265660832  3.62490567849e-23
3.55655882008  3.57562129345e-23
3.69569959484  3.5848950304e-23
3.84028387728  3.61372316133e-23
3.99052462994  3.67293422968e-23
4.14664314697  3.83192966854e-23
4.30886938006  4.16584334923e-23
4.47744227714  4.66147711613e-23
4.65261013431  5.13964435639e-23
4.83463096161  5.35606990763e-23
5.02377286302  5.30204174268e-23
5.22031443137  5.03430538601e-23
5.42454515866  4.66245788017e-23
5.63676586253  4.4037101914e-23
5.85728912925  4.7207486847e-23
6.08643977422  4.93325979876e-23
6.32455532034  3.8999287701e-23
6.5719864952  3.47020685861e-23
6.82909774767  3.16854642142e-23
7.09626778467  2.91614199402e-23
7.37389012904  2.71179678862e-23
7.66237369911  2.54916765475e-23
7.96214341107  2.41864149852e-23
8.27364080478  2.31519711598e-23
8.59732469416  2.24227960769e-23
8.93367184302  2.20462787837e-23
9.28317766723  2.19109666697e-23
9.64635696448  2.177795725e-23
10.0237446725  2.15803011966e-23
10.4158966572  2.1554007131e-23
10.8233905309  2.1554007131e-23
11.2468265038  2.1554007131e-23
11.6868282675  2.1554007131e-23
12.1440439138  2.1554007131e-23
12.6191468896  2.1554007131e-23
13.1128369884  2.1554007131e-23
13.6258413812  2.1554007131e-23
14.1589156877  2.1554007131e-23
14.7128450892  2.1554007131e-23
15.2884454851  2.1554007131e-23
15.8865646945  2.1554007131e-23
16.5080837054  2.1554007131e-23
17.1539179718  2.1554007131e-23
17.8250187627  2.1554007131e-23
18.5223745626  2.20686005697e-23
19.247012528  2.27824445605e-23
20  2.35242157727e-23
20.7824460767  2.42950067837e-23
21.5955032466  2.50959529149e-23
22.440369086  2.59282339039e-23
23.3182880236  2.67930756427e-23
24.2305531726  2.74428146656e-23
25.1785082359  2.73400010792e-23
26.1635494852  2.71744720354e-23
27.1871278176  2.70171416685e-23
28.2507508925  2.69218167885e-23
29.3559853524  2.68227625795e-23
30.5044591308  2.66942386097e-23
31.6978638492  2.65267330592e-23
32.9379573097  2.63526743056e-23
34.2265660832  2.61718059726e-23
35.5655882008  2.58859179505e-23
36.9569959484  2.54496687825e-23
38.4028387728  2.49963525421e-23
39.9052462994  2.4525301526e-23
41.4664314697  2.42372393327e-23
43.0886938006  2.39514312632e-23
44.7744227714  2.36544417236e-23
46.5261013431  2.31636202425e-23
48.3463096161  2.26256095898e-23
50.2377286302  2.20593159235e-23
52.2031443137  2.14185718725e-23
54.2454515866  2.07527604381e-23
56.3676586253  2.00609009265e-23
58.5728912925  1.93419742768e-23
60.8643977422  1.87399546181e-23
63.2455532034  1.83631978749e-23
65.719864952  1.79717015399e-23
68.2909774767  1.75648889664e-23
70.9626778467  1.70960223627e-23
73.7389012904  1.65236992551e-23
76.6237369911  1.59289855489e-23
79.6214341107  1.53110052725e-23
82.7364080478  1.49306852898e-23
85.9732469416  1.45731270815e-23
89.3367184302  1.42015803723e-23
92.8317766723  1.40585602745e-23
96.4635696448  1.39691042428e-23
100.237446725  1.3877655274e-23
104.158966572  1.38059480463e-23
108.233905309  1.37314354666e-23
112.468265038  1.36540077831e-23
116.868282675  1.35735509503e-23
121.440439138  1.34970424583e-23
126.191468896  1.34335720417e-23
131.128369884  1.33676185162e-23
136.258413812  1.32990847368e-23
141.589156877  1.32725856418e-23
147.128450892  1.33544498777e-23
152.884454851  1.33968879886e-23
158.865646945  1.33968879886e-23
165.080837054  1.33968879886e-23
171.539179718  1.33968879886e-23
178.250187627  1.33968879886e-23
185.223745626  1.33812954052e-23
192.47012528  1.33596653743e-23
200  1.33371891268e-23
207.824460767  1.32893014631e-23
215.955032466  1.32395403238e-23
224.40369086  1.3187832414e-23
233.182880236  1.31341015717e-23
242.305531726  1.3078268655e-23
251.785082359  1.30354392734e-23
261.635494852  1.305896161e-23
271.871278176  1.30834041946e-23
282.507508925  1.31088030294e-23
293.559853524  1.31351955251e-23
305.044591308  1.31846072256e-23
316.978638492  1.32651193016e-23
329.379573097  1.33487811955e-23
342.265660832  1.34357161354e-23
355.655882008  1.35371971397e-23
369.569959484  1.36584851504e-23
384.028387728  1.37845182275e-23
399.052462994  1.39154820089e-23
414.664314697  1.40340605372e-23
430.886938006  1.41561025326e-23
447.744227714  1.42829190921e-23
465.261013431  1.44146970074e-23
483.463096161  1.45516303785e-23
502.377286302  1.46962631311e-23
522.031443137  1.48634847353e-23
542.454515866  1.5037248434e-23
563.676586253  1.52178101689e-23
585.728912925  1.54054358948e-23
608.643977422  1.55782085757e-23
632.455532034  1.57196660528e-23
657.19864952  1.58666576724e-23
682.909774767  1.60193999427e-23
709.626778467  1.6180850932e-23
737.389012904  1.63536600757e-23
766.237369911  1.65332299112e-23
796.214341107  1.67198249324e-23
827.364080478  1.67973103715e-23
859.732469416  1.68610925892e-23
893.367184302  1.69273701143e-23
928.317766723  1.69543902476e-23
964.635696448  1.6972281454e-23
1002.37446725  1.69913047929e-23
1041.58966572  1.70177610067e-23
1082.33905309  1.70452522486e-23
1124.68265038  1.70738190111e-23
1168.68282675  1.71035033713e-23
1214.40439138  1.7134349052e-23
1261.91468896  1.71664014867e-23
1311.28369884  1.71997078866e-23
1362.58413812  1.72343173096e-23
1415.89156877  1.72702807329e-23
1471.28450892  1.73076511282e-23
1528.84454851  1.73339117469e-23
1588.65646945  1.73481945613e-23
1650.80837054  1.73630361524e-23
1715.39179718  1.73784583806e-23
1782.50187627  1.7394483962e-23
1852.23745626  1.7411136501e-23
1924.7012528  1.74284405257e-23
2000  1.74464215237e-23
2078.24460767  1.74310033495e-23
2159.55032466  1.74149819808e-23
2244.0369086  1.73983338192e-23
2331.82880236  1.73810343432e-23
2423.05531726  1.73630580718e-23
2517.85082359  1.73443785273e-23
2616.35494852  1.73249681959e-23
2718.71278176  1.73047984877e-23
2825.07508925  1.7283839694e-23
2935.59853524  1.7262060944e-23
3050.44591308  1.72438739069e-23
3169.78638492  1.72308703782e-23
3293.79573097  1.72173581215e-23
3422.65660832  1.72033172343e-23
3556.55882008  1.71887270351e-23
3695.69959484  1.71735660338e-23
3840.28387728  1.71578118992e-23
3990.52462994  1.71414414265e-23
4146.64314697  1.71244305032e-23
4308.86938006  1.71067540734e-23
4477.44227714  1.7088386101e-23
4652.61013431  1.70692995311e-23
4834.63096161  1.70494662507e-23
5023.77286302  1.70300281629e-23
5220.31443137  1.7018294855e-23
5424.54515866  1.7006102513e-23
5636.76586253  1.69934331785e-23
5857.28912925  1.69802681905e-23
6086.43977422  1.69665881578e-23
6324.55532034  1.69523729307e-23
6571.9864952  1.69376015712e-23
6829.09774767  1.69222523221e-23
7096.26778467  1.69082182673e-23
7373.89012904  1.68971691087e-23
7662.37369911  1.68856876815e-23
7962.14341107  1.68737570744e-23
8273.64080478  1.68613597145e-23
8597.32469416  1.68484773413e-23
8933.67184302  1.683509098e-23
9283.17766723  1.68211809134e-23
9646.35696448  1.68067266529e-23
10023.7446725  1.67923684224e-23
10415.8966572  1.6787686217e-23
10823.3905309  1.67828208329e-23
11246.8265038  1.67777651038e-23
11686.8282675  1.67725115829e-23
12144.0439138  1.67670525321e-23
12619.1468896  1.67613799108e-23
13112.8369884  1.67554853634e-23
13625.8413812  1.67493602077e-23
14158.9156877  1.67429954218e-23
14712.8450892  1.67363816309e-23
15288.4454851  1.67295090932e-23
15886.5646945  1.67223676859e-23
16508.0837054  1.67149468904e-23
17153.9179718  1.67072357763e-23
17825.0187627  1.66992229856e-23
18522.3745626  1.66908967161e-23
19247.012528  1.66822447038e-23
20000  1.66732542047e-23

