0.928317766723 20 81
81
0.928317766723  0
0.964635696448  3.66324236626e-30
1.00237446725  6.59676567028e-29
1.04158966572  1.51071560995e-28
1.08233905309  2.39504913919e-28
1.12468265038  3.31397983345e-28
1.16868282675  4.26886121353e-28
1.21440439138  5.26109975309e-28
1.26191468896  6.29215695027e-28
1.31128369884  7.36355148039e-28
1.36258413812  8.47686143285e-28
1.41589156877  9.63372663553e-28
1.47128450892  1.08358510702e-27
1.52884454851  1.20850053822e-27
1.58865646945  1.33830294887e-27
1.65080837054  1.47318352887e-27
1.71539179718  1.61334094791e-27
1.78250187627  1.75898164808e-27
1.85223745626  1.91032014797e-27
1.9247012528  2.06757935863e-27
2  2.34844269244e-27
2.07824460767  3.32949232436e-27
2.15955032466  4.4615103608e-27
2.2440369086  5.6378155508e-27
2.33182880236  6.86014050985e-27
2.42305531726  8.13028563733e-27
2.51785082359  9.45012176841e-27
2.61635494852  1.08215929296e-26
2.71871278176  1.22467192023e-26
2.82507508925  1.3727599698e-26
2.93559853524  1.52664156504e-26
3.05044591308  1.83123174412e-25
3.16978638492  5.67041379135e-25
3.29379573097  9.66671557206e-25
3.42265660832  1.38193618853e-24
3.55655882008  1.81344692892e-24
3.69569959484  2.26183936362e-24
3.84028387728  2.72777394337e-24
3.99052462994  3.35006162838e-24
4.14664314697  5.04411264811e-24
4.30886938006  7.0218355831e-24
4.47744227714  9.07693159565e-24
4.65261013431  1.12124276988e-23
4.83463096161  1.34314693294e-23
5.02377286302  1.57337326347e-23
5.22031443137  1.81127537053e-23
5.42454515866  2.05835953252e-23
5.63676586253  2.31511019617e-23
5.85728912925  2.5819055373e-23
6.08643977422  2.87512272125e-23
6.32455532034  3.20497978129e-23
6.5719864952  3.54805225319e-23
6.82909774767  3.90454651058e-23
7.09626778467  4.278147508e-23
7.37389012904  4.67164188724e-23
7.66237369911  5.08061322378e-23
7.96214341107  5.51085579534e-23
8.27364080478  6.01109704026e-23
8.59732469416  6.54472827856e-23
8.93367184302  7.07994815806e-23
9.28317766723  7.35444318441e-23
9.64635696448  7.54651230355e-23
10.0237446725  7.73556796976e-23
10.4158966572  7.88325763891e-23
10.8233905309  8.03045086179e-23
11.2468265038  8.1611315704e-23
11.6868282675  8.28069995538e-23
12.1440439138  8.39721159185e-23
12.6191468896  8.50319452965e-23
13.1128369884  8.6066753528e-23
13.6258413812  8.69787724111e-23
14.1589156877  8.78232545443e-23
14.7128450892  8.85051781517e-23
15.2884454851  8.90420366754e-23
15.8865646945  8.9419743052e-23
16.5080837054  8.95958367834e-23
17.1539179718  8.96457607383e-23
17.8250187627  8.95331294239e-23
18.5223745626  8.89500142544e-23
19.247012528  8.81747279778e-23
20  8.73691107159e-23

