0.964635696448 20 80
80
0.964635696448  0
1.00237446725  1.38976776466e-28
1.04158966572  9.15949773222e-28
1.08233905309  1.80128607765e-27
1.12468265038  2.72125877798e-27
1.16868282675  3.67722292981e-27
1.21440439138  4.67058660165e-27
1.26191468896  5.70281294887e-27
1.31128369884  6.77542236888e-27
1.36258413812  7.88999474051e-27
1.41589156877  9.04817175111e-27
1.47128450892  1.02516593146e-26
1.52884454851  1.15022300842e-26
1.58865646945  1.28017260635e-26
1.65080837054  1.41520613193e-26
1.71539179718  1.55552248012e-26
1.78250187627  1.70132832712e-26
1.85223745626  1.85283843477e-26
1.9247012528  2.01027596688e-26
2  2.86872197511e-26
2.07824460767  7.8380753352e-26
2.15955032466  1.36679130355e-25
2.2440369086  1.97258274177e-25
2.33182880236  2.60207413669e-25
2.42305531726  3.25619268523e-25
2.51785082359  3.93590185837e-25
2.61635494852  4.64220282029e-25
2.71871278176  5.37613590305e-25
2.82507508925  6.13878213887e-25
2.93559853524  6.93126485244e-25
3.05044591308  9.57034916863e-25
3.16978638492  1.4600440306e-24
3.29379573097  1.98348793797e-24
3.42265660832  2.52741017693e-24
3.55655882008  3.09261190699e-24
3.69569959484  3.67992563085e-24
3.84028387728  4.29021642067e-24
3.99052462994  5.01867976768e-24
4.14664314697  6.49070592696e-24
4.30886938006  8.1687361027e-24
4.47744227714  9.91241468483e-24
4.65261013431  1.17243099902e-23
4.83463096161  1.36070908143e-23
5.02377286302  1.57784611822e-23
5.22031443137  1.88312450444e-23
5.42454515866  2.2078382376e-23
5.63676586253  2.5452555201e-23
5.85728912925  2.89587334403e-23
6.08643977422  3.27309214412e-23
6.32455532034  3.68535562212e-23
6.5719864952  4.11399819037e-23
6.82909774767  4.55941024341e-23
7.09626778467  5.00808076577e-23
7.37389012904  5.45064404775e-23
7.66237369911  5.91015131357e-23
7.96214341107  6.38069976335e-23
8.27364080478  6.79970279418e-23
8.59732469416  7.21691520127e-23
8.93367184302  7.64406442907e-23
9.28317766723  7.99467817665e-23
9.64635696448  8.32816597344e-23
10.0237446725  8.65786913685e-23
10.4158966572  8.92251057201e-23
10.8233905309  9.18750154364e-23
11.2468265038  9.43176420199e-23
11.6868282675  9.66292945284e-23
12.1440439138  9.89531941956e-23
12.6191468896  1.0121549364e-22
13.1128369884  1.03510087083e-22
13.6258413812  1.05758102696e-22
14.1589156877  1.0800099256e-22
14.7128450892  1.10154080588e-22
15.2884454851  1.1222936866e-22
15.8865646945  1.14215011253e-22
16.5080837054  1.16065041277e-22
17.1539179718  1.17845219201e-22
17.8250187627  1.19501179328e-22
18.5223745626  1.21396092214e-22
19.247012528  1.23438178455e-22
20  1.25560155814e-22

