0.964635696448 20 80
80
0.964635696448  0
1.00237446725  4.71142077473e-34
1.04158966572  3.14296876237e-33
1.08233905309  6.19402603509e-33
1.12468265038  9.36444769745e-33
1.16868282675  1.26589035594e-32
1.21440439138  1.60822461245e-32
1.26191468896  1.96395177376e-32
1.31128369884  2.33359580115e-32
1.36258413812  2.7177011545e-32
1.41589156877  3.11683359418e-32
1.47128450892  3.53158101445e-32
1.52884454851  3.9625543093e-32
1.58865646945  4.41038827233e-32
1.65080837054  4.87574253174e-32
1.71539179718  5.35930252187e-32
1.78250187627  5.86178049286e-32
1.85223745626  6.38391655971e-32
1.9247012528  6.9264797924e-32
2  1.28921776157e-30
2.07824460767  9.68240823627e-30
2.15955032466  1.95679835345e-29
2.2440369086  2.98403053131e-29
2.33182880236  4.05145039854e-29
2.42305531726  5.16063019014e-29
2.51785082359  6.31320365055e-29
2.61635494852  7.51086844008e-29
2.71871278176  8.75538863539e-29
2.82507508925  1.00485973279e-28
2.93559853524  1.13923993238e-28
3.05044591308  5.4042922663e-28
3.16978638492  1.50344679282e-27
3.29379573097  2.5058574279e-27
3.42265660832  3.54748467641e-27
3.55655882008  4.62986278262e-27
3.69569959484  5.75458601396e-27
3.84028387728  6.92331100929e-27
3.99052462994  9.88814240668e-27
4.14664314697  2.62423565924e-26
4.30886938006  4.5991342773e-26
4.47744227714  6.65129547915e-26
4.65261013431  8.78374195506e-26
4.83463096161  1.09996146499e-25
5.02377286302  1.5916256812e-25
5.22031443137  3.0712186804e-25
5.42454515866  4.69981949786e-25
5.63676586253  6.39213493133e-25
5.85728912925  8.15065764337e-25
6.08643977422  1.20242080748e-24
6.32455532034  1.92712733545e-24
6.5719864952  2.68416278473e-24
6.82909774767  3.47081520488e-24
7.09626778467  4.76050573608e-24
7.37389012904  6.8893718152e-24
7.66237369911  9.11386177883e-24
7.96214341107  1.15456811847e-23
8.27364080478  1.52860057645e-23
8.59732469416  1.94880465758e-23
8.93367184302  2.38927410104e-23
9.28317766723  2.90284649751e-23
9.64635696448  3.4549911712e-23
10.0237446725  4.02330701076e-23
10.4158966572  4.58870578339e-23
10.8233905309  5.17283986239e-23
11.2468265038  5.74411403604e-23
11.6868282675  6.31172053036e-23
12.1440439138  6.88430126456e-23
12.6191468896  7.44567046129e-23
13.1128369884  8.01696819478e-23
13.6258413812  8.58149372411e-23
14.1589156877  9.15344384529e-23
14.7128450892  9.72062775819e-23
15.2884454851  1.02804143508e-22
15.8865646945  1.08295250749e-22
16.5080837054  1.13440776943e-22
17.1539179718  1.18379628383e-22
17.8250187627  1.22915948743e-22
18.5223745626  1.28053398933e-22
19.247012528  1.33576395321e-22
20  1.39315464052e-22

