2.42305531726 20 56
56
2.42305531726  0
2.51785082359  1.69625945585e-24
2.61635494852  5.88358069608e-24
2.71871278176  1.02534855907e-23
2.82507508925  1.47943512323e-23
2.93559853524  1.95128659993e-23
3.05044591308  2.24426042339e-23
3.16978638492  2.29725300242e-23
3.29379573097  2.34588273297e-23
3.42265660832  2.39625436986e-23
3.55655882008  2.44859666123e-23
3.69569959484  2.50298670362e-23
3.84028387728  2.55950460978e-23
3.99052462994  2.61728347997e-23
4.14664314697  2.67011770233e-23
4.30886938006  2.7235234694e-23
4.47744227714  2.77901859313e-23
4.65261013431  2.83668481394e-23
4.83463096161  2.89660707016e-23
5.02377286302  2.95834471767e-23
5.22031443137  3.02053773077e-23
5.42454515866  3.08497950965e-23
5.63676586253  3.15194239938e-23
5.85728912925  3.22152503163e-23
6.08643977422  3.29277680464e-23
6.32455532034  3.3648890904e-23
6.5719864952  3.43721230046e-23
6.82909774767  3.5117140811e-23
7.09626778467  3.58493064254e-23
7.37389012904  3.65399740089e-23
7.66237369911  3.7256564886e-23
7.96214341107  3.79884014167e-23
8.27364080478  3.85934023675e-23
8.59732469416  3.91679998739e-23
8.93367184302  3.97590651092e-23
9.28317766723  4.03371309829e-23
9.64635696448  4.09314571089e-23
10.0237446725  4.15456813334e-23
10.4158966572  4.21684034514e-23
10.8233905309  4.28135902951e-23
11.2468265038  4.350393934e-23
11.6868282675  4.42507402361e-23
12.1440439138  4.49850654722e-23
12.6191468896  4.56123758795e-23
13.1128369884  4.61434484271e-23
13.6258413812  4.66056846231e-23
14.1589156877  4.71330992643e-23
14.7128450892  4.77879619399e-23
15.2884454851  4.84235445915e-23
15.8865646945  4.9027105722e-23
16.5080837054  4.95279143303e-23
17.1539179718  5.00071194147e-23
17.8250187627  5.05044684794e-23
18.5223745626  5.05648741756e-23
19.247012528  5.04769176194e-23
20  5.038552e-23

