3.84028387728 20 44
44
3.84028387728  0
3.99052462994  3.29496975813e-29
4.14664314697  3.17050463308e-28
4.30886938006  6.64125987207e-28
4.47744227714  1.59883544176e-27
4.65261013431  4.9838399564e-27
4.83463096161  8.77071488428e-27
5.02377286302  1.389523645e-26
5.22031443137  2.76336886103e-26
5.42454515866  5.75411823306e-26
5.63676586253  9.01012419613e-26
5.85728912925  1.23935126138e-25
6.08643977422  2.04497681886e-25
6.32455532034  3.59706284572e-25
6.5719864952  5.33203291863e-25
6.82909774767  8.57100839711e-25
7.09626778467  1.29928575938e-24
7.37389012904  1.88407257525e-24
7.66237369911  2.60943704808e-24
7.96214341107  3.40860649831e-24
8.27364080478  4.66047914152e-24
8.59732469416  6.18107190114e-24
8.93367184302  8.4947292265e-24
9.28317766723  1.20885944008e-23
9.64635696448  1.61802058055e-23
10.0237446725  2.06505417101e-23
10.4158966572  2.63085239363e-23
10.8233905309  3.23160178715e-23
11.2468265038  3.85938279049e-23
11.6868282675  4.51501355035e-23
12.1440439138  5.19948269215e-23
12.6191468896  5.91302944506e-23
13.1128369884  6.65489013759e-23
13.6258413812  7.4257353447e-23
14.1589156877  8.22688768731e-23
14.7128450892  9.06297700605e-23
15.2884454851  9.85170430256e-23
15.8865646945  1.04229442657e-22
16.5080837054  1.08211663577e-22
17.1539179718  1.11855580039e-22
17.8250187627  1.15642059892e-22
18.5223745626  1.21382881254e-22
19.247012528  1.28031565873e-22
20  1.34940362353e-22

