0.964635696448 20 80
80
0.964635696448  0
1.00237446725  2.59548721608e-28
1.04158966572  1.62681018702e-27
1.08233905309  3.1709819159e-27
1.12468265038  4.77556520032e-27
1.16868282675  6.44292347953e-27
1.21440439138  8.17551265594e-27
1.26191468896  9.97588471252e-27
1.31128369884  1.18466914717e-26
1.36258413812  1.37906885014e-26
1.41589156877  1.58107391735e-26
1.47128450892  1.79098188817e-26
1.52884454851  2.00910194241e-26
1.58865646945  2.23575535568e-26
1.65080837054  2.47127597266e-26
1.71539179718  2.71601069876e-26
1.78250187627  2.97032001119e-26
1.85223745626  3.2345784898e-26
1.9247012528  3.5091753689e-26
2  4.07382347875e-26
2.07824460767  6.29952257085e-26
2.15955032466  8.88003687441e-26
2.2440369086  1.15615068426e-25
2.33182880236  1.43478820936e-25
2.42305531726  1.72432667638e-25
2.51785082359  2.02519255528e-25
2.61635494852  2.3378290005e-25
2.71871278176  2.66269650373e-25
2.82507508925  3.00027357212e-25
2.93559853524  3.35105743315e-25
3.05044591308  6.77705444097e-25
3.16978638492  1.41947408615e-24
3.29379573097  2.19153706767e-24
3.42265660832  2.99380493172e-24
3.55655882008  3.82745936291e-24
3.69569959484  4.69372827606e-24
3.84028387728  5.59388762482e-24
3.99052462994  6.70460603666e-24
4.14664314697  9.18842607209e-24
4.30886938006  1.20453937736e-23
4.47744227714  1.50141326336e-23
4.65261013431  1.80990153973e-23
4.83463096161  2.13045858817e-23
5.02377286302  2.45548756993e-23
5.22031443137  2.76333132722e-23
5.42454515866  3.08040591504e-23
5.63676586253  3.40988519122e-23
5.85728912925  3.75225445575e-23
6.08643977422  4.09179219132e-23
6.32455532034  4.41906444617e-23
6.5719864952  4.75882500633e-23
6.82909774767  5.11187778236e-23
7.09626778467  5.46603732188e-23
7.37389012904  5.81283313743e-23
7.66237369911  6.17286447691e-23
7.96214341107  6.54407221417e-23
8.27364080478  6.90046376091e-23
8.59732469416  7.26317226402e-23
8.93367184302  7.63639675188e-23
9.28317766723  7.97057155038e-23
9.64635696448  8.30007409006e-23
10.0237446725  8.6271694657e-23
10.4158966572  8.89620346204e-23
10.8233905309  9.16657137529e-23
11.2468265038  9.40309169824e-23
11.6868282675  9.61650084144e-23
12.1440439138  9.82157433489e-23
12.6191468896  1.000212578e-22
13.1128369884  1.01806170026e-22
13.6258413812  1.03444913843e-22
14.1589156877  1.05063661553e-22
14.7128450892  1.06595310173e-22
15.2884454851  1.08078662159e-22
15.8865646945  1.09506893063e-22
16.5080837054  1.1084820394e-22
17.1539179718  1.12148556521e-22
17.8250187627  1.13375832173e-22
18.5223745626  1.14733624992e-22
19.247012528  1.16185503126e-22
20  1.17694182077e-22

