0.964635696448 20 80
80
0.964635696448  0
1.00237446725  3.99789347164e-29
1.04158966572  2.00523451278e-28
1.08233905309  3.75282964479e-28
1.12468265038  5.56879472452e-28
1.16868282675  7.45580454187e-28
1.21440439138  9.41663853063e-28
1.26191468896  1.14541848625e-27
1.31128369884  1.3571444701e-27
1.36258413812  1.57715366222e-27
1.41589156877  1.8057701208e-27
1.47128450892  2.04333058193e-27
1.52884454851  2.29018495561e-27
1.58865646945  2.5466968411e-27
1.65080837054  2.8132440625e-27
1.71539179718  3.09021922529e-27
1.78250187627  3.37803029455e-27
1.85223745626  3.67710119592e-27
1.9247012528  3.98787243995e-27
2  5.17406007141e-27
2.07824460767  1.14721893387e-26
2.15955032466  1.88442221533e-26
2.2440369086  2.65046658755e-26
2.33182880236  3.44648038046e-26
2.42305531726  4.27363606682e-26
2.51785082359  5.13315198927e-26
2.61635494852  6.02629415479e-26
2.71871278176  6.95437809948e-26
2.82507508925  7.91877082623e-26
2.93559853524  8.92089281825e-26
3.05044591308  1.80453410843e-25
3.16978638492  3.77119651876e-25
3.29379573097  5.81816467456e-25
3.42265660832  7.9452149405e-25
3.55655882008  1.01554803132e-24
3.69569959484  1.24522163594e-24
3.84028387728  1.4838806011e-24
3.99052462994  1.8284163119e-24
4.14664314697  2.91850580826e-24
4.30886938006  4.20318781747e-24
4.47744227714  5.53812954657e-24
4.65261013431  6.9252972716e-24
4.83463096161  8.36673419383e-24
5.02377286302  1.02018352904e-23
5.22031443137  1.33585507213e-23
5.42454515866  1.67563318358e-23
5.63676586253  2.02870419753e-23
5.85728912925  2.39558816297e-23
6.08643977422  2.80690325084e-23
6.32455532034  3.28167008281e-23
6.5719864952  3.77559543153e-23
6.82909774767  4.28884427782e-23
7.09626778467  4.77959214725e-23
7.37389012904  5.21842609636e-23
7.66237369911  5.6733158368e-23
7.96214341107  6.13227182976e-23
8.27364080478  6.47070184687e-23
8.59732469416  6.78637705021e-23
8.93367184302  7.1121784112e-23
9.28317766723  7.41825222731e-23
9.64635696448  7.72555918474e-23
10.0237446725  8.03523296959e-23
10.4158966572  8.31229816235e-23
10.8233905309  8.59433952989e-23
11.2468265038  8.84924608873e-23
11.6868282675  9.08631845093e-23
12.1440439138  9.31463907041e-23
12.6191468896  9.51672972058e-23
13.1128369884  9.71521745323e-23
13.6258413812  9.89382217816e-23
14.1589156877  1.00676224198e-22
14.7128450892  1.02268475761e-22
15.2884454851  1.03766060622e-22
15.8865646945  1.05158599718e-22
16.5080837054  1.06407141094e-22
17.1539179718  1.07576918305e-22
17.8250187627  1.08626341478e-22
18.5223745626  1.10357915205e-22
19.247012528  1.123886583e-22
20  1.14498848743e-22

