0.964635696448 20 80
80
0.964635696448  0
1.00237446725  1.05130824807e-31
1.04158966572  7.01286451177e-31
1.08233905309  1.38205210589e-30
1.12468265038  2.08945088139e-30
1.16868282675  2.82452472671e-30
1.21440439138  3.58835635436e-30
1.26191468896  4.38207083502e-30
1.31128369884  5.20683725475e-30
1.36258413812  6.06387043694e-30
1.41589156877  6.95443273169e-30
1.47128450892  7.87983587512e-30
1.52884454851  8.84144292149e-30
1.58865646945  9.8406702509e-30
1.65080837054  1.08789896555e-29
1.71539179718  1.19579305073e-29
1.78250187627  1.3079082011e-29
1.85223745626  1.42440955444e-29
1.9247012528  1.54546870912e-29
2  8.65307600275e-29
2.07824460767  5.70075008699e-28
2.15955032466  1.13946320599e-27
2.2440369086  1.73112718134e-27
2.33182880236  2.3459384145e-27
2.42305531726  2.98480247953e-27
2.51785082359  3.64866037862e-27
2.61635494852  4.33848992813e-27
2.71871278176  5.05530719888e-27
2.82507508925  5.80016801269e-27
2.93559853524  6.57416949758e-27
3.05044591308  1.78674854096e-26
3.16978638492  4.28194194107e-26
3.29379573097  6.87912013058e-26
3.42265660832  9.57790591433e-26
3.55655882008  1.23822744155e-25
3.69569959484  1.52963562732e-25
3.84028387728  1.83244437268e-25
3.99052462994  2.36338820444e-25
4.14664314697  4.55524872522e-25
4.30886938006  7.17327999404e-25
4.47744227714  9.89373467761e-25
4.65261013431  1.27206198159e-24
4.83463096161  1.56580992134e-24
5.02377286302  2.008158996e-24
5.22031443137  2.97589577896e-24
5.42454515866  4.02928672675e-24
5.63676586253  5.12388875525e-24
5.85728912925  6.26131413689e-24
6.08643977422  7.81289443371e-24
6.32455532034  1.00072329102e-23
6.5719864952  1.2294603022e-23
6.82909774767  1.46714603222e-23
7.09626778467  1.74683135276e-23
7.37389012904  2.09207178446e-23
7.66237369911  2.45167311688e-23
7.96214341107  2.83022446562e-23
8.27364080478  3.27282119167e-23
8.59732469416  3.74553094963e-23
8.93367184302  4.23756116381e-23
9.28317766723  4.76091675219e-23
9.64635696448  5.30874155106e-23
10.0237446725  5.87227768662e-23
10.4158966572  6.43136270539e-23
10.8233905309  7.00871349013e-23
11.2468265038  7.56427816448e-23
11.6868282675  8.10925100265e-23
12.1440439138  8.63922103564e-23
12.6191468896  9.11907271881e-23
13.1128369884  9.58671882566e-23
13.6258413812  9.9966203113e-23
14.1589156877  1.03936645697e-22
14.7128450892  1.07547638928e-22
15.2884454851  1.11054550442e-22
15.8865646945  1.1445375266e-22
16.5080837054  1.17751089948e-22
17.1539179718  1.21003644643e-22
17.8250187627  1.24122555098e-22
18.5223745626  1.27870454792e-22
19.247012528  1.31967487123e-22
20  1.36224804797e-22

