0.542454515866 20000 275
275
0.542454515866  0
0.563676586253  1.64327644408e-30
0.585728912925  1.4255199028e-29
0.608643977422  2.93685203768e-29
0.632455532034  4.50731096753e-29
0.65719864952  6.13920986881e-29
0.682909774767  7.83495241472e-29
0.709626778467  9.59703631574e-29
0.737389012904  1.14280569985e-28
0.766237369911  1.33307114288e-28
0.796214341107  1.53078020838e-28
0.827364080478  1.73622410801e-28
0.859732469416  1.9497054463e-28
0.893367184302  2.17153866637e-28
0.928317766723  2.40205051308e-28
0.964635696448  2.64158051429e-28
1.00237446725  1.28434739646e-27
1.04158966572  5.66628944822e-27
1.08233905309  1.05011393035e-26
1.12468265038  1.55251396239e-26
1.16868282675  2.07456904112e-26
1.21440439138  2.61704811726e-26
1.26191468896  3.18075022465e-26
1.31128369884  3.76650565715e-26
1.36258413812  4.37517719166e-26
1.41589156877  5.00766135887e-26
1.47128450892  5.66488976384e-26
1.52884454851  6.34783045817e-26
1.58865646945  7.05748936583e-26
1.65080837054  7.79491176491e-26
1.71539179718  8.56118382713e-26
1.78250187627  9.35743421779e-26
1.85223745626  1.01848357582e-25
1.9247012528  1.1044607153e-25
2  1.63409942464e-25
2.07824460767  4.76809428884e-25
2.15955032466  8.4467611379e-25
2.2440369086  1.22693459091e-24
2.33182880236  1.62414790032e-24
2.42305531726  2.03690110951e-24
2.51785082359  2.46580217516e-24
2.61635494852  2.91148283861e-24
2.71871278176  3.37459955639e-24
2.82507508925  3.85583446712e-24
2.93559853524  4.35589639623e-24
3.05044591308  5.34890769195e-24
3.16978638492  6.97726173466e-24
3.29379573097  8.67129166533e-24
3.42265660832  1.04315959497e-23
3.55655882008  1.2260767393e-23
3.69569959484  1.41615002374e-23
3.84028387728  1.61365941296e-23
3.99052462994  1.81845376186e-23
4.14664314697  2.02790791676e-23
4.30886938006  2.24486063091e-23
4.47744227714  2.47030103507e-23
4.65261013431  2.70456118722e-23
4.83463096161  2.94798613621e-23
5.02377286302  3.18911199717e-23
5.22031443137  3.39586112411e-23
5.42454515866  3.60657763751e-23
5.63676586253  3.82553786638e-23
5.85728912925  4.05306432385e-23
6.08643977422  4.2811418977e-23
6.32455532034  4.50499418723e-23
6.5719864952  4.73744181182e-23
6.82909774767  4.97898332301e-23
7.09626778467  5.219792635e-23
7.37389012904  5.45301836007e-23
7.66237369911  5.69510241428e-23
7.96214341107  5.94175426022e-23
8.27364080478  6.14860316406e-23
8.59732469416  6.35069045314e-23
8.93367184302  6.55825337518e-23
9.28317766723  6.73844452156e-23
9.64635696448  6.91394558232e-23
10.0237446725  7.09055916284e-23
10.4158966572  7.24743307449e-23
10.8233905309  7.40727306702e-23
11.2468265038  7.60335994555e-23
11.6868282675  7.8289690441e-23
12.1440439138  7.995801614e-23
12.6191468896  8.03729567308e-23
13.1128369884  8.07172260383e-23
13.6258413812  8.09379406752e-23
14.1589156877  8.11340454766e-23
14.7128450892  8.12839393006e-23
15.2884454851  8.13970647997e-23
15.8865646945  8.14691891582e-23
16.5080837054  8.14782707811e-23
17.1539179718  8.14367563243e-23
17.8250187627  8.13150080105e-23
18.5223745626  8.03479546385e-23
19.247012528  7.90437908153e-23
20  7.76886050988e-23
20.7824460767  7.62804013949e-23
21.5955032466  7.48171055178e-23
22.440369086  7.32965621348e-23
23.3182880236  7.17165315916e-23
24.2305531726  7.04612820802e-23
25.1785082359  7.02771582881e-23
26.1635494852  6.97830771859e-23
27.1871278176  6.92383797088e-23
28.2507508925  6.8527051039e-23
29.3559853524  6.77878935529e-23
30.5044591308  6.66291101779e-23
31.6978638492  6.49066830958e-23
32.9379573097  6.3116870698e-23
34.2265660832  6.12570367159e-23
35.5655882008  5.98118660294e-23
36.9569959484  5.90027796074e-23
38.4028387728  5.81620398606e-23
39.9052462994  5.7288408438e-23
41.4664314697  5.63445453195e-23
43.0886938006  5.5361335378e-23
44.7744227714  5.43396599985e-23
46.5261013431  5.31312880592e-23
48.3463096161  5.18531053287e-23
50.2377286302  5.05745439921e-23
52.2031443137  4.96046827797e-23
54.2454515866  4.85968783623e-23
56.3676586253  4.75496463143e-23
58.5728912925  4.64614441359e-23
60.8643977422  4.55369240605e-23
63.2455532034  4.49300810053e-23
65.719864952  4.42994968518e-23
68.2909774767  4.36442427933e-23
70.9626778467  4.29061917539e-23
73.7389012904  4.20338179642e-23
76.6237369911  4.11273149019e-23
79.6214341107  4.01853473515e-23
82.7364080478  3.96227337617e-23
85.9732469416  3.90979417077e-23
89.3367184302  3.85526185795e-23
92.8317766723  3.82027144076e-23
96.4635696448  3.78918771009e-23
100.237446725  3.75780214463e-23
104.158966572  3.7393375873e-23
108.233905309  3.72015065395e-23
112.468265038  3.70021308357e-23
116.868282675  3.6794955095e-23
121.440439138  3.66541376961e-23
126.191468896  3.66760390686e-23
131.128369884  3.66987972733e-23
136.258413812  3.67224458313e-23
141.589156877  3.67396938548e-23
147.128450892  3.67396938548e-23
152.884454851  3.66836595365e-23
158.865646945  3.65674670359e-23
165.080837054  3.65651711247e-23
171.539179718  3.659026348e-23
178.250187627  3.66163375059e-23
185.223745626  3.66616062541e-23
192.47012528  3.67149722079e-23
200  3.67704259609e-23
207.824460767  3.67511889882e-23
215.955032466  3.67311994209e-23
224.40369086  3.67104278157e-23
233.182880236  3.66888435774e-23
242.305531726  3.6666414914e-23
251.785082359  3.66496919104e-23
261.635494852  3.66618008673e-23
271.871278176  3.66743835544e-23
282.507508925  3.66874585052e-23
293.559853524  3.67010449783e-23
305.044591308  3.67572861677e-23
316.978638492  3.68716077965e-23
329.379573097  3.69904019507e-23
342.265660832  3.7113843606e-23
355.655882008  3.72648097905e-23
369.569959484  3.74539316724e-23
384.028387728  3.7650452438e-23
399.052462994  3.78546615487e-23
414.664314697  3.81437295068e-23
430.886938006  3.84492677367e-23
447.744227714  3.8766759326e-23
465.261013431  3.90966719177e-23
483.463096161  3.94394914501e-23
502.377286302  3.97744109534e-23
522.031443137  3.99683831959e-23
542.454515866  4.01699440793e-23
563.676586253  4.03793904889e-23
585.728912925  4.05970309246e-23
608.643977422  4.08125600503e-23
632.455532034  4.10182916183e-23
657.19864952  4.12320718791e-23
682.909774767  4.14542157163e-23
709.626778467  4.16613822381e-23
737.389012904  4.18329922814e-23
766.237369911  4.2011316105e-23
796.214341107  4.21966163673e-23
827.364080478  4.22917377919e-23
859.732469416  4.23765746538e-23
893.367184302  4.24647305291e-23
928.317766723  4.26965687029e-23
964.635696448  4.29716085619e-23
1002.37446725  4.32377961764e-23
1041.58966572  4.32108707818e-23
1082.33905309  4.31828920038e-23
1124.68265038  4.31538186314e-23
1168.68282675  4.31236078418e-23
1214.40439138  4.30922151365e-23
1261.91468896  4.30595942762e-23
1311.28369884  4.30256972128e-23
1362.58413812  4.29904740181e-23
1415.89156877  4.29538728109e-23
1471.28450892  4.29158396801e-23
1528.84454851  4.2926363829e-23
1588.65646945  4.29890701401e-23
1650.80837054  4.30542296667e-23
1715.39179718  4.3121938384e-23
1782.50187627  4.31922960223e-23
1852.23745626  4.32654062136e-23
1924.7012528  4.33413766439e-23
2000  4.34203192125e-23
2078.24460767  4.3430211549e-23
2159.55032466  4.34404908964e-23
2244.0369086  4.34511723957e-23
2331.82880236  4.34622717797e-23
2423.05531726  4.34738053972e-23
2517.85082359  4.34857902365e-23
2616.35494852  4.34982439502e-23
2718.71278176  4.35111848819e-23
2825.07508925  4.35246320927e-23
2935.59853524  4.35386053894e-23
3050.44591308  4.35231998211e-23
3169.78638492  4.34674926662e-23
3293.79573097  4.3409606119e-23
3422.65660832  4.33494549168e-23
3556.55882008  4.3286950461e-23
3695.69959484  4.32220006868e-23
3840.28387728  4.31545099279e-23
3990.52462994  4.3084378775e-23
4146.64314697  4.30115039298e-23
4308.86938006  4.29357780527e-23
4477.44227714  4.28570896049e-23
4652.61013431  4.27753226838e-23
4834.63096161  4.26903568523e-23
5023.77286302  4.2610048531e-23
5220.31443137  4.25842919666e-23
5424.54515866  4.25575277461e-23
5636.76586253  4.25297164476e-23
5857.28912925  4.2500817107e-23
6086.43977422  4.24707871577e-23
6324.55532034  4.24395823675e-23
6571.9864952  4.24071567741e-23
6829.09774767  4.23734626167e-23
7096.26778467  4.23426555301e-23
7373.89012904  4.23184007873e-23
7662.37369911  4.2293197143e-23
7962.14341107  4.22670074742e-23
8273.64080478  4.22397932051e-23
8597.32469416  4.22115142512e-23
8933.67184302  4.21821289594e-23
9283.17766723  4.21515940473e-23
9646.35696448  4.21198645392e-23
10023.7446725  4.20880153795e-23
10415.8966572  4.20722796011e-23
10823.3905309  4.20559282028e-23
11246.8265038  4.20389371002e-23
11686.8282675  4.20212812665e-23
12144.0439138  4.20029346958e-23
12619.1468896  4.19838703651e-23
13112.8369884  4.19640601939e-23
13625.8413812  4.19434750031e-23
14158.9156877  4.19220844722e-23
14712.8450892  4.18998570944e-23
15288.4454851  4.18767601305e-23
15886.5646945  4.185275956e-23
16508.0837054  4.1827820032e-23
17153.9179718  4.18019048122e-23
17825.0187627  4.17749757293e-23
18522.3745626  4.17469931186e-23
19247.012528  4.17179157638e-23
20000  4.16877008358e-23

