0.964635696448 20 80
80
0.964635696448  0
1.00237446725  3.3673956004e-32
1.04158966572  2.24632574832e-31
1.08233905309  4.42694390961e-31
1.12468265038  6.69287287714e-31
1.16868282675  9.04745020622e-31
1.21440439138  1.1494144025e-30
1.26191468896  1.40365581427e-30
1.31128369884  1.6678437358e-30
1.36258413812  1.94236729747e-30
1.41589156877  2.22763085332e-30
1.47128450892  2.52405457668e-30
1.52884454851  2.83207507901e-30
1.58865646945  3.15214605302e-30
1.65080837054  3.48473894093e-30
1.71539179718  3.83034362884e-30
1.78250187627  4.18946916837e-30
1.85223745626  4.56264452637e-30
1.9247012528  4.9504193641e-30
2  3.6894719555e-29
2.07824460767  2.55171068442e-28
2.15955032466  5.12221951798e-28
2.2440369086  7.79329257915e-28
2.33182880236  1.05688641722e-27
2.42305531726  1.34530225204e-27
2.51785082359  1.64500157878e-27
2.61635494852  1.95642583364e-27
2.71871278176  2.28003372283e-27
2.82507508925  2.61630189817e-27
2.93559853524  2.96572565924e-27
3.05044591308  8.8946497785e-27
3.16978638492  2.20687993727e-26
3.29379573097  3.57815252027e-26
3.42265660832  5.0030724459e-26
3.55655882008  6.48373852181e-26
3.69569959484  8.02233166581e-26
3.84028387728  9.62111811827e-26
3.99052462994  1.25510823226e-25
4.14664314697  2.52158623737e-25
4.30886938006  4.0372835114e-25
4.47744227714  5.6122783547e-25
4.65261013431  7.2488906248e-25
4.83463096161  8.94953093739e-25
5.02377286302  1.16620775915e-24
5.22031443137  1.79839949452e-24
5.42454515866  2.48827826834e-24
5.63676586253  3.20514668916e-24
5.85728912925  3.95006065416e-24
6.08643977422  5.07714600347e-24
6.32455532034  6.80420069972e-24
6.5719864952  8.60568266561e-24
6.82909774767  1.04776427563e-23
7.09626778467  1.28663343586e-23
7.37389012904  1.6089154649e-23
7.66237369911  1.94496453195e-23
7.96214341107  2.30194603095e-23
8.27364080478  2.7514170741e-23
8.59732469416  3.23888282153e-23
8.93367184302  3.74708309713e-23
9.28317766723  4.29946080827e-23
9.64635696448  4.88148491894e-23
10.0237446725  5.47877433928e-23
10.4158966572  6.06467003437e-23
10.8233905309  6.66878415498e-23
11.2468265038  7.24299004494e-23
11.6868282675  7.80065348871e-23
12.1440439138  8.34287824523e-23
12.6191468896  8.83364541912e-23
13.1128369884  9.3152279213e-23
13.6258413812  9.74650600583e-23
14.1589156877  1.01701094787e-22
14.7128450892  1.05670411973e-22
15.2884454851  1.09576322639e-22
15.8865646945  1.13410971235e-22
16.5080837054  1.1711678434e-22
17.1539179718  1.2074607247e-22
17.8250187627  1.24168401064e-22
18.5223745626  1.28312186166e-22
19.247012528  1.32848588241e-22
20  1.37562464816e-22

