0.964635696448 20 80
80
0.964635696448  0
1.00237446725  8.10988301443e-34
1.04158966572  5.41006846969e-33
1.08233905309  1.06619274598e-32
1.12468265038  1.61192512731e-32
1.16868282675  2.17900781667e-32
1.21440439138  2.7682760873e-32
1.26191468896  3.38059789025e-32
1.31128369884  4.01687513283e-32
1.36258413812  4.67804500702e-32
1.41589156877  5.3650813699e-32
1.47128450892  6.07899617813e-32
1.52884454851  6.82084097839e-32
1.58865646945  7.59170845633e-32
1.65080837054  8.39273404595e-32
1.71539179718  9.22509760207e-32
1.78250187627  1.00900251381e-31
1.85223745626  1.09887906321e-31
1.9247012528  1.19227179027e-31
2  2.1964736814e-30
2.07824460767  1.64871680688e-29
2.15955032466  3.33188613853e-29
2.2440369086  5.08090493218e-29
2.33182880236  6.89834937048e-29
2.42305531726  8.78689642231e-29
2.51785082359  1.07493277857e-28
2.61635494852  1.27885339851e-28
2.71871278176  1.49075186291e-28
2.82507508925  1.71094028341e-28
2.93559853524  1.93974298221e-28
3.05044591308  7.10892571294e-28
3.16978638492  1.86942281795e-27
3.29379573097  3.07533062124e-27
3.42265660832  4.328416316e-27
3.55655882008  5.63052561005e-27
3.69569959484  6.98357641952e-27
3.84028387728  8.38956169386e-27
3.99052462994  1.11019636996e-26
4.14664314697  2.34101021291e-26
4.30886938006  3.81693806012e-26
4.47744227714  5.35060760499e-26
4.65261013431  6.94427783579e-26
4.83463096161  8.60029611757e-26
5.02377286302  1.18126166369e-25
5.22031443137  2.06776852982e-25
5.42454515866  3.04094947301e-25
5.63676586253  4.05220349675e-25
5.85728912925  5.10302010766e-25
6.08643977422  8.03918867048e-25
6.32455532034  1.39941503025e-24
6.5719864952  2.0217925541e-24
6.82909774767  2.66851892053e-24
7.09626778467  3.85454892222e-24
7.37389012904  5.94540809697e-24
7.66237369911  8.13149467925e-24
7.96214341107  1.0496830586e-23
8.27364080478  1.39000085273e-23
8.59732469416  1.7682036305e-23
8.93367184302  2.16648158114e-23
9.28317766723  2.65742981626e-23
9.64635696448  3.19308339506e-23
10.0237446725  3.75370410471e-23
10.4158966572  4.35483647555e-23
10.8233905309  4.98160137538e-23
11.2468265038  5.59627882845e-23
11.6868282675  6.20833435488e-23
12.1440439138  6.81110970064e-23
12.6191468896  7.3726583117e-23
13.1128369884  7.92820587154e-23
13.6258413812  8.43688907978e-23
14.1589156877  8.93857895021e-23
14.7128450892  9.41174462912e-23
15.2884454851  9.87858785493e-23
15.8865646945  1.03383524533e-22
16.5080837054  1.07862651868e-22
17.1539179718  1.1227554104e-22
17.8250187627  1.16474826839e-22
18.5223745626  1.21965273537e-22
19.247012528  1.28095689551e-22
20  1.34465941564e-22

