1.9247012528 20 62
62
1.9247012528  0
2  9.99738161329e-45
2.07824460767  7.90497725801e-44
2.15955032466  1.60386989471e-43
2.2440369086  2.44906305675e-43
2.33182880236  3.32732212247e-43
2.42305531726  4.23994070621e-43
2.51785082359  5.18826303146e-43
2.61635494852  6.17368591086e-43
2.71871278176  7.19766080355e-43
2.82507508925  8.26169595312e-43
2.93559853524  9.36735860909e-43
3.05044591308  3.46542301065e-29
3.16978638492  1.14330575612e-28
3.29379573097  1.97268325074e-28
3.42265660832  3.75535625064e-28
3.55655882008  6.80539192601e-28
3.69569959484  9.97983842007e-28
3.84028387728  1.32784765744e-27
3.99052462994  3.59541050801e-27
4.14664314697  2.05476581248e-26
4.30886938006  4.11925822895e-26
4.47744227714  6.26451834499e-26
4.65261013431  8.49370597911e-26
4.83463096161  1.08101045691e-25
5.02377286302  1.33721943019e-25
5.22031443137  1.71288550148e-25
5.42454515866  2.28388649531e-25
5.63676586253  2.8971507752e-25
5.85728912925  3.53440736658e-25
6.08643977422  5.0482622609e-25
6.32455532034  7.96236910335e-25
6.5719864952  1.10359840109e-24
6.82909774767  1.56424601143e-24
7.09626778467  2.32081328366e-24
7.37389012904  3.44026814094e-24
7.66237369911  4.62503274645e-24
7.96214341107  6.30493204123e-24
8.27364080478  8.76843650656e-24
8.59732469416  1.14710493602e-23
8.93367184302  1.47112172963e-23
9.28317766723  1.92066053027e-23
9.64635696448  2.40685572049e-23
10.0237446725  2.92774629709e-23
10.4158966572  3.54161613536e-23
10.8233905309  4.18864522859e-23
11.2468265038  4.86186152977e-23
11.6868282675  5.5621002578e-23
12.1440439138  6.27767089863e-23
12.6191468896  6.98650134423e-23
13.1128369884  7.69846753677e-23
13.6258413812  8.43092343007e-23
14.1589156877  9.1832861433e-23
14.7128450892  9.94624766366e-23
15.2884454851  1.06274334652e-22
15.8865646945  1.12241958979e-22
16.5080837054  1.16211306214e-22
17.1539179718  1.19294282612e-22
17.8250187627  1.2158275144e-22
18.5223745626  1.26567995042e-22
19.247012528  1.32710509529e-22
20  1.39093333333e-22

