0.964635696448 20000 260
260
0.964635696448  0
1.00237446725  1.09557574959e-34
1.04158966572  7.30853923352e-34
1.08233905309  1.44033510078e-33
1.12468265038  2.17757281639e-33
1.16868282675  2.94365296992e-33
1.21440439138  3.73970394397e-33
1.26191468896  4.5668982661e-33
1.31128369884  5.42645433582e-33
1.36258413812  6.31963821928e-33
1.41589156877  7.247765514e-33
1.47128450892  8.21220328674e-33
1.52884454851  9.21437208706e-33
1.58865646945  1.02557480397e-32
1.65080837054  1.13378650187e-32
1.71539179718  1.2462316907e-32
1.78250187627  1.36307599437e-32
1.85223745626  1.48449151639e-32
1.9247012528  1.61065709335e-32
2  4.35360041425e-31
2.07824460767  3.32347079461e-30
2.15955032466  6.72520434828e-30
2.2440369086  1.02600215556e-29
2.33182880236  1.39331289557e-29
2.42305531726  1.77499367796e-29
2.51785082359  2.17160669188e-29
2.61635494852  2.58373612063e-29
2.71871278176  3.01198900212e-29
2.82507508925  3.45699612296e-29
2.93559853524  3.91941294758e-29
3.05044591308  2.29446518523e-28
3.16978638492  6.60816508067e-28
3.29379573097  1.10983478926e-27
3.42265660832  1.57641970008e-27
3.55655882008  2.06125848755e-27
3.69569959484  2.56506528537e-27
3.84028387728  3.0885821658e-27
3.99052462994  4.6015094763e-27
4.14664314697  1.35211471042e-26
4.30886938006  2.4314755494e-26
4.47744227714  3.55306347106e-26
4.65261013431  4.71853049618e-26
4.83463096161  5.92959327637e-26
5.02377286302  8.8998673563e-26
5.22031443137  1.83298431568e-25
5.42454515866  2.87254591781e-25
5.63676586253  3.95277756479e-25
5.85728912925  5.07527036247e-25
6.08643977422  7.7805163574e-25
6.32455532034  1.30146370187e-24
6.5719864952  1.84834349952e-24
6.82909774767  2.41661849477e-24
7.09626778467  3.40943351059e-24
7.37389012904  5.11297917447e-24
7.66237369911  6.89368166023e-24
7.96214341107  8.86148041561e-24
8.27364080478  1.20906720708e-23
8.59732469416  1.57540561237e-23
8.93367184302  1.96098712673e-23
9.28317766723  2.43336978001e-23
9.64635696448  2.94795443188e-23
10.0237446725  3.48190913443e-23
10.4158966572  4.03322536915e-23
10.8233905309  4.60553010912e-23
11.2468265038  5.17796111948e-23
11.6868282675  5.75656751786e-23
12.1440439138  6.34646112703e-23
12.6191468896  6.93729510667e-23
13.1128369884  7.54176985376e-23
13.6258413812  8.14667001417e-23
14.1589156877  8.76039268791e-23
14.7128450892  9.36997124386e-23
15.2884454851  9.97036191765e-23
15.8865646945  1.05579116632e-22
16.5080837054  1.11074052358e-22
17.1539179718  1.1634873517e-22
17.8250187627  1.21205345495e-22
18.5223745626  1.26681596968e-22
19.247012528  1.32562765657e-22
20  1.38674019214e-22
20.7824460767  1.4502435909e-22
21.5955032466  1.51623138891e-22
22.440369086  1.58480078161e-22
23.3182880236  1.65605276693e-22
24.2305531726  1.71886352993e-22
25.1785082359  1.74796124774e-22
26.1635494852  1.7707190762e-22
27.1871278176  1.78951438422e-22
28.2507508925  1.78650436754e-22
29.3559853524  1.78337659207e-22
30.5044591308  1.7811971523e-22
31.6978638492  1.78035282874e-22
32.9379573097  1.77947547329e-22
34.2265660832  1.77774375416e-22
35.5655882008  1.77198567227e-22
36.9569959484  1.76043843719e-22
38.4028387728  1.74843944768e-22
39.9052462994  1.73597103005e-22
41.4664314697  1.72394170818e-22
43.0886938006  1.71150400568e-22
44.7744227714  1.6985797116e-22
46.5261013431  1.68672315573e-22
48.3463096161  1.6746444061e-22
50.2377286302  1.6622134327e-22
52.2031443137  1.65016588081e-22
54.2454515866  1.63764700092e-22
56.3676586253  1.62455224046e-22
58.5728912925  1.61089581481e-22
60.8643977422  1.59712647657e-22
63.2455532034  1.58354132242e-22
65.719864952  1.57128008563e-22
68.2909774767  1.5632380303e-22
70.9626778467  1.55557742684e-22
73.7389012904  1.54890119645e-22
76.6237369911  1.54196377654e-22
79.6214341107  1.53475494878e-22
82.7364080478  1.526941742e-22
85.9732469416  1.51877652423e-22
89.3367184302  1.51029186434e-22
92.8317766723  1.50521376473e-22
96.4635696448  1.50084691763e-22
100.237446725  1.49643052061e-22
104.158966572  1.49371847642e-22
108.233905309  1.49090033082e-22
112.468265038  1.48797193287e-22
116.868282675  1.48492896924e-22
121.440439138  1.48250275494e-22
126.191468896  1.48164393287e-22
131.128369884  1.4807515117e-22
136.258413812  1.47982417697e-22
141.589156877  1.47914782743e-22
147.128450892  1.47914782743e-22
152.884454851  1.47862641762e-22
158.865646945  1.4775452247e-22
165.080837054  1.47734017285e-22
171.539179718  1.47734017285e-22
178.250187627  1.47734017285e-22
185.223745626  1.47781230923e-22
192.47012528  1.4784672568e-22
200  1.47914782743e-22
207.824460767  1.47834845796e-22
215.955032466  1.47751781532e-22
224.40369086  1.47665467602e-22
233.182880236  1.47575776873e-22
242.305531726  1.47482577236e-22
251.785082359  1.47380401747e-22
261.635494852  1.47250357013e-22
271.871278176  1.47115224629e-22
282.507508925  1.46974805555e-22
293.559853524  1.46828892964e-22
305.044591308  1.46876124829e-22
316.978638492  1.47189000593e-22
329.379573097  1.47514116778e-22
342.265660832  1.47851952257e-22
355.655882008  1.48253136042e-22
369.569959484  1.4874125104e-22
384.028387728  1.49248462222e-22
399.052462994  1.49775516674e-22
414.664314697  1.50289326123e-22
430.886938006  1.5082096321e-22
447.744227714  1.51373399165e-22
465.261013431  1.51947447687e-22
483.463096161  1.5254395431e-22
502.377286302  1.53205829168e-22
522.031443137  1.54197416799e-22
542.454515866  1.55227797622e-22
563.676586253  1.56298489317e-22
585.728912925  1.57411068938e-22
608.643977422  1.58292064403e-22
632.455532034  1.58735552749e-22
657.19864952  1.59196391381e-22
682.909774767  1.59675259081e-22
709.626778467  1.60109315026e-22
737.389012904  1.60443126546e-22
766.237369911  1.60789997541e-22
796.214341107  1.61150438929e-22
827.364080478  1.61376587199e-22
859.732469416  1.61590250258e-22
893.367184302  1.61812272308e-22
928.317766723  1.62145357853e-22
964.635696448  1.62516392292e-22
1002.37446725  1.62888805383e-22
1041.58966572  1.6307247562e-22
1082.33905309  1.63263331459e-22
1124.68265038  1.63461654019e-22
1168.68282675  1.63667735414e-22
1214.40439138  1.63881879187e-22
1261.91468896  1.64104400759e-22
1311.28369884  1.64335627887e-22
1362.58413812  1.64575901153e-22
1415.89156877  1.64825574463e-22
1471.28450892  1.65085015568e-22
1528.84454851  1.65219508858e-22
1588.65646945  1.65219508858e-22
1650.80837054  1.65219508858e-22
1715.39179718  1.65219508858e-22
1782.50187627  1.65219508858e-22
1852.23745626  1.65219508858e-22
1924.7012528  1.65219508858e-22
2000  1.65219508858e-22
2078.24460767  1.64979698018e-22
2159.55032466  1.64730505225e-22
2244.0369086  1.64471563437e-22
2331.82880236  1.64202491249e-22
2423.05531726  1.63922892337e-22
2517.85082359  1.63632354872e-22
2616.35494852  1.63330450911e-22
2718.71278176  1.63016735772e-22
2825.07508925  1.62690747374e-22
2935.59853524  1.62352005559e-22
3050.44591308  1.62092378367e-22
3169.78638492  1.61945126994e-22
3293.79573097  1.61792114808e-22
3422.65660832  1.61633116433e-22
3556.55882008  1.61467897675e-22
3695.69959484  1.61296215179e-22
3840.28387728  1.61117816067e-22
3990.52462994  1.60932437572e-22
4146.64314697  1.60739806643e-22
4308.86938006  1.60539639548e-22
4477.44227714  1.60331641455e-22
4652.61013431  1.60115505997e-22
4834.63096161  1.59890914823e-22
5023.77286302  1.5968294679e-22
5220.31443137  1.59650512621e-22
5424.54515866  1.59616809552e-22
5636.76586253  1.59581787941e-22
5857.28912925  1.59545396204e-22
6086.43977422  1.59507580738e-22
6324.55532034  1.59468285845e-22
6571.9864952  1.59427453645e-22
6829.09774767  1.59385023994e-22
7096.26778467  1.59303865803e-22
7373.89012904  1.59151150862e-22
7662.37369911  1.58992461361e-22
7962.14341107  1.5882756356e-22
8273.64080478  1.58656214578e-22
8597.32469416  1.58478162029e-22
8933.67184302  1.58293143654e-22
9283.17766723  1.58100886933e-22
9646.35696448  1.57901108687e-22
10023.7446725  1.57704225092e-22
10415.8966572  1.57665396286e-22
10823.3905309  1.57625048408e-22
11246.8265038  1.57583122028e-22
11686.8282675  1.57539555391e-22
12144.0439138  1.57494284327e-22
12619.1468896  1.57447242155e-22
13112.8369884  1.57398359585e-22
13625.8413812  1.57347564616e-22
14158.9156877  1.5729478243e-22
14712.8450892  1.57239935284e-22
15288.4454851  1.57182942391e-22
15886.5646945  1.57123719805e-22
16508.0837054  1.57062180295e-22
17153.9179718  1.56998233218e-22
17825.0187627  1.56931784383e-22
18522.3745626  1.56862735917e-22
19247.012528  1.56790986116e-22
20000  1.56716429298e-22

