0.964635696448 20000 260
260
0.964635696448  0
1.00237446725  2.18341935937e-32
1.04158966572  1.45652569011e-31
1.08233905309  2.8704491203e-31
1.12468265038  4.33968849251e-31
1.16868282675  5.86640789386e-31
1.21440439138  7.4528560755e-31
1.26191468896  9.10136976491e-31
1.31128369884  1.08143771078e-30
1.36258413812  1.25944012444e-30
1.41589156877  1.4444064026e-30
1.47128450892  1.63660898771e-30
1.52884454851  1.83633098074e-30
1.58865646945  2.04386655827e-30
1.65080837054  2.25952140572e-30
1.71539179718  2.48361316764e-30
1.78250187627  2.71647191555e-30
1.85223745626  2.95844063415e-30
1.9247012528  3.20987572648e-30
2  2.65709283474e-29
2.07824460767  1.86393707976e-28
2.15955032466  3.74612219982e-28
2.2440369086  5.70194273803e-28
2.33182880236  7.73427948159e-28
2.42305531726  9.84612592071e-28
2.51785082359  1.20405926579e-27
2.61635494852  1.43209119895e-27
2.71871278176  1.66904426669e-27
2.82507508925  1.91526748433e-27
2.93559853524  2.17112352151e-27
3.05044591308  6.81127893462e-27
3.16978638492  1.71448294485e-26
3.29379573097  2.79008644782e-26
3.42265660832  3.90777003784e-26
3.55655882008  5.06917998485e-26
3.69569959484  6.27602696469e-26
3.84028387728  7.53008857876e-26
3.99052462994  9.88792928629e-26
4.14664314697  2.03360777761e-25
4.30886938006  3.2853019177e-25
4.47744227714  4.58596521625e-25
4.65261013431  5.93751345956e-25
4.83463096161  7.34193738389e-25
5.02377286302  9.63870371198e-25
5.22031443137  1.51284528366e-24
5.42454515866  2.11248775123e-24
5.63676586253  2.73558961362e-24
5.85728912925  3.38306865638e-24
6.08643977422  4.39333238821e-24
6.32455532034  5.97447119383e-24
6.5719864952  7.62402601556e-24
6.82909774767  9.33811522222e-24
7.09626778467  1.15732905143e-23
7.37389012904  1.46541760237e-23
7.66237369911  1.78674542133e-23
7.96214341107  2.12911197754e-23
8.27364080478  2.57027731339e-23
8.59732469416  3.05090097046e-23
8.93367184302  3.5524502092e-23
9.28317766723  4.10461548544e-23
9.64635696448  4.68863458624e-23
10.0237446725  5.28846217763e-23
10.4158966572  5.87914975905e-23
10.8233905309  6.48851496214e-23
11.2468265038  7.06826370439e-23
11.6868282675  7.63174974644e-23
12.1440439138  8.1804289051e-23
12.6191468896  8.67869105024e-23
13.1128369884  9.1684623775e-23
13.6258413812  9.60924178721e-23
14.1589156877  1.00430131134e-22
14.7128450892  1.04510123827e-22
15.2884454851  1.08530313257e-22
15.8865646945  1.12482130998e-22
16.5080837054  1.16299818228e-22
17.1539179718  1.20036522031e-22
17.8250187627  1.23555598839e-22
18.5223745626  1.27825387703e-22
19.247012528  1.32502176545e-22
20  1.37361932141e-22
20.7824460767  1.42411812573e-22
21.5955032466  1.4765925596e-22
22.440369086  1.53111991423e-22
23.3182880236  1.58778050458e-22
24.2305531726  1.63979644077e-22
25.1785082359  1.66765406949e-22
26.1635494852  1.67370647661e-22
27.1871278176  1.67590909719e-22
28.2507508925  1.65921651826e-22
29.3559853524  1.64187088719e-22
30.5044591308  1.62978441915e-22
31.6978638492  1.62510207375e-22
32.9379573097  1.62023654421e-22
34.2265660832  1.60350840416e-22
35.5655882008  1.58679493189e-22
36.9569959484  1.57125017493e-22
38.4028387728  1.55509727127e-22
39.9052462994  1.5383124288e-22
41.4664314697  1.5270332942e-22
43.0886938006  1.51572665418e-22
44.7744227714  1.50397767234e-22
46.5261013431  1.49127539086e-22
48.3463096161  1.47800034406e-22
50.2377286302  1.46448658773e-22
52.2031443137  1.45247271361e-22
54.2454515866  1.43998882906e-22
56.3676586253  1.42495016438e-22
58.5728912925  1.40813851182e-22
60.8643977422  1.39401004691e-22
63.2455532034  1.38506041053e-22
65.719864952  1.37517850176e-22
68.2909774767  1.36343569368e-22
70.9626778467  1.35285698025e-22
73.7389012904  1.34485932758e-22
76.6237369911  1.33654878832e-22
79.6214341107  1.32791312161e-22
82.7364080478  1.32192032106e-22
85.9732469416  1.31612156505e-22
89.3367184302  1.31009594835e-22
92.8317766723  1.30482884351e-22
96.4635696448  1.29959766898e-22
100.237446725  1.294282791e-22
104.158966572  1.29063186786e-22
108.233905309  1.28683811219e-22
112.468265038  1.28289593607e-22
116.868282675  1.27879953293e-22
121.440439138  1.27527660928e-22
126.191468896  1.27327352524e-22
131.128369884  1.27119207594e-22
136.258413812  1.26902919555e-22
141.589156877  1.26745170352e-22
147.128450892  1.26745170352e-22
152.884454851  1.26623558706e-22
158.865646945  1.26371385366e-22
165.080837054  1.2632355985e-22
171.539179718  1.2632355985e-22
178.250187627  1.2632355985e-22
185.223745626  1.2643367915e-22
192.47012528  1.26586436639e-22
200  1.26745170352e-22
207.824460767  1.26665456861e-22
215.955032466  1.26582624795e-22
224.40369086  1.26496552148e-22
233.182880236  1.26407112141e-22
242.305531726  1.26314173034e-22
251.785082359  1.26229516378e-22
261.635494852  1.26194931194e-22
271.871278176  1.26158992959e-22
282.507508925  1.26121648736e-22
293.559853524  1.26082843522e-22
305.044591308  1.26231077066e-22
316.978638492  1.26635247385e-22
329.379573097  1.27055229778e-22
342.265660832  1.27491642851e-22
355.655882008  1.27907757528e-22
369.569959484  1.28287046686e-22
384.028387728  1.28681174509e-22
399.052462994  1.29090721521e-22
414.664314697  1.29737346139e-22
430.886938006  1.30424110523e-22
447.744227714  1.31137742711e-22
465.261013431  1.31879293834e-22
483.463096161  1.32649856146e-22
502.377286302  1.33435102768e-22
522.031443137  1.34139306244e-22
542.454515866  1.34871059782e-22
563.676586253  1.35631441204e-22
585.728912925  1.364215705e-22
608.643977422  1.37072581038e-22
632.455532034  1.37457360383e-22
657.19864952  1.37857193181e-22
682.909774767  1.3827266836e-22
709.626778467  1.38687497888e-22
737.389012904  1.39087380521e-22
766.237369911  1.39502907484e-22
796.214341107  1.39934690819e-22
827.364080478  1.40037257003e-22
859.732469416  1.40094080342e-22
893.367184302  1.40153126742e-22
928.317766723  1.4045326453e-22
964.635696448  1.40823261777e-22
1002.37446725  1.41190049195e-22
1041.58966572  1.41297489182e-22
1082.33905309  1.41409132468e-22
1124.68265038  1.41525143497e-22
1168.68282675  1.41645693145e-22
1214.40439138  1.41770958973e-22
1261.91468896  1.41901125488e-22
1311.28369884  1.42036384418e-22
1362.58413812  1.42176934988e-22
1415.89156877  1.42322984221e-22
1471.28450892  1.42474747236e-22
1528.84454851  1.4255342061e-22
1588.65646945  1.4255342061e-22
1650.80837054  1.4255342061e-22
1715.39179718  1.4255342061e-22
1782.50187627  1.4255342061e-22
1852.23745626  1.4255342061e-22
1924.7012528  1.4255342061e-22
2000  1.4255342061e-22
2078.24460767  1.42314280139e-22
2159.55032466  1.42065783941e-22
2244.0369086  1.41807566e-22
2331.82880236  1.41539245977e-22
2423.05531726  1.41260428658e-22
2517.85082359  1.40970703362e-22
2616.35494852  1.40669643345e-22
2718.71278176  1.40356805167e-22
2825.07508925  1.40031728039e-22
2935.59853524  1.39693933145e-22
3050.44591308  1.39386331159e-22
3169.78638492  1.39124279951e-22
3293.79573097  1.38851976697e-22
3422.65660832  1.38569020311e-22
3556.55882008  1.3827499402e-22
3695.69959484  1.37969464743e-22
3840.28387728  1.37651982457e-22
3990.52462994  1.37322079533e-22
4146.64314697  1.36979270045e-22
4308.86938006  1.36623049062e-22
4477.44227714  1.36252891892e-22
4652.61013431  1.35868253321e-22
4834.63096161  1.35468566803e-22
5023.77286302  1.35104401415e-22
5220.31443137  1.35095775601e-22
5424.54515866  1.35086812325e-22
5636.76586253  1.35077498385e-22
5857.28912925  1.35067820062e-22
6086.43977422  1.35057763101e-22
6324.55532034  1.35047312689e-22
6571.9864952  1.35036453432e-22
6829.09774767  1.35025169336e-22
7096.26778467  1.35003585449e-22
7373.89012904  1.34962971161e-22
7662.37369911  1.34920767948e-22
7962.14341107  1.34876913649e-22
8273.64080478  1.34831343668e-22
8597.32469416  1.34783990885e-22
8933.67184302  1.34734785552e-22
9283.17766723  1.34683655193e-22
9646.35696448  1.34630524496e-22
10023.7446725  1.34578163627e-22
10415.8966572  1.3456783717e-22
10823.3905309  1.34557106718e-22
11246.8265038  1.34545956466e-22
11686.8282675  1.3453436999e-22
12144.0439138  1.34522330225e-22
12619.1468896  1.34509819437e-22
13112.8369884  1.34496819197e-22
13625.8413812  1.34483310359e-22
14158.9156877  1.34469273023e-22
14712.8450892  1.34454686515e-22
15288.4454851  1.34439529348e-22
15886.5646945  1.34423779199e-22
16508.0837054  1.34407412867e-22
17153.9179718  1.34390406247e-22
17825.0187627  1.34372734288e-22
18522.3745626  1.34354370962e-22
19247.012528  1.3433528922e-22
20000  1.34315460957e-22

