0.964635696448 20 80
80
0.964635696448  0
1.00237446725  1.46482369875e-35
1.04158966572  9.7717765992e-35
1.08233905309  1.92577919925e-34
1.12468265038  2.91149221621e-34
1.16868282675  3.93576859732e-34
1.21440439138  5.00011703023e-34
1.26191468896  6.10610522591e-34
1.31128369884  7.25536222782e-34
1.36258413812  8.44958081135e-34
1.41589156877  9.69051997714e-34
1.47128450892  1.0980007542e-33
1.52884454851  1.23199428312e-33
1.58865646945  1.37122994759e-33
1.65080837054  1.51591283203e-33
1.71539179718  1.66625604423e-33
1.78250187627  1.82248102926e-33
1.85223745626  1.98481789563e-33
1.9247012528  2.1535057542e-33
2  1.02543006442e-31
2.07824460767  7.94909496244e-31
2.15955032466  1.61042677239e-30
2.2440369086  2.4578489632e-30
2.33182880236  3.33842426243e-30
2.42305531726  4.25344969607e-30
2.51785082359  5.20427303275e-30
2.61635494852  6.19229476889e-30
2.71871278176  7.21897019159e-30
2.82507508925  8.28581152211e-30
2.93559853524  9.39439014332e-30
3.05044591308  7.59789675416e-29
3.16978638492  2.27617436087e-28
3.29379573097  3.85460777494e-28
3.42265660832  5.49479314061e-28
3.55655882008  7.1991463365e-28
3.69569959484  8.97017775596e-28
3.84028387728  1.08104960047e-27
3.99052462994  1.72757032281e-27
4.14664314697  5.8519034346e-27
4.30886938006  1.0854177187e-26
4.47744227714  1.6052151413e-26
4.65261013431  2.1453482366e-26
4.83463096161  2.70661258296e-26
5.02377286302  4.29165581245e-26
5.22031443137  9.6511356886e-26
5.42454515866  1.55695099149e-25
5.63676586253  2.17194245759e-25
5.85728912925  2.81099380668e-25
6.08643977422  4.53889616707e-25
6.32455532034  8.00952482649e-25
6.5719864952  1.16366077926e-24
6.82909774767  1.54055906006e-24
7.09626778467  2.24843989138e-24
7.37389012904  3.51215898935e-24
7.66237369911  4.83357931365e-24
7.96214341107  6.31094494366e-24
8.27364080478  8.89755521169e-24
8.59732469416  1.18586584323e-23
8.93367184302  1.49914626584e-23
9.28317766723  1.9062485325e-23
9.64635696448  2.35625668718e-23
10.0237446725  2.83011161979e-23
10.4158966572  3.35141408775e-23
10.8233905309  3.89677497262e-23
11.2468265038  4.46752046288e-23
11.6868282675  5.06354447646e-23
12.1440439138  5.68166490669e-23
12.6191468896  6.32158515252e-23
13.1128369884  6.97980250217e-23
13.6258413812  7.64634399042e-23
14.1589156877  8.32121387057e-23
14.7128450892  8.98770359393e-23
15.2884454851  9.63911426795e-23
15.8865646945  1.02713039787e-22
16.5080837054  1.08600167576e-22
17.1539179718  1.14254532689e-22
17.8250187627  1.19494332179e-22
18.5223745626  1.25296977654e-22
19.247012528  1.31499117618e-22
20  1.37943899586e-22

