0.964635696448 20 80
80
0.964635696448  0
1.00237446725  6.75659916381e-35
1.04158966572  4.5072985681e-34
1.08233905309  8.88278783201e-34
1.12468265038  1.34294563163e-33
1.16868282675  1.81540009465e-33
1.21440439138  2.30633806472e-33
1.26191468896  2.81648265922e-33
1.31128369884  3.34658528554e-33
1.36258413812  3.89742674788e-33
1.41589156877  4.46981839727e-33
1.47128450892  5.06460332668e-33
1.52884454851  5.68265761282e-33
1.58865646945  6.32489160652e-33
1.65080837054  6.99225127366e-33
1.71539179718  7.68571958846e-33
1.78250187627  8.40631798138e-33
1.85223745626  9.15510784357e-33
1.9247012528  9.93319209025e-33
2  3.05016975962e-31
2.07824460767  2.33843036313e-30
2.15955032466  4.73348333505e-30
2.2440369086  7.22223629704e-30
2.33182880236  9.80835500858e-30
2.42305531726  1.24956486421e-29
2.51785082359  1.52880753937e-29
2.61635494852  1.8189748313e-29
2.71871278176  2.1204941362e-29
2.82507508925  2.43380957095e-29
2.93559853524  2.75938262733e-29
3.05044591308  1.73057167311e-28
3.16978638492  5.03240801924e-28
3.29379573097  8.46933527465e-28
3.42265660832  1.20407230424e-27
3.55655882008  1.57518317275e-27
3.69569959484  1.96081275342e-27
3.84028387728  2.36152905171e-27
3.99052462994  3.56821541878e-27
4.14664314697  1.08150094679e-26
4.30886938006  1.95891703993e-26
4.47744227714  2.87065967205e-26
4.65261013431  3.81807177645e-26
4.83463096161  4.80254882506e-26
5.02377286302  7.29235398248e-26
5.22031443137  1.53151035635e-25
5.42454515866  2.4163029759e-25
5.63676586253  3.33571072114e-25
5.85728912925  4.29108781554e-25
6.08643977422  6.65835812167e-25
6.32455532034  1.1282540961e-24
6.5719864952  1.61143454372e-24
6.82909774767  2.11351812362e-24
7.09626778467  3.00997298547e-24
7.37389012904  4.56732900871e-24
7.66237369911  6.19540207913e-24
7.96214341107  8.0026352418e-24
8.27364080478  1.10451610223e-23
8.59732469416  1.45094250267e-23
8.93367184302  1.81624852278e-23
9.28317766723  2.27363016016e-23
9.64635696448  2.77463391035e-23
10.0237446725  3.29618169134e-23
10.4158966572  3.84250426845e-23
10.8233905309  4.41063752995e-23
11.2468265038  4.98253708588e-23
11.6868282675  5.56336195231e-23
12.1440439138  6.15704829265e-23
12.6191468896  6.75472482856e-23
13.1128369884  7.36702623355e-23
13.6258413812  7.98173170388e-23
14.1589156877  8.60583205085e-23
14.7128450892  9.22640364655e-23
15.2884454851  9.83790945467e-23
15.8865646945  1.04366525123e-22
16.5080837054  1.09971571766e-22
17.1539179718  1.15355757607e-22
17.8250187627  1.20318456602e-22
18.5223745626  1.25925814577e-22
19.247012528  1.31951553928e-22
20  1.38213034084e-22

