0.928317766723 20 81
81
0.928317766723  0
0.964635696448  6.22502528199e-28
1.00237446725  8.14346683968e-27
1.04158966572  1.78632303389e-26
1.08233905309  2.79632528322e-26
1.12468265038  3.84584114741e-26
1.16868282675  4.93641649012e-26
1.21440439138  6.06965765275e-26
1.26191468896  7.24723382046e-26
1.31128369884  8.47087948079e-26
1.36258413812  9.74239697843e-26
1.41589156877  1.10636591699e-25
1.47128450892  1.24366121824e-25
1.52884454851  1.38632782797e-25
1.58865646945  1.53457588415e-25
1.65080837054  1.68862374584e-25
1.71539179718  1.84869831477e-25
1.78250187627  2.01503536962e-25
1.85223745626  2.18787991328e-25
1.9247012528  2.36748653368e-25
2  2.78959900015e-25
2.07824460767  4.60999996487e-25
2.15955032466  6.72734599382e-25
2.2440369086  8.92752747744e-25
2.33182880236  1.12137851296e-24
2.42305531726  1.35894864482e-24
2.51785082359  1.60581306756e-24
2.61635494852  1.86233539526e-24
2.71871278176  2.1288934674e-24
2.82507508925  2.40587990543e-24
2.93559853524  2.69370269104e-24
3.05044591308  3.37056958938e-24
3.16978638492  4.54994684968e-24
3.29379573097  5.77703695615e-24
3.42265660832  7.0521336546e-24
3.55655882008  8.37711507351e-24
3.69569959484  9.75393281806e-24
3.84028387728  1.11846148447e-23
3.99052462994  1.27399910074e-23
4.14664314697  1.48773495016e-23
4.30886938006  1.72064899726e-23
4.47744227714  1.96267517847e-23
4.65261013431  2.21416998149e-23
4.83463096161  2.4755038406e-23
5.02377286302  2.75119353835e-23
5.22031443137  3.05298018145e-23
5.42454515866  3.36801371385e-23
5.63676586253  3.69537208382e-23
5.85728912925  4.03553746741e-23
6.08643977422  4.41138560953e-23
6.32455532034  4.83716877194e-23
6.5719864952  5.28004439229e-23
6.82909774767  5.74024632721e-23
7.09626778467  6.13468800879e-23
7.37389012904  6.40466721227e-23
7.66237369911  6.68302029975e-23
7.96214341107  6.96518969971e-23
8.27364080478  7.18705499133e-23
8.59732469416  7.3990561734e-23
8.93367184302  7.61589527235e-23
9.28317766723  7.79074921923e-23
9.64635696448  7.95575063489e-23
10.0237446725  8.12094200612e-23
10.4158966572  8.26357630035e-23
10.8233905309  8.40804995149e-23
11.2468265038  8.54381653524e-23
11.6868282675  8.67443368341e-23
12.1440439138  8.80072896061e-23
12.6191468896  8.91356741674e-23
13.1128369884  9.02065966058e-23
13.6258413812  9.10667122814e-23
14.1589156877  9.18238600693e-23
14.7128450892  9.23556895758e-23
15.2884454851  9.27347431808e-23
15.8865646945  9.29520445616e-23
16.5080837054  9.30117911275e-23
17.1539179718  9.29844038512e-23
17.8250187627  9.28634277001e-23
18.5223745626  9.23766865545e-23
19.247012528  9.17418713352e-23
20  9.1082220682e-23

