0.928317766723 20 81
81
0.928317766723  0
0.964635696448  1.98751022893e-28
1.00237446725  2.76337737541e-26
1.04158966572  7.53916500692e-26
1.08233905309  1.25017934518e-25
1.12468265038  1.76585713545e-25
1.16868282675  2.30170942891e-25
1.21440439138  2.85852549861e-25
1.26191468896  3.43712549576e-25
1.31128369884  4.03836165781e-25
1.36258413812  4.66311956366e-25
1.41589156877  5.31231943813e-25
1.47128450892  5.98691750733e-25
1.52884454851  6.68790740717e-25
1.58865646945  7.41632164685e-25
1.65080837054  8.17323312974e-25
1.71539179718  8.95975673364e-25
1.78250187627  9.77705095294e-25
1.85223745626  1.0626319605e-24
1.9247012528  1.15088136033e-24
2  1.28704764846e-24
2.07824460767  1.68945466922e-24
2.15955032466  2.15022764413e-24
2.2440369086  2.62902711937e-24
2.33182880236  3.12655833315e-24
2.42305531726  3.64355411424e-24
2.51785082359  4.18077596136e-24
2.61635494852  4.73901516481e-24
2.71871278176  5.319093972e-24
2.82507508925  5.92186679852e-24
2.93559853524  6.54822148671e-24
3.05044591308  7.65552873365e-24
3.16978638492  9.38130778916e-24
3.29379573097  1.11765037041e-23
3.42265660832  1.30419318191e-23
3.55655882008  1.49803397796e-23
3.69569959484  1.69945827253e-23
3.84028387728  1.90876274955e-23
3.99052462994  2.13037014362e-23
4.14664314697  2.39184771093e-23
4.30886938006  2.67003067502e-23
4.47744227714  2.95909679756e-23
4.65261013431  3.25947185278e-23
4.83463096161  3.57159827216e-23
5.02377286302  3.89134996236e-23
5.22031443137  4.20661745037e-23
5.42454515866  4.5326203787e-23
5.63676586253  4.87137729264e-23
5.85728912925  5.22338715749e-23
6.08643977422  5.55643180831e-23
6.32455532034  5.85095914714e-23
6.5719864952  6.15637285579e-23
6.82909774767  6.47373505234e-23
7.09626778467  6.7699755713e-23
7.37389012904  7.0217949271e-23
7.66237369911  7.28258987435e-23
7.96214341107  7.54507214271e-23
8.27364080478  7.73193533639e-23
8.59732469416  7.90378448997e-23
8.93367184302  8.08033612504e-23
9.28317766723  8.23428750901e-23
9.64635696448  8.38450180059e-23
10.0237446725  8.53634632512e-23
10.4158966572  8.67446228684e-23
10.8233905309  8.8154007125e-23
11.2468265038  8.94468265519e-23
11.6868282675  9.06651352544e-23
12.1440439138  9.18122046876e-23
12.6191468896  9.27722206502e-23
13.1128369884  9.36703376923e-23
13.6258413812  9.43597670292e-23
14.1589156877  9.49752043753e-23
14.7128450892  9.54324732462e-23
15.2884454851  9.58151011184e-23
15.8865646945  9.61220418359e-23
16.5080837054  9.63813578552e-23
17.1539179718  9.66228940318e-23
17.8250187627  9.6851113784e-23
18.5223745626  9.64844065668e-23
19.247012528  9.58954105789e-23
20  9.5283371711e-23

