1.9247012528 20 62
62
1.9247012528  0
2  1.4066516773e-25
2.07824460767  6.41472751786e-25
2.15955032466  1.17914710459e-24
2.2440369086  1.73785651679e-24
2.33182880236  2.31842392837e-24
2.42305531726  2.92170447463e-24
2.51785082359  3.54858674571e-24
2.61635494852  4.19999409547e-24
2.71871278176  4.87688600149e-24
2.82507508925  5.58025947832e-24
2.93559853524  6.31115054601e-24
3.05044591308  7.94095621504e-24
3.16978638492  1.0731178451e-23
3.29379573097  1.36341841599e-23
3.42265660832  1.66507621403e-23
3.55655882008  1.97853556009e-23
3.69569959484  2.30425815793e-23
3.84028387728  2.64272377421e-23
3.99052462994  2.98538064885e-23
4.14664314697  3.2728134325e-23
4.30886938006  3.55724683568e-23
4.47744227714  3.85280792888e-23
4.65261013431  4.15993205296e-23
4.83463096161  4.47907158035e-23
5.02377286302  4.79284181521e-23
5.22031443137  5.06133773476e-23
5.42454515866  5.33589977921e-23
5.63676586253  5.62120332339e-23
5.85728912925  5.91672129561e-23
6.08643977422  6.18767018727e-23
6.32455532034  6.44505169042e-23
6.5719864952  6.69889530752e-23
6.82909774767  6.94476438227e-23
7.09626778467  7.18067302038e-23
7.37389012904  7.39325898966e-23
7.66237369911  7.61365261004e-23
7.96214341107  7.83623110217e-23
8.27364080478  8.00258951573e-23
8.59732469416  8.15857978538e-23
8.93367184302  8.31710067324e-23
9.28317766723  8.42966060008e-23
9.64635696448  8.52937050479e-23
10.0237446725  8.62408976634e-23
10.4158966572  8.6813305884e-23
10.8233905309  8.73553376634e-23
11.2468265038  8.77668687012e-23
11.6868282675  8.80844392114e-23
12.1440439138  8.84164324596e-23
12.6191468896  8.87639633217e-23
13.1128369884  8.91191186485e-23
13.6258413812  8.94729949994e-23
14.1589156877  8.97949854699e-23
14.7128450892  9.00270416295e-23
15.2884454851  9.01044764074e-23
15.8865646945  9.00790027789e-23
16.5080837054  8.98937687959e-23
17.1539179718  8.95711413763e-23
17.8250187627  8.91275011074e-23
18.5223745626  8.79882703504e-23
19.247012528  8.65787230987e-23
20  8.51140311111e-23

