0.964635696448 20 80
80
0.964635696448  0
1.00237446725  4.08140934363e-31
1.04158966572  2.72216921414e-30
1.08233905309  5.36455253277e-30
1.12468265038  8.11031197442e-30
1.16868282675  1.09634918512e-29
1.21440439138  1.3928294698e-29
1.26191468896  1.70090874627e-29
1.31128369884  2.02104079379e-29
1.36258413812  2.35369714454e-29
1.41589156877  2.69936777811e-29
1.47128450892  3.05856184325e-29
1.52884454851  3.43180840773e-29
1.58865646945  3.81965723771e-29
1.65080837054  4.22267960747e-29
1.71539179718  4.64146914082e-29
1.78250187627  5.07664268554e-29
1.85223745626  5.5288412219e-29
1.9247012528  5.9987308068e-29
2  2.18608376017e-28
2.07824460767  1.28556016705e-27
2.15955032466  2.54162479504e-27
2.2440369086  3.84682956506e-27
2.33182880236  5.20309695265e-27
2.42305531726  6.61242464505e-27
2.51785082359  8.07688848365e-27
2.61635494852  9.59864552149e-27
2.71871278176  1.11799372005e-26
2.82507508925  1.28230926531e-26
2.93559853524  1.45305321325e-26
3.05044591308  3.37275800596e-26
3.16978638492  7.56294223594e-26
3.29379573097  1.19243100565e-25
3.42265660832  1.64563046342e-25
3.55655882008  2.11656012806e-25
3.69569959484  2.60591364613e-25
3.84028387728  3.11441180122e-25
3.99052462994  3.97378983384e-25
4.14664314697  7.37670214484e-25
4.30886938006  1.14336890487e-24
4.47744227714  1.56493946268e-24
4.65261013431  2.00300283195e-24
4.83463096161  2.45820424945e-24
5.02377286302  3.14520408554e-24
5.22031443137  4.65205863719e-24
5.42454515866  6.29245834858e-24
5.63676586253  7.99703427588e-24
5.85728912925  9.76829714052e-24
6.08643977422  1.20595261971e-23
6.32455532034  1.51500141368e-23
6.5719864952  1.83701676064e-23
6.82909774767  2.17163008983e-23
7.09626778467  2.52666157113e-23
7.37389012904  2.90781995104e-23
7.66237369911  3.30408154898e-23
7.96214341107  3.71424938956e-23
8.27364080478  4.12436243368e-23
8.59732469416  4.54633483736e-23
8.93367184302  4.98327675342e-23
9.28317766723  5.41483871637e-23
9.64635696448  5.85585070448e-23
10.0237446725  6.30917401172e-23
10.4158966572  6.75734144403e-23
10.8233905309  7.22004734033e-23
11.2468265038  7.68231806172e-23
11.6868282675  8.14916913223e-23
12.1440439138  8.61511785044e-23
12.6191468896  9.06190932727e-23
13.1128369884  9.50199882869e-23
13.6258413812  9.89872875414e-23
14.1589156877  1.0279139546e-22
14.7128450892  1.06151981825e-22
15.2884454851  1.0928593012e-22
15.8865646945  1.12183217513e-22
16.5080837054  1.14893443616e-22
17.1539179718  1.17541197036e-22
17.8250187627  1.2010469831e-22
18.5223745626  1.23622571562e-22
19.247012528  1.27603241079e-22
20  1.31739643559e-22

