1.9247012528 20 62
62
1.9247012528  0
2  9.99738161329e-45
2.07824460767  7.90497725801e-44
2.15955032466  1.60386989471e-43
2.2440369086  2.44906305675e-43
2.33182880236  3.32732212247e-43
2.42305531726  4.23994070621e-43
2.51785082359  5.18826303146e-43
2.61635494852  6.17368591086e-43
2.71871278176  7.19766080355e-43
2.82507508925  8.26169595312e-43
2.93559853524  9.36735860909e-43
3.05044591308  8.75344793923e-29
3.16978638492  2.88792086393e-28
3.29379573097  4.98287801601e-28
3.42265660832  7.15979471832e-28
3.55655882008  9.42187741728e-28
3.69569959484  1.17724580029e-27
3.84028387728  1.42149987164e-27
3.99052462994  3.06527288935e-27
4.14664314697  1.53136322082e-26
4.30886938006  3.02288619003e-26
4.47744227714  4.68506492409e-26
4.65261013431  7.32140931198e-26
4.83463096161  1.02602697424e-25
5.02377286302  1.34724518244e-25
5.22031443137  1.74214483619e-25
5.42454515866  2.21340130321e-25
5.63676586253  2.84806290426e-25
5.85728912925  3.51531740863e-25
6.08643977422  5.3112352629e-25
6.32455532034  8.91349106981e-25
6.5719864952  1.26781030275e-24
6.82909774767  1.6589995278e-24
7.09626778467  2.28761913671e-24
7.37389012904  3.31180203801e-24
7.66237369911  4.56037381215e-24
7.96214341107  6.29790966583e-24
8.27364080478  8.50969877041e-24
8.59732469416  1.13257983658e-23
8.93367184302  1.47885077057e-23
9.28317766723  1.9206612435e-23
9.64635696448  2.40685607039e-23
10.0237446725  2.92764703608e-23
10.4158966572  3.54131000188e-23
10.8233905309  4.18855444643e-23
11.2468265038  4.86198744893e-23
11.6868282675  5.5623961085e-23
12.1440439138  6.27267253861e-23
12.6191468896  6.97757780118e-23
13.1128369884  7.69727961969e-23
13.6258413812  8.42959322102e-23
14.1589156877  9.18046324556e-23
14.7128450892  9.94035049669e-23
15.2884454851  1.06701122437e-22
15.8865646945  1.12408962947e-22
16.5080837054  1.16490446354e-22
17.1539179718  1.19284574894e-22
17.8250187627  1.21565004754e-22
18.5223745626  1.26567995042e-22
19.247012528  1.32710509529e-22
20  1.39093333333e-22

