0.964635696448 20 80
80
0.964635696448  0
1.00237446725  1.72883192649e-31
1.04158966572  1.15321553434e-30
1.08233905309  2.27267905433e-30
1.12468265038  3.43593856627e-30
1.16868282675  4.64470747028e-30
1.21440439138  5.90076619863e-30
1.26191468896  7.20596483817e-30
1.31128369884  8.56222585545e-30
1.36258413812  9.97154692834e-30
1.41589156877  1.14360038884e-29
1.47128450892  1.29577537787e-29
1.52884454851  1.45390380305e-29
1.58865646945  1.61821857653e-29
1.65080837054  1.78896172249e-29
1.71539179718  1.9663847337e-29
1.78250187627  2.15074894185e-29
1.85223745626  2.34232590257e-29
1.9247012528  2.54139779536e-29
2  1.27704103936e-28
2.07824460767  8.22088483156e-28
2.15955032466  1.63970960254e-27
2.2440369086  2.48931794378e-27
2.33182880236  3.37216492069e-27
2.42305531726  4.28955090527e-27
2.51785082359  5.24282714307e-27
2.61635494852  6.23339774348e-27
2.71871278176  7.26272174789e-27
2.82507508925  8.33231527875e-27
2.93559853524  9.44375377271e-27
3.05044591308  2.42465815958e-26
3.16978638492  5.68256936594e-26
3.29379573097  9.0736198262e-26
3.42265660832  1.25973359929e-25
3.55655882008  1.62589080541e-25
3.69569959484  2.00637292499e-25
3.84028387728  2.40174038167e-25
3.99052462994  3.06918444017e-25
4.14664314697  5.70864046244e-25
4.30886938006  8.85523916231e-25
4.47744227714  1.21249400526e-24
4.65261013431  1.55225591745e-24
4.83463096161  1.9053100984e-24
5.02377286302  2.42038836791e-24
5.22031443137  3.50484292482e-24
5.42454515866  4.68338816263e-24
5.63676586253  5.90804080533e-24
5.85728912925  7.18060468081e-24
6.08643977422  8.87608594949e-24
6.32455532034  1.1225427698e-23
6.5719864952  1.36739327121e-23
6.82909774767  1.62182288833e-23
7.09626778467  1.91857218551e-23
7.37389012904  2.28098474671e-23
7.66237369911  2.65842127089e-23
7.96214341107  3.05505804862e-23
8.27364080478  3.51193410232e-23
8.59732469416  3.99830861244e-23
8.93367184302  4.50400605264e-23
9.28317766723  5.03379303621e-23
9.64635696448  5.5857306175e-23
10.0237446725  6.15211778304e-23
10.4158966572  6.70757587197e-23
10.8233905309  7.28030525388e-23
11.2468265038  7.82729179349e-23
11.6868282675  8.36060006753e-23
12.1440439138  8.87754841903e-23
12.6191468896  9.34211194572e-23
13.1128369884  9.79460615639e-23
13.6258413812  1.01907996789e-22
14.1589156877  1.05753709907e-22
14.7128450892  1.09269486313e-22
15.2884454851  1.1269499242e-22
15.8865646945  1.16026271444e-22
16.5080837054  1.19257069616e-22
17.1539179718  1.22440327605e-22
17.8250187627  1.25483569814e-22
18.5223745626  1.28978917285e-22
19.247012528  1.32751986398e-22
20  1.36672666667e-22

