0.964635696448 20000 260
260
0.964635696448  0
1.00237446725  5.46115779177e-36
1.04158966572  3.64311513799e-35
1.08233905309  7.17969274266e-35
1.12468265038  1.08546294109e-34
1.16868282675  1.4673338068e-34
1.21440439138  1.86414434055e-34
1.26191468896  2.27647901657e-34
1.31128369884  2.70494517506e-34
1.36258413812  3.15017391679e-34
1.41589156877  3.61282103263e-34
1.47128450892  4.0935679695e-34
1.52884454851  4.59312283411e-34
1.58865646945  5.11222143591e-34
1.65080837054  5.65162837093e-34
1.71539179718  6.21213814795e-34
1.78250187627  6.79457635877e-34
1.85223745626  7.39980089424e-34
1.9247012528  8.02870320788e-34
2  5.08211667055e-32
2.07824460767  3.95916449461e-31
2.15955032466  8.02396785478e-31
2.2440369086  1.2247795687e-30
2.33182880236  1.66368693951e-30
2.42305531726  2.11976537783e-30
2.51785082359  2.59368665539e-30
2.61635494852  3.08614882517e-30
2.71871278176  3.59787724957e-30
2.82507508925  4.12962566888e-30
2.93559853524  4.68217731141e-30
3.05044591308  4.4307421191e-29
3.16978638492  1.34689540561e-28
3.29379573097  2.28770204548e-28
3.42265660832  3.26531520856e-28
3.55655882008  4.28117485084e-28
3.69569959484  5.3367772627e-28
3.84028387728  6.43367727284e-28
3.99052462994  1.06615066458e-27
4.14664314697  3.84715810083e-27
4.30886938006  7.2229929897e-27
4.47744227714  1.07308983168e-26
4.65261013431  1.43760409819e-26
4.83463096161  1.81637900259e-26
5.02377286302  2.95797152761e-26
5.22031443137  6.91606973864e-26
5.42454515866  1.12897586808e-25
5.63676586253  1.58345564106e-25
5.85728912925  2.05571570981e-25
6.08643977422  3.40150949406e-25
6.32455532034  6.146318866e-25
6.5719864952  9.0151290673e-25
6.82909774767  1.19961737329e-24
7.09626778467  1.78005203616e-24
7.37389012904  2.83523346868e-24
7.66237369911  3.93876715503e-24
7.96214341107  5.1815443301e-24
8.27364080478  7.44190946139e-24
8.59732469416  1.00425656e-23
8.93367184302  1.28039135163e-23
9.28317766723  1.65341040213e-23
9.64635696448  2.06949554522e-23
10.0237446725  2.51152094452e-23
10.4158966572  3.01559240402e-23
10.8233905309  3.54511620716e-23
11.2468265038  4.11144445162e-23
11.6868282675  4.7116493355e-23
12.1440439138  5.33855916083e-23
12.6191468896  5.99628294955e-23
13.1128369884  6.67418801353e-23
13.6258413812  7.36369705469e-23
14.1589156877  8.06143165647e-23
14.7128450892  8.74934105801e-23
15.2884454851  9.42063614273e-23
15.8865646945  1.00710951318e-22
16.5080837054  1.06773056862e-22
17.1539179718  1.12605544787e-22
17.8250187627  1.18033418323e-22
18.5223745626  1.24063727704e-22
19.247012528  1.30516707336e-22
20  1.37222142397e-22
20.7824460767  1.44189909525e-22
21.5955032466  1.51430271757e-22
22.440369086  1.5895389364e-22
23.3182880236  1.66771856943e-22
24.2305531726  1.73544036198e-22
25.1785082359  1.7647582452e-22
26.1635494852  1.79735631283e-22
27.1871278176  1.82599637155e-22
28.2507508925  1.83144908198e-22
29.3559853524  1.83711511501e-22
30.5044591308  1.84106321738e-22
31.6978638492  1.84259272781e-22
32.9379573097  1.84418207622e-22
34.2265660832  1.85169653038e-22
35.5655882008  1.85277674241e-22
36.9569959484  1.84390061178e-22
38.4028387728  1.83467722648e-22
39.9052462994  1.8250930011e-22
41.4664314697  1.81282672567e-22
43.0886938006  1.79992566003e-22
44.7744227714  1.78651987497e-22
46.5261013431  1.77540369164e-22
48.3463096161  1.76428484568e-22
50.2377286302  1.75275058971e-22
52.2031443137  1.74090665333e-22
54.2454515866  1.72859935487e-22
56.3676586253  1.71694275096e-22
58.5728912925  1.70547918639e-22
60.8643977422  1.69218686323e-22
63.2455532034  1.676006542e-22
65.719864952  1.66251171134e-22
68.2909774767  1.65689316171e-22
70.9626778467  1.65116809938e-22
73.7389012904  1.64542806375e-22
76.6237369911  1.63946346471e-22
79.6214341107  1.63326551681e-22
82.7364080478  1.62447930688e-22
85.9732469416  1.61501213863e-22
89.3367184302  1.60517459295e-22
92.8317766723  1.60030716644e-22
96.4635696448  1.59655267379e-22
100.237446725  1.592770538e-22
104.158966572  1.59068584341e-22
108.233905309  1.58851959077e-22
112.468265038  1.58626858934e-22
116.868282675  1.58392952354e-22
121.440439138  1.58222230947e-22
126.191468896  1.58208252189e-22
131.128369884  1.58193726549e-22
136.258413812  1.58178632632e-22
141.589156877  1.58167623917e-22
147.128450892  1.58167623917e-22
152.884454851  1.58159137105e-22
158.865646945  1.5814153889e-22
165.080837054  1.5813820133e-22
171.539179718  1.5813820133e-22
178.250187627  1.5813820133e-22
185.223745626  1.58145886136e-22
192.47012528  1.58156546498e-22
200  1.58167623917e-22
207.824460767  1.58089037984e-22
215.955032466  1.58007377588e-22
224.40369086  1.57922522449e-22
233.182880236  1.57834347582e-22
242.305531726  1.5774272311e-22
251.785082359  1.57631686254e-22
261.635494852  1.57445411582e-22
271.871278176  1.57251849415e-22
282.507508925  1.57050714651e-22
293.559853524  1.56841711031e-22
305.044591308  1.568260072e-22
316.978638492  1.57076965517e-22
329.379573097  1.57337741901e-22
342.265660832  1.57608720458e-22
355.655882008  1.57993261129e-22
369.569959484  1.58539151697e-22
384.028387728  1.59106398761e-22
399.052462994  1.59695837837e-22
414.664314697  1.60118478128e-22
430.886938006  1.60544905367e-22
447.744227714  1.60988015423e-22
465.261013431  1.61448460964e-22
483.463096161  1.61926920197e-22
502.377286302  1.6250067125e-22
522.031443137  1.63650368319e-22
542.454515866  1.64845044187e-22
563.676586253  1.66086458527e-22
585.728912925  1.67376439855e-22
608.643977422  1.68382337236e-22
632.455532034  1.68853639811e-22
657.19864952  1.69343380829e-22
682.909774767  1.69852281643e-22
709.626778467  1.70290068992e-22
737.389012904  1.70577070773e-22
766.237369911  1.70875300725e-22
796.214341107  1.7118519812e-22
827.364080478  1.71483065754e-22
859.732469416  1.71789114411e-22
893.367184302  1.72107136397e-22
928.317766723  1.72454263775e-22
964.635696448  1.72819027366e-22
1002.37446725  1.73187963144e-22
1041.58966572  1.73415050242e-22
1082.33905309  1.73651021511e-22
1124.68265038  1.73896224519e-22
1168.68282675  1.74151020435e-22
1214.40439138  1.74415784553e-22
1261.91468896  1.74690906854e-22
1311.28369884  1.74976792573e-22
1362.58413812  1.75273862799e-22
1415.89156877  1.75582555098e-22
1471.28450892  1.7590332415e-22
1528.84454851  1.76069609616e-22
1588.65646945  1.76069609616e-22
1650.80837054  1.76069609616e-22
1715.39179718  1.76069609616e-22
1782.50187627  1.76069609616e-22
1852.23745626  1.76069609616e-22
1924.7012528  1.76069609616e-22
2000  1.76069609616e-22
2078.24460767  1.75833851816e-22
2159.55032466  1.75588870628e-22
2244.0369086  1.75334305211e-22
2331.82880236  1.75069780609e-22
2423.05531726  1.74794907195e-22
2517.85082359  1.74509280099e-22
2616.35494852  1.74212478614e-22
2718.71278176  1.7390406557e-22
2825.07508925  1.73583586698e-22
2935.59853524  1.73250569954e-22
3050.44591308  1.73025252762e-22
3169.78638492  1.72951277006e-22
3293.79573097  1.72874407147e-22
3422.65660832  1.72794529963e-22
3556.55882008  1.72711527799e-22
3695.69959484  1.72625278399e-22
3840.28387728  1.72535654723e-22
3990.52462994  1.72442524764e-22
4146.64314697  1.72345751345e-22
4308.86938006  1.72245191928e-22
4477.44227714  1.72140698394e-22
4652.61013431  1.72032116833e-22
4834.63096161  1.71919287311e-22
5023.77286302  1.71811160345e-22
5220.31443137  1.71764701991e-22
5424.54515866  1.71716426079e-22
5636.76586253  1.71666261502e-22
5857.28912925  1.71614134371e-22
6086.43977422  1.71559967907e-22
6324.55532034  1.71503682326e-22
6571.9864952  1.71445194723e-22
6829.09774767  1.71384418951e-22
7096.26778467  1.71268168835e-22
7373.89012904  1.71049421603e-22
7662.37369911  1.70822116475e-22
7962.14341107  1.70585918647e-22
8273.64080478  1.70340480216e-22
8597.32469416  1.70085439669e-22
8933.67184302  1.69820421347e-22
9283.17766723  1.69545034898e-22
9646.35696448  1.69258874697e-22
10023.7446725  1.68976860762e-22
10415.8966572  1.689212428e-22
10823.3905309  1.68863448935e-22
11246.8265038  1.68803394041e-22
11686.8282675  1.68740989661e-22
12144.0439138  1.68676143878e-22
12619.1468896  1.68608761179e-22
13112.8369884  1.68538742313e-22
13625.8413812  1.68465984148e-22
14158.9156877  1.68390379516e-22
14712.8450892  1.68311817057e-22
15288.4454851  1.68230181053e-22
15886.5646945  1.6814535126e-22
16508.0837054  1.68057202731e-22
17153.9179718  1.67965605628e-22
17825.0187627  1.67870425035e-22
18522.3745626  1.67771520759e-22
19247.012528  1.67668747119e-22
20000  1.67561952737e-22

