1.41589156877 20 70
70
1.41589156877  0
1.47128450892  9.55027846164e-28
1.52884454851  5.02073263236e-27
1.58865646945  9.47894474181e-27
1.65080837054  1.411157238e-26
1.71539179718  1.89254390841e-26
1.78250187627  2.39276353441e-26
1.85223745626  2.91255290461e-26
1.9247012528  3.45267763247e-26
2  4.25335533433e-26
2.07824460767  6.49026810474e-26
2.15955032466  9.04420037643e-26
2.2440369086  1.16980483624e-25
2.33182880236  1.44557209957e-25
2.42305531726  1.73212801356e-25
2.51785082359  2.02989465508e-25
2.61635494852  2.34602234136e-25
2.71871278176  2.85028051389e-25
2.82507508925  3.45211832472e-25
2.93559853524  4.07750141724e-25
3.05044591308  7.72011427564e-25
3.16978638492  1.5276291845e-24
3.29379573097  2.31405447619e-24
3.42265660832  3.13124653708e-24
3.55655882008  3.98040903408e-24
3.69569959484  4.86279272428e-24
3.84028387728  5.77969729731e-24
3.99052462994  6.87387638461e-24
4.14664314697  9.08314101617e-24
4.30886938006  1.16013938729e-23
4.47744227714  1.42181665829e-23
4.65261013431  1.69373134701e-23
4.83463096161  1.97628396479e-23
5.02377286302  2.28884041413e-23
5.22031443137  2.6838463667e-23
5.42454515866  3.10091143975e-23
5.63676586253  3.53418726009e-23
5.85728912925  3.98407773909e-23
6.08643977422  4.44410248594e-23
6.32455532034  4.91040717683e-23
6.5719864952  5.39481016048e-23
6.82909774767  5.89816410484e-23
7.09626778467  6.33561813618e-23
7.37389012904  6.647239735e-23
7.66237369911  6.96881661174e-23
7.96214341107  7.29343728215e-23
8.27364080478  7.53456748065e-23
8.59732469416  7.76012882448e-23
8.93367184302  7.99167403388e-23
9.28317766723  8.1907966821e-23
9.64635696448  8.37602560967e-23
10.0237446725  8.54827933669e-23
10.4158966572  8.70612548906e-23
10.8233905309  8.85768991513e-23
11.2468265038  8.98012901382e-23
11.6868282675  9.09651583391e-23
12.1440439138  9.21319403544e-23
12.6191468896  9.3241133899e-23
13.1128369884  9.43481404909e-23
13.6258413812  9.53716178827e-23
14.1589156877  9.63837635319e-23
14.7128450892  9.73045602894e-23
15.2884454851  9.8144399452e-23
15.8865646945  9.89380572738e-23
16.5080837054  9.96280775255e-23
17.1539179718  1.00186137867e-22
17.8250187627  1.00629824321e-22
18.5223745626  1.0134932669e-22
19.247012528  1.02183764482e-22
20  1.03050847403e-22

