0.964635696448 20000 260
260
0.964635696448  0
1.00237446725  1.12920804229e-33
1.04158966572  7.53289882782e-33
1.08233905309  1.48455091307e-32
1.12468265038  2.24442055957e-32
1.16868282675  3.03401805725e-32
1.21440439138  3.85450642814e-32
1.26191468896  4.70709419438e-32
1.31128369884  5.59303715824e-32
1.36258413812  6.51364025193e-32
1.41589156877  7.47025945955e-32
1.47128450892  8.46430381447e-32
1.52884454851  9.49723747467e-32
1.58865646945  1.05705818794e-31
1.65080837054  1.168591799e-31
1.71539179718  1.28448886188e-31
1.78250187627  1.40492008487e-31
1.85223745626  1.53006285475e-31
1.9247012528  1.66010149811e-31
2  2.64245516223e-30
2.07824460767  1.96680878535e-29
2.15955032466  3.97207319039e-29
2.2440369086  6.05578815875e-29
2.33182880236  8.22102285721e-29
2.42305531726  1.04709665254e-28
2.51785082359  1.28089331734e-28
2.61635494852  1.5238366463e-28
2.71871278176  1.77628447799e-28
2.82507508925  2.03860865045e-28
2.93559853524  2.31119554889e-28
3.05044591308  9.76768790619e-28
3.16978638492  2.65546000178e-27
3.29379573097  4.40281203621e-27
3.42265660832  6.21852450784e-27
3.55655882008  8.10527183445e-27
3.69569959484  1.00658330632e-26
3.84028387728  1.21030959641e-26
3.99052462994  1.678970904e-26
4.14664314697  4.11456586762e-26
4.30886938006  7.049888088e-26
4.47744227714  1.01000468761e-25
4.65261013431  1.32695349031e-25
4.83463096161  1.65630206037e-25
5.02377286302  2.32479523642e-25
5.22031443137  4.22845502046e-25
5.42454515866  6.32031941446e-25
5.63676586253  8.49402236288e-25
5.85728912925  1.07527655785e-24
6.08643977422  1.53304465753e-24
6.32455532034  2.35994499004e-24
6.5719864952  3.2235305558e-24
6.82909774767  4.12090157846e-24
7.09626778467  5.5242525183e-24
7.37389012904  7.76890464041e-24
7.66237369911  1.01136741566e-23
7.96214341107  1.26667379444e-23
8.27364080478  1.64953207781e-23
8.59732469416  2.07792658181e-23
8.93367184302  2.52724770957e-23
9.28317766723  3.05499523545e-23
9.64635696448  3.62351587229e-23
10.0237446725  4.20935320902e-23
10.4158966572  4.79529742831e-23
10.8233905309  5.40101377816e-23
11.2468265038  5.98468600943e-23
11.6868282675  6.55786961824e-23
12.1440439138  7.12736068571e-23
12.6191468896  7.66818842002e-23
13.1128369884  8.21203985989e-23
13.6258413812  8.73329931352e-23
14.1589156877  9.2577134863e-23
14.7128450892  9.77176983212e-23
15.2884454851  1.02816532929e-22
15.8865646945  1.07851441333e-22
16.5080837054  1.12642345082e-22
17.1539179718  1.1728034829e-22
17.8250187627  1.21578147204e-22
18.5223745626  1.26647474086e-22
19.247012528  1.32158479314e-22
20  1.37885087764e-22
20.7824460767  1.43835734328e-22
21.5955032466  1.50019183896e-22
22.440369086  1.56444544256e-22
23.3182880236  1.63121279517e-22
24.2305531726  1.69085364424e-22
25.1785082359  1.71952578185e-22
26.1635494852  1.73418110423e-22
27.1871278176  1.74490414104e-22
28.2507508925  1.73511883715e-22
29.3559853524  1.72495070964e-22
30.5044591308  1.71786553945e-22
31.6978638492  1.71512071656e-22
32.9379573097  1.71226850988e-22
34.2265660832  1.70312096947e-22
35.5655882008  1.69191654695e-22
36.9569959484  1.67832137188e-22
38.4028387728  1.66419432225e-22
39.9052462994  1.64951458988e-22
41.4664314697  1.63777848698e-22
43.0886938006  1.62581944554e-22
44.7744227714  1.61339253886e-22
46.5261013431  1.60104230471e-22
48.3463096161  1.58829535091e-22
50.2377286302  1.57524996234e-22
52.2031443137  1.5631417251e-22
54.2454515866  1.55055978572e-22
56.3676586253  1.53642115871e-22
58.5728912925  1.52111915329e-22
60.8643977422  1.50708412717e-22
63.2455532034  1.49570064785e-22
65.719864952  1.48453555444e-22
68.2909774767  1.47461458756e-22
70.9626778467  1.46546396213e-22
73.7389012904  1.45809241543e-22
76.6237369911  1.45043247684e-22
79.6214341107  1.44247286381e-22
82.7364080478  1.43550836928e-22
85.9732469416  1.42845922789e-22
89.3367184302  1.42113430784e-22
92.8317766723  1.41593029574e-22
96.4635696448  1.41110865007e-22
100.237446725  1.40622027269e-22
104.158966572  1.40302723857e-22
108.233905309  1.39970928561e-22
112.468265038  1.39626152668e-22
116.868282675  1.39267888348e-22
121.440439138  1.38969558242e-22
126.191468896  1.38826625239e-22
131.128369884  1.38678100367e-22
136.258413812  1.3852376486e-22
141.589156877  1.384112006e-22
147.128450892  1.384112006e-22
152.884454851  1.38324422824e-22
158.865646945  1.38144480834e-22
165.080837054  1.38110354235e-22
171.539179718  1.38110354235e-22
178.250187627  1.38110354235e-22
185.223745626  1.38188931479e-22
192.47012528  1.38297933828e-22
200  1.384112006e-22
207.824460767  1.38330860999e-22
215.955032466  1.38247378327e-22
224.40369086  1.38160629621e-22
233.182880236  1.38070487106e-22
242.305531726  1.37976818008e-22
251.785082359  1.37882637003e-22
261.635494852  1.37798892304e-22
271.871278176  1.37711871319e-22
282.507508925  1.37621445873e-22
293.559853524  1.37527482774e-22
305.044591308  1.37624888842e-22
316.978638492  1.37984850521e-22
329.379573097  1.3835889473e-22
342.265660832  1.3874757241e-22
355.655882008  1.39158703115e-22
369.569959484  1.39596216161e-22
384.028387728  1.40050845725e-22
399.052462994  1.40523261446e-22
414.664314697  1.41105947713e-22
430.886938006  1.41717592974e-22
447.744227714  1.42353167207e-22
465.261013431  1.43013606567e-22
483.463096161  1.43699883837e-22
502.377286302  1.4442692289e-22
522.031443137  1.45282973716e-22
542.454515866  1.46172515223e-22
563.676586253  1.47096857642e-22
585.728912925  1.48057362467e-22
608.643977422  1.48830453142e-22
632.455532034  1.4924779909e-22
657.19864952  1.49681472572e-22
682.909774767  1.5013211236e-22
709.626778467  1.50559460494e-22
737.389012904  1.50928037829e-22
766.237369911  1.51311034758e-22
796.214341107  1.5170901541e-22
827.364080478  1.51875594457e-22
859.732469416  1.52013186715e-22
893.367184302  1.521561619e-22
928.317766723  1.52475116546e-22
964.635696448  1.52848019942e-22
1002.37446725  1.53220045205e-22
1041.58966572  1.53367254301e-22
1082.33905309  1.53520222555e-22
1124.68265038  1.5367917528e-22
1168.68282675  1.53844346602e-22
1214.40439138  1.54015979806e-22
1261.91468896  1.54194327697e-22
1311.28369884  1.54379652968e-22
1362.58413812  1.54572228591e-22
1415.89156877  1.54772338216e-22
1471.28450892  1.5498027659e-22
1528.84454851  1.55088071058e-22
1588.65646945  1.55088071058e-22
1650.80837054  1.55088071058e-22
1715.39179718  1.55088071058e-22
1782.50187627  1.55088071058e-22
1852.23745626  1.55088071058e-22
1924.7012528  1.55088071058e-22
2000  1.55088071058e-22
2078.24460767  1.54847052255e-22
2159.55032466  1.54596604241e-22
2244.0369086  1.54336358123e-22
2331.82880236  1.54065930578e-22
2423.05531726  1.53784923284e-22
2517.85082359  1.53492922337e-22
2616.35494852  1.5318949764e-22
2718.71278176  1.52874202271e-22
2825.07508925  1.5254657182e-22
2935.59853524  1.52206123711e-22
3050.44591308  1.51921142106e-22
3169.78638492  1.51716261616e-22
3293.79573097  1.51503365728e-22
3422.65660832  1.51282140863e-22
3556.55882008  1.51052261172e-22
3695.69959484  1.50813388058e-22
3840.28387728  1.50565169677e-22
3990.52462994  1.50307240421e-22
4146.64314697  1.50039220378e-22
4308.86938006  1.49760714774e-22
4477.44227714  1.49471313389e-22
4652.61013431  1.49170589955e-22
4834.63096161  1.48858101527e-22
5023.77286302  1.48571674085e-22
5220.31443137  1.48550787504e-22
5424.54515866  1.48529083793e-22
5636.76586253  1.48506530982e-22
5857.28912925  1.48483095854e-22
6086.43977422  1.48458743889e-22
6324.55532034  1.48433439219e-22
6571.9864952  1.48407144572e-22
6829.09774767  1.48379821219e-22
7096.26778467  1.48327557908e-22
7373.89012904  1.48229214312e-22
7662.37369911  1.48127023287e-22
7962.14341107  1.48020834315e-22
8273.64080478  1.47910490985e-22
8597.32469416  1.4779583077e-22
8933.67184302  1.47676684783e-22
9283.17766723  1.4755287753e-22
9646.35696448  1.47424226653e-22
10023.7446725  1.47297439839e-22
10415.8966572  1.47272435315e-22
10823.3905309  1.47246452556e-22
11246.8265038  1.47219453293e-22
11686.8282675  1.47191397755e-22
12144.0439138  1.47162244621e-22
12619.1468896  1.47131950948e-22
13112.8369884  1.47100472118e-22
13625.8413812  1.47067761763e-22
14158.9156877  1.47033771703e-22
14712.8450892  1.46998451874e-22
15288.4454851  1.46961750252e-22
15886.5646945  1.46923612778e-22
16508.0837054  1.46883983278e-22
17153.9179718  1.46842803381e-22
17825.0187627  1.46800012432e-22
18522.3745626  1.46755547402e-22
19247.012528  1.46709342797e-22
20000  1.46661330562e-22

