0.964635696448 20 80
80
0.964635696448  0
1.00237446725  8.73780218878e-36
1.04158966572  5.82895068052e-35
1.08233905309  1.14874422885e-34
1.12468265038  1.73673071245e-34
1.16868282675  2.3477205819e-34
1.21440439138  2.98261378268e-34
1.26191468896  3.64234546815e-34
1.31128369884  4.32788737707e-34
1.36258413812  5.04024926485e-34
1.41589156877  5.78048039084e-34
1.47128450892  6.54967106384e-34
1.52884454851  7.34895424807e-34
1.58865646945  8.17950723188e-34
1.65080837054  9.04255336187e-34
1.71539179718  9.93936384478e-34
1.78250187627  1.08712596199e-33
1.85223745626  1.18396133047e-33
1.9247012528  1.28458512165e-33
2  7.26249269798e-32
2.07824460767  5.64762513283e-31
2.15955032466  1.14443918772e-30
2.2440369086  1.74679414914e-30
2.33182880236  2.37271462438e-30
2.42305531726  3.02312255063e-30
2.51785082359  3.69897593339e-30
2.61635494852  4.40127025753e-30
2.71871278176  5.13103995361e-30
2.82507508925  5.88935992146e-30
2.93559853524  6.6773471135e-30
3.05044591308  5.95267431958e-29
3.16978638492  1.80005312594e-28
3.29379573097  3.05413908821e-28
3.42265660832  4.35728778254e-28
3.55655882008  5.71141865603e-28
3.69569959484  7.11852624898e-28
3.84028387728  8.58068313272e-28
3.99052462994  1.40186455319e-27
4.14664314697  4.93846452622e-27
4.30886938006  9.23017986913e-27
4.47744227714  1.36897970036e-26
4.65261013431  1.83238846347e-26
4.83463096161  2.313926845e-26
5.02377286302  3.72593343363e-26
5.22031443137  8.57138597267e-26
5.42454515866  1.39241835388e-25
5.63676586253  1.94863948777e-25
5.85728912925  2.52662127385e-25
6.08643977422  4.12781882346e-25
6.32455532034  7.36719909843e-25
6.5719864952  1.07527575592e-24
6.82909774767  1.42707668667e-24
7.09626778467  2.09279103201e-24
7.37389012904  3.28582683697e-24
7.66237369911  4.53337829908e-24
7.96214341107  5.92834598149e-24
8.27364080478  8.37245817178e-24
8.59732469416  1.11707047467e-23
8.93367184302  1.41337991945e-23
9.28317766723  1.80214368987e-23
9.64635696448  2.23286318563e-23
10.0237446725  2.68910720314e-23
10.4158966572  3.20337606976e-23
10.8233905309  3.74291288383e-23
11.2468265038  4.31848024324e-23
11.6868282675  4.92743651699e-23
12.1440439138  5.56203562662e-23
12.6191468896  6.22500995959e-23
13.1128369884  6.90658774325e-23
13.6258413812  7.59544482276e-23
14.1589156877  8.29041975683e-23
14.7128450892  8.97164257351e-23
15.2884454851  9.63408560776e-23
15.8865646945  1.02735495207e-22
16.5080837054  1.08680383842e-22
17.1539179718  1.14396855915e-22
17.8250187627  1.19722052157e-22
18.5223745626  1.25566330273e-22
19.247012528  1.31798090589e-22
20  1.38273651726e-22

