0.964635696448 20 80
80
0.964635696448  0
1.00237446725  8.32509965778e-30
1.04158966572  5.53515172075e-29
1.08233905309  1.09020679727e-28
1.12468265038  1.64789503529e-28
1.16868282675  2.227401322e-28
1.21440439138  2.82957922973e-28
1.26191468896  3.45531572454e-28
1.31128369884  4.10553247261e-28
1.36258413812  4.78118719786e-28
1.41589156877  5.48327509256e-28
1.47128450892  6.2128302832e-28
1.52884454851  6.97092735367e-28
1.58865646945  7.75868292806e-28
1.65080837054  8.57725731539e-28
1.71539179718  9.42785621861e-28
1.78250187627  1.03117325106e-27
1.85223745626  1.12301880794e-27
1.9247012528  1.2184575746e-27
2  1.52645788818e-27
2.07824460767  3.07189359969e-27
2.15955032466  4.87796941995e-27
2.2440369086  6.75470308719e-27
2.33182880236  8.70485889919e-27
2.42305531726  1.07313092994e-26
2.51785082359  1.28370391078e-26
2.61635494852  1.50251499177e-26
2.71871278176  1.72988646634e-26
2.82507508925  1.96615323683e-26
2.93559853524  2.2116633077e-26
3.05044591308  2.82591904388e-26
3.16978638492  3.91674427946e-26
3.29379573097  5.05174038215e-26
3.42265660832  6.23114014722e-26
3.55655882008  7.45668074824e-26
3.69569959484  8.73016732102e-26
3.84028387728  1.00534756224e-25
3.99052462994  1.20016278052e-25
4.14664314697  1.83716861185e-25
4.30886938006  2.58929250144e-25
4.47744227714  3.37084121036e-25
4.65261013431  4.18296590532e-25
4.83463096161  5.02686278936e-25
5.02377286302  6.70182953655e-25
5.22031443137  1.13996587469e-24
5.42454515866  1.65594672704e-24
5.63676586253  2.19211393907e-24
5.85728912925  2.74925724768e-24
6.08643977422  3.86105607039e-24
6.32455532034  5.85538485824e-24
6.5719864952  7.93809219081e-24
6.82909774767  1.01022798325e-23
7.09626778467  1.44871096856e-23
7.37389012904  2.2610749174e-23
7.66237369911  3.11080059484e-23
7.96214341107  3.97757967345e-23
8.27364080478  4.71497882762e-23
8.59732469416  5.43878326357e-23
8.93367184302  6.17397127307e-23
9.28317766723  6.69064623914e-23
9.64635696448  7.14574450705e-23
10.0237446725  7.5930785248e-23
10.4158966572  7.9394830774e-23
10.8233905309  8.28424409304e-23
11.2468265038  8.59545506254e-23
11.6868282675  8.88457338939e-23
12.1440439138  9.17584652969e-23
12.6191468896  9.46065504387e-23
13.1128369884  9.75121496955e-23
13.6258413812  1.00402863332e-22
14.1589156877  1.03300157696e-22
14.7128450892  1.0610465247e-22
15.2884454851  1.08808858439e-22
15.8865646945  1.11395613062e-22
16.5080837054  1.13791689458e-22
17.1539179718  1.16084957787e-22
17.8250187627  1.18198446191e-22
18.5223745626  1.21022359618e-22
19.247012528  1.24191223159e-22
20  1.27484059942e-22

