0.964635696448 20 80
80
0.964635696448  0
1.00237446725  9.75449345341e-33
1.04158966572  6.50711981298e-32
1.08233905309  1.28239273392e-31
1.12468265038  1.93878629286e-31
1.16868282675  2.62085948006e-31
1.21440439138  3.32961694172e-31
1.26191468896  4.06610262815e-31
1.31128369884  4.83140133137e-31
1.36258413812  5.62664028298e-31
1.41589156877  6.45299081448e-31
1.47128450892  7.31167008254e-31
1.52884454851  8.20394286183e-31
1.58865646945  9.13112340789e-31
1.65080837054  1.0094577393e-30
1.71539179718  1.10957239176e-30
1.78250187627  1.21360376008e-30
1.85223745626  1.32170507519e-30
1.9247012528  1.4340355628e-30
2  1.43280230224e-29
2.07824460767  1.02702474273e-28
2.15955032466  2.06782426168e-28
2.2440369086  3.14934225564e-28
2.33182880236  4.27317172516e-28
2.42305531726  5.44096799265e-28
2.51785082359  6.65445114053e-28
2.61635494852  7.91540854482e-28
2.71871278176  9.2256975078e-28
2.82507508925  1.05872479937e-27
2.93559853524  1.20020654714e-27
3.05044591308  4.04549248163e-27
3.16978638492  1.04020698445e-26
3.29379573097  1.7018565314e-26
3.42265660832  2.38939133295e-26
3.55655882008  3.10382407991e-26
3.69569959484  3.84620708187e-26
3.84028387728  4.61763381719e-26
3.99052462994  6.13339986046e-26
4.14664314697  1.31240325682e-25
4.30886938006  2.15121822602e-25
4.47744227714  3.02284956931e-25
4.65261013431  3.92858113885e-25
4.83463096161  4.86974701404e-25
5.02377286302  6.49188862108e-25
5.22031443137  1.05645239405e-24
5.42454515866  1.5021032576e-24
5.63676586253  1.96518900965e-24
5.85728912925  2.44639174318e-24
6.08643977422  3.25411416921e-24
6.32455532034  4.57792818595e-24
6.5719864952  5.95951271377e-24
6.82909774767  7.39514801126e-24
7.09626778467  9.36904062622e-24
7.37389012904  1.22252924832e-23
7.66237369911  1.52058820254e-23
7.96214341107  1.84019935004e-23
8.27364080478  2.27207933287e-23
8.59732469416  2.74678699417e-23
8.93367184302  3.24282308071e-23
9.28317766723  3.79852199246e-23
9.64635696448  4.38927668278e-23
10.0237446725  4.99579120994e-23
10.4158966572  5.59198143617e-23
10.8233905309  6.20687256862e-23
11.2468265038  6.79073124225e-23
11.6868282675  7.3572989301e-23
12.1440439138  7.91093804592e-23
12.6191468896  8.41778284045e-23
13.1128369884  8.91906114485e-23
13.6258413812  9.37832134911e-23
14.1589156877  9.83386942803e-23
14.7128450892  1.02691082368e-22
15.2884454851  1.06999558147e-22
15.8865646945  1.1125207631e-22
16.5080837054  1.15344957476e-22
17.1539179718  1.19335920323e-22
17.8250187627  1.23067977492e-22
18.5223745626  1.27602857966e-22
19.247012528  1.32571611145e-22
20  1.37734753396e-22

