4.30886938006e-06 20 401
401
4.30886938006e-06  2.13584207525e-24
4.47744227714e-06  2.13584373827e-24
4.65261013431e-06  2.13584544941e-24
4.83463096161e-06  2.13584722749e-24
5.02377286302e-06  2.13584907514e-24
5.22031443137e-06  2.13585099508e-24
5.42454515866e-06  2.13585299012e-24
5.63676586253e-06  2.13585506322e-24
5.85728912925e-06  2.13585721742e-24
6.08643977422e-06  2.13585945589e-24
6.32455532034e-06  2.13586178194e-24
6.5719864952e-06  2.135864199e-24
6.82909774767e-06  2.13586671061e-24
7.09626778467e-06  2.13586932048e-24
7.37389012904e-06  2.13587203246e-24
7.66237369911e-06  2.13587485053e-24
7.96214341107e-06  2.13587777886e-24
8.27364080478e-06  2.13588082175e-24
8.59732469416e-06  2.13588398368e-24
8.93367184302e-06  2.13588726932e-24
9.28317766723e-06  2.13589068349e-24
9.64635696448e-06  2.13589423124e-24
1.00237446725e-05  2.13589791778e-24
1.04158966572e-05  2.13590174855e-24
1.08233905309e-05  2.13590572919e-24
1.12468265038e-05  2.13590986556e-24
1.16868282675e-05  2.13591416375e-24
1.21440439138e-05  2.1359186301e-24
1.26191468896e-05  2.13592327119e-24
1.31128369884e-05  2.13592809384e-24
1.36258413812e-05  2.13593310516e-24
1.41589156877e-05  2.13593831254e-24
1.47128450892e-05  2.13594372365e-24
1.52884454851e-05  2.13594934645e-24
1.58865646945e-05  2.13595518923e-24
1.65080837054e-05  2.13596126059e-24
1.71539179718e-05  2.13596756947e-24
1.78250187627e-05  2.13597412518e-24
1.85223745626e-05  2.13598093736e-24
1.9247012528e-05  2.13598801604e-24
2e-05  2.13599537166e-24
2.07824460767e-05  2.13600301505e-24
2.15955032466e-05  2.13601095747e-24
2.2440369086e-05  2.13601921061e-24
2.33182880236e-05  2.13602778664e-24
2.42305531726e-05  2.13603669817e-24
2.51785082359e-05  2.13604595835e-24
2.61635494852e-05  2.13605558081e-24
2.71871278176e-05  2.13606557972e-24
2.82507508925e-05  2.13607596981e-24
2.93559853524e-05  2.13608676638e-24
3.05044591308e-05  2.13609798534e-24
3.16978638492e-05  2.13610964322e-24
3.29379573097e-05  2.13612175717e-24
3.42265660832e-05  2.13613434506e-24
3.55655882008e-05  2.1361474254e-24
3.69569959484e-05  2.13616101749e-24
3.84028387728e-05  2.13617514132e-24
3.99052462994e-05  2.13618981772e-24
4.14664314697e-05  2.13620506828e-24
4.30886938006e-05  2.13622091549e-24
4.47744227714e-05  2.13623738267e-24
4.65261013431e-05  2.13625449409e-24
4.83463096161e-05  2.13627227494e-24
5.02377286302e-05  2.13629075143e-24
5.22031443137e-05  2.13630995075e-24
5.42454515866e-05  2.1363299012e-24
5.63676586253e-05  2.13635063216e-24
5.85728912925e-05  2.13637217416e-24
6.08643977422e-05  2.13639455893e-24
6.32455532034e-05  2.13641781944e-24
6.5719864952e-05  2.13644198996e-24
6.82909774767e-05  2.13646710609e-24
7.09626778467e-05  2.13649320482e-24
7.37389012904e-05  2.13652032459e-24
7.66237369911e-05  2.13654850534e-24
7.96214341107e-05  2.1365777886e-24
8.27364080478e-05  2.13660821748e-24
8.59732469416e-05  2.13663983681e-24
8.93367184302e-05  2.13667269316e-24
9.28317766723e-05  2.13670683493e-24
9.64635696448e-05  2.1367423124e-24
0.000100237446725  2.13677917783e-24
0.000104158966572  2.13681748552e-24
0.000108233905309  2.1368572919e-24
0.000112468265038  2.1368986556e-24
0.000116868282675  2.13694163753e-24
0.000121440439138  2.13698630103e-24
0.000126191468896  2.13703271185e-24
0.000131128369884  2.13708093838e-24
0.000136258413812  2.13713105164e-24
0.000141589156877  2.13718312545e-24
0.000147128450892  2.1372372365e-24
0.000152884454851  2.13729346451e-24
0.000158865646945  2.13735189228e-24
0.000165080837054  2.13741260588e-24
0.000171539179718  2.13747569474e-24
0.000178250187627  2.13754125178e-24
0.000185223745626  2.13760937356e-24
0.00019247012528  2.13768016042e-24
0.0002  2.13775371663e-24
0.000207824460767  2.13783015052e-24
0.000215955032466  2.13790957469e-24
0.00022440369086  2.13799210611e-24
0.000233182880236  2.13807786635e-24
0.000242305531726  2.13816698173e-24
0.000251785082359  2.13825958351e-24
0.000261635494852  2.13835580808e-24
0.000271871278176  2.13845579718e-24
0.000282507508925  2.13855969809e-24
0.000293559853524  2.13866766383e-24
0.000305044591308  2.13877985345e-24
0.000316978638492  2.13889643218e-24
0.000329379573097  2.13901757174e-24
0.000342265660832  2.13914345056e-24
0.000355655882008  2.13927425405e-24
0.000369569959484  2.13941017487e-24
0.000384028387728  2.13955141323e-24
0.000399052462994  2.13969817716e-24
0.000414664314697  2.13985068283e-24
0.000430886938006  2.14000915487e-24
0.000447744227714  2.14017382671e-24
0.000465261013431  2.14034494089e-24
0.000483463096161  2.14052274945e-24
0.000502377286302  2.14070751429e-24
0.000522031443137  2.14089950755e-24
0.000542454515866  2.14109901203e-24
0.000563676586253  2.14130632159e-24
0.000585728912925  2.14152174158e-24
0.000608643977422  2.14174558929e-24
0.000632455532034  2.14197819444e-24
0.00065719864952  2.14221989964e-24
0.000682909774767  2.14247106091e-24
0.000709626778467  2.14273204818e-24
0.000737389012904  2.14300324587e-24
0.000766237369911  2.14328505345e-24
0.000796214341107  2.14357788598e-24
0.000827364080478  2.1438821748e-24
0.000859732469416  2.1441983681e-24
0.000893367184302  2.14452693161e-24
0.000928317766723  2.14486834928e-24
0.000964635696448  2.14522312399e-24
0.00100237446725  2.14559177831e-24
0.00104158966572  2.14597485524e-24
0.00108233905309  2.14637291902e-24
0.00112468265038  2.14678655597e-24
0.00116868282675  2.14721637535e-24
0.00121440439138  2.14766301025e-24
0.00126191468896  2.14812711854e-24
0.00131128369884  2.14860938382e-24
0.00136258413812  2.14911051643e-24
0.00141589156877  2.1496312545e-24
0.00147128450892  2.15017236504e-24
0.00152884454851  2.15073464507e-24
0.00158865646945  2.15131892279e-24
0.00165080837054  2.1519260588e-24
0.00171539179718  2.15255694738e-24
0.00178250187627  2.15321251776e-24
0.00185223745626  2.15389373557e-24
0.0019247012528  2.15460160419e-24
0.002  2.15533716626e-24
0.00207824460767  2.15610150522e-24
0.00215955032466  2.15689574687e-24
0.0022440369086  2.15772106109e-24
0.00233182880236  2.15857866351e-24
0.00242305531726  2.1594698173e-24
0.00251785082359  2.16039583508e-24
0.00261635494852  2.16135808082e-24
0.00271871278176  2.16235797182e-24
0.00282507508925  2.16339698086e-24
0.00293559853524  2.16447663833e-24
0.00305044591308  2.16559853449e-24
0.00316978638492  2.16676432181e-24
0.00329379573097  2.16797571742e-24
0.00342265660832  2.16923450561e-24
0.00355655882008  2.1705425405e-24
0.00369569959484  2.17190174872e-24
0.00384028387728  2.17331413231e-24
0.00399052462994  2.17478177159e-24
0.00414664314697  2.1763068283e-24
0.00430886938006  2.17789154875e-24
0.00447744227714  2.1795382671e-24
0.00465261013431  2.18124940888e-24
0.00483463096161  2.18302749446e-24
0.00502377286302  2.18487514285e-24
0.00522031443137  2.1867950755e-24
0.00542454515866  2.18879012034e-24
0.00563676586253  2.19086321593e-24
0.00585728912925  2.19301741579e-24
0.00608643977422  2.19525589291e-24
0.00632455532034  2.19758194442e-24
0.0065719864952  2.19999899642e-24
0.00682909774767  2.20251060907e-24
0.00709626778467  2.20512048178e-24
0.00737389012904  2.20783245873e-24
0.00766237369911  2.21065053447e-24
0.00796214341107  2.21357885982e-24
0.00827364080478  2.21662174801e-24
0.00859732469416  2.21978368099e-24
0.00893367184302  2.22306931608e-24
0.00928317766723  2.22648349277e-24
0.00964635696448  2.23003123993e-24
0.0100237446725  2.23371778313e-24
0.0104158966572  2.23754855239e-24
0.0108233905309  2.24152919017e-24
0.0112468265038  2.24566555968e-24
0.0116868282675  2.24996375348e-24
0.0121440439138  2.25443010253e-24
0.0126191468896  2.25907118545e-24
0.0131128369884  2.26389383822e-24
0.0136258413812  2.26890516428e-24
0.0141589156877  2.27411254496e-24
0.0147128450892  2.27952365037e-24
0.0152884454851  2.28514645068e-24
0.0158865646945  2.2909892279e-24
0.0165080837054  2.29706058803e-24
0.0171539179718  2.30336947375e-24
0.0178250187627  2.30992517762e-24
0.0185223745626  2.31673735572e-24
0.019247012528  2.32381604193e-24
0.02  2.33117166265e-24
0.0207824460767  2.33881505219e-24
0.0215955032466  2.34675746875e-24
0.022440369086  2.35501061094e-24
0.0233182880236  2.36358663506e-24
0.0242305531726  2.37249817301e-24
0.0251785082359  2.38175835085e-24
0.0261635494852  2.39138080818e-24
0.0271871278176  2.40137971821e-24
0.0282507508925  2.41176980864e-24
0.0293559853524  2.42256638335e-24
0.0305044591308  2.43378534493e-24
0.0316978638492  2.44544321813e-24
0.0329379573097  2.45755717419e-24
0.0342265660832  2.47014505612e-24
0.0355655882008  2.48322540499e-24
0.0369569959484  2.49681748724e-24
0.0384028387728  2.51094132307e-24
0.0399052462994  2.52561771589e-24
0.0414664314697  2.54086828301e-24
0.0430886938006  2.55671548745e-24
0.0447744227714  2.57318267104e-24
0.0465261013431  2.59029408879e-24
0.0483463096161  2.60807494462e-24
0.0502377286302  2.6265514285e-24
0.0522031443137  2.645750755e-24
0.0542454515866  2.66570120337e-24
0.0563676586253  2.68643215925e-24
0.0585728912925  2.70797415789e-24
0.0608643977422  2.73035892914e-24
0.0632455532034  2.75361944422e-24
0.065719864952  2.77778996423e-24
0.0682909774767  2.80290609067e-24
0.0709626778467  2.82900481784e-24
0.0737389012904  2.85612458734e-24
0.0766237369911  2.88430534471e-24
0.0796214341107  2.91358859822e-24
0.0827364080478  2.94401748008e-24
0.0859732469416  2.9756368099e-24
0.0893367184302  3.00849316075e-24
0.0928317766723  3.04263492774e-24
0.0964635696448  3.07811239931e-24
0.100237446725  3.11497783131e-24
0.104158966572  3.15328552393e-24
0.108233905309  3.19309190175e-24
0.112468265038  3.23445559677e-24
0.116868282675  3.27743753484e-24
0.121440439138  3.32210102535e-24
0.126191468896  3.3685118545e-24
0.131128369884  3.41673838221e-24
0.136258413812  3.46685164279e-24
0.141589156877  3.51892544958e-24
0.147128450892  3.57303650366e-24
0.152884454851  3.62926450684e-24
0.158865646945  3.68769227905e-24
0.165080837054  3.74840588031e-24
0.171539179718  3.81149473752e-24
0.178250187627  3.87705177618e-24
0.185223745626  3.94517355722e-24
0.19247012528  4.01596041928e-24
0.2  4.08951662646e-24
0.207824460767  4.16595052193e-24
0.215955032466  4.24537468748e-24
0.22440369086  4.32790610937e-24
0.233182880236  4.41366635062e-24
0.242305531726  4.50278173008e-24
0.251785082359  4.5953835085e-24
0.261635494852  4.69160808182e-24
0.271871278176  4.79159718215e-24
0.282507508925  4.89549808643e-24
0.293559853524  5.00346383346e-24
0.305044591308  5.11565344925e-24
0.316978638492  5.23223218128e-24
0.329379573097  5.35337174188e-24
0.342265660832  5.47925056117e-24
0.355655882008  5.61005404989e-24
0.369569959484  5.74597487243e-24
0.384028387728  5.88721323068e-24
0.399052462994  6.03397715891e-24
0.414664314697  6.18648283012e-24
0.430886938006  6.34495487454e-24
0.447744227714  6.50962671043e-24
0.465261013431  6.68074088792e-24
0.483463096161  6.85854944625e-24
0.502377286302  7.04331428502e-24
0.522031443137  7.23530754996e-24
0.542454515866  7.43481203374e-24
0.563676586253  7.64212159254e-24
0.585728912925  7.8575415789e-24
0.608643977422  8.08138929142e-24
0.632455532034  8.31399444216e-24
0.65719864952  8.55569964228e-24
0.682909774767  8.80686090667e-24
0.709626778467  9.06784817837e-24
0.737389012904  9.3390458734e-24
0.766237369911  9.62085344706e-24
0.796214341107  9.91368598224e-24
0.827364080478  1.02179748008e-23
0.859732469416  1.0534168099e-23
0.893367184302  1.08627316075e-23
0.928317766723  1.12041492774e-23
0.964635696448  1.15589239931e-23
1.00237446725  1.19275783131e-23
1.04158966572  1.23106552393e-23
1.08233905309  1.27087190175e-23
1.12468265038  1.31223559677e-23
1.16868282675  1.35521753484e-23
1.21440439138  1.39988102535e-23
1.26191468896  1.4462918545e-23
1.31128369884  1.49451838221e-23
1.36258413812  1.54463164279e-23
1.41589156877  1.59670544958e-23
1.47128450892  1.65081650366e-23
1.52884454851  1.70704450684e-23
1.58865646945  1.76547227905e-23
1.65080837054  1.82618588031e-23
1.71539179718  1.88927473752e-23
1.78250187627  1.95483177618e-23
1.85223745626  2.02295355722e-23
1.9247012528  2.09374041928e-23
2  2.1676057455e-23
2.07824460767  2.2461747409e-23
2.15955032466  2.32811385319e-23
2.2440369086  2.41325861234e-23
2.33182880236  2.50173443062e-23
2.42305531726  2.59367162674e-23
2.51785082359  2.68920561779e-23
2.61635494852  2.78847711866e-23
2.71871278176  2.89163234935e-23
2.82507508925  2.99882325032e-23
2.93559853524  3.11020770628e-23
3.05044591308  3.21661370067e-23
3.16978638492  3.31541853683e-23
3.29379573097  3.41804997536e-23
3.42265660832  3.5246965922e-23
3.55655882008  3.63551547039e-23
3.69569959484  3.75066983841e-23
3.84028387728  3.8703293106e-23
3.99052462994  3.98964716225e-23
4.14664314697  4.07554310816e-23
4.30886938006  4.15689375713e-23
4.47744227714  4.2414270309e-23
4.65261013431  4.3292674411e-23
4.83463096161  4.42054437052e-23
5.02377286302  4.50628290676e-23
5.22031443137  4.56161938548e-23
5.42454515866  4.61594537499e-23
5.63676586253  4.67239672237e-23
5.85728912925  4.73105657651e-23
6.08643977422  4.79403198615e-23
6.32455532034  4.86265282818e-23
6.5719864952  4.93399754577e-23
6.82909774767  5.00813343308e-23
7.09626778467  5.09674468007e-23
7.37389012904  5.20815386062e-23
7.66237369911  5.32422401879e-23
7.96214341107  5.44640781002e-23
8.27364080478  5.58923395075e-23
8.59732469416  5.74177079429e-23
8.93367184302  5.89962093332e-23
9.28317766723  6.05409190895e-23
9.64635696448  6.21144580189e-23
10.0237446725  6.38527004586e-23
10.4158966572  6.61366885176e-23
10.8233905309  6.85635166364e-23
11.2468265038  6.99973579998e-23
11.6868282675  7.06947184646e-23
12.1440439138  7.13555173094e-23
12.6191468896  7.19176348254e-23
13.1128369884  7.23659562052e-23
13.6258413812  7.24858384285e-23
14.1589156877  7.24836975464e-23
14.7128450892  7.22570639383e-23
15.2884454851  7.19282765659e-23
15.8865646945  7.14954331584e-23
16.5080837054  7.09711057809e-23
17.1539179718  7.03895041467e-23
17.8250187627  6.9752447294e-23
18.5223745626  6.78787535045e-23
19.247012528  6.55003346972e-23
20  6.30288666667e-23

