0.964635696448 20000 260
260
0.964635696448  0
1.00237446725  4.07808299501e-29
1.04158966572  2.70782580766e-28
1.08233905309  5.33211226199e-28
1.12468265038  8.05906684832e-28
1.16868282675  1.08927061805e-27
1.21440439138  1.38372040117e-27
1.26191468896  1.68968973816e-27
1.31128369884  2.00762930051e-27
1.36258413812  2.33800739103e-27
1.41589156877  2.68131063359e-27
1.47128450892  3.0380446899e-27
1.52884454851  3.40873500436e-27
1.58865646945  3.79392757793e-27
1.65080837054  4.19418977239e-27
1.71539179718  4.61011114605e-27
1.78250187627  5.04230432205e-27
1.85223745626  5.4914058908e-27
1.9247012528  5.95807734758e-27
2  9.46407652953e-27
2.07824460767  3.08346543532e-26
2.15955032466  5.59372504143e-26
2.2440369086  8.20219178656e-26
2.33182880236  1.09127077602e-25
2.42305531726  1.37292653634e-25
2.51785082359  1.66560131888e-25
2.61635494852  1.9697262132e-25
2.71871278176  2.28574917403e-25
2.82507508925  2.61413568116e-25
2.93559853524  2.95536942499e-25
3.05044591308  4.36615738801e-25
3.16978638492  7.16301806773e-25
3.29379573097  1.00736958533e-24
3.42265660832  1.30982460595e-24
3.55655882008  1.62411236379e-24
3.69569959484  1.95069578278e-24
3.84028387728  2.29005589752e-24
3.99052462994  2.72302131399e-24
4.14664314697  3.78206909545e-24
4.30886938006  5.00898003648e-24
4.47744227714  6.28389056011e-24
4.65261013431  7.60867852061e-24
4.83463096161  8.98529523822e-24
5.02377286302  1.06731249442e-23
5.22031443137  1.33806671039e-23
5.42454515866  1.62838450372e-23
5.63676586253  1.93006019797e-23
5.85728912925  2.24353814038e-23
6.08643977422  2.59734313755e-23
6.32455532034  3.00917762455e-23
6.5719864952  3.43766941542e-23
6.82909774767  3.88292479232e-23
7.09626778467  4.33599971458e-23
7.37389012904  4.79076734215e-23
7.66237369911  5.2630757328e-23
7.96214341107  5.74723116193e-23
8.27364080478  6.183450188e-23
8.59732469416  6.61935183007e-23
8.93367184302  7.06616481158e-23
9.28317766723  7.44076525578e-23
9.64635696448  7.80035359047e-23
10.0237446725  8.15766665555e-23
10.4158966572  8.45325965164e-23
10.8233905309  8.75070569709e-23
11.2468265038  9.02999130913e-23
11.6868282675  9.29849542665e-23
12.1440439138  9.56942739088e-23
12.6191468896  9.83520461229e-23
13.1128369884  1.01041979836e-22
13.6258413812  1.03660410917e-22
14.1589156877  1.06258399588e-22
14.7128450892  1.08723262284e-22
15.2884454851  1.11078041957e-22
15.8865646945  1.13308103856e-22
16.5080837054  1.15362411479e-22
17.1539179718  1.17323115534e-22
17.8250187627  1.19125912058e-22
18.5223745626  1.21482447138e-22
19.247012528  1.24112713125e-22
20  1.26845881177e-22
20.7824460767  1.2968597706e-22
21.5955032466  1.32637184038e-22
22.440369086  1.35703849031e-22
23.3182880236  1.38890489024e-22
24.2305531726  1.41720619331e-22
25.1785082359  1.42760632994e-22
26.1635494852  1.41949371524e-22
27.1871278176  1.40971803518e-22
28.2507508925  1.39330946571e-22
29.3559853524  1.3762589552e-22
30.5044591308  1.35497462035e-22
31.6978638492  1.32812595627e-22
32.9379573097  1.30022691059e-22
34.2265660832  1.27862756729e-22
35.5655882008  1.26244552063e-22
36.9569959484  1.25397700973e-22
38.4028387728  1.2388188019e-22
39.9052462994  1.22286502792e-22
41.4664314697  1.20700135353e-22
43.0886938006  1.19056501244e-22
44.7744227714  1.17348564382e-22
46.5261013431  1.15742988859e-22
48.3463096161  1.14100584777e-22
50.2377286302  1.12406729831e-22
52.2031443137  1.10739157535e-22
54.2454515866  1.09006345969e-22
56.3676586253  1.07465041109e-22
58.5728912925  1.06012090548e-22
60.8643977422  1.04712057674e-22
63.2455532034  1.03721024645e-22
65.719864952  1.02691220121e-22
68.2909774767  1.01621127272e-22
70.9626778467  1.00622865094e-22
73.7389012904  9.97952858096e-23
76.6237369911  9.89353297174e-23
79.6214341107  9.80417301616e-23
82.7364080478  9.74242875662e-23
85.9732469416  9.68274142112e-23
89.3367184302  9.62071897955e-23
92.8317766723  9.57096771535e-23
96.4635696448  9.52284734885e-23
100.237446725  9.47537430931e-23
104.158966572  9.46519746868e-23
108.233905309  9.4546224866e-23
112.468265038  9.44363378685e-23
116.868282675  9.43221518385e-23
121.440439138  9.41661173682e-23
126.191468896  9.39195268901e-23
131.128369884  9.36632892244e-23
136.258413812  9.33970269508e-23
141.589156877  9.31715484441e-23
147.128450892  9.30625138777e-23
152.884454851  9.29492136278e-23
158.865646945  9.28314808111e-23
165.080837054  9.27591472023e-23
171.539179718  9.26955847167e-23
178.250187627  9.26295355202e-23
185.223745626  9.25468351056e-23
192.47012528  9.24560027751e-23
200  9.23616168745e-23
207.824460767  9.23545680958e-23
215.955032466  9.23472435528e-23
224.40369086  9.23396324567e-23
233.182880236  9.2331723597e-23
242.305531726  9.23235053245e-23
251.785082359  9.23376560148e-23
261.635494852  9.24539923695e-23
271.871278176  9.25748800704e-23
282.507508925  9.27004971767e-23
293.559853524  9.28310287136e-23
305.044591308  9.29150325473e-23
316.978638492  9.29338251755e-23
329.379573097  9.29533530146e-23
342.265660832  9.29736448277e-23
355.655882008  9.30568974104e-23
369.569959484  9.32317452774e-23
384.028387728  9.34134335958e-23
399.052462994  9.36022299798e-23
414.664314697  9.42179996792e-23
430.886938006  9.48860320706e-23
447.744227714  9.55801994282e-23
465.261013431  9.6301524212e-23
483.463096161  9.70510688832e-23
502.377286302  9.77833299662e-23
522.031443137  9.82073432877e-23
542.454515866  9.86479449873e-23
563.676586253  9.91057840404e-23
585.728912925  9.9581534812e-23
608.643977422  1.00021722541e-22
632.455532034  1.00386189195e-22
657.19864952  1.00764914624e-22
682.909774767  1.01158456665e-22
709.626778467  1.01499329015e-22
737.389012904  1.01727973563e-22
766.237369911  1.01965563213e-22
796.214341107  1.02212447916e-22
827.364080478  1.02522854332e-22
859.732469416  1.02853147715e-22
893.367184302  1.03196362937e-22
928.317766723  1.03477465564e-22
964.635696448  1.03751179779e-22
1002.37446725  1.04028665511e-22
1041.58966572  1.04209651291e-22
1082.33905309  1.04397717651e-22
1124.68265038  1.04593141601e-22
1168.68282675  1.04796210986e-22
1214.40439138  1.05007224913e-22
1261.91468896  1.05226494191e-22
1311.28369884  1.05454341788e-22
1362.58413812  1.05691103308e-22
1415.89156877  1.05937127484e-22
1471.28450892  1.06192776693e-22
1528.84454851  1.06361460506e-22
1588.65646945  1.06436433892e-22
1650.80837054  1.0651434041e-22
1715.39179718  1.06595294809e-22
1782.50187627  1.06679416332e-22
1852.23745626  1.06766828882e-22
1924.7012528  1.06857661213e-22
2000  1.06952047113e-22
2078.24460767  1.06847808002e-22
2159.55032466  1.06739490817e-22
2244.0369086  1.06626936013e-22
2331.82880236  1.06509977807e-22
2423.05531726  1.06388443926e-22
2517.85082359  1.0626215536e-22
2616.35494852  1.06130926094e-22
2718.71278176  1.05994562836e-22
2825.07508925  1.05852864734e-22
2935.59853524  1.05705623076e-22
3050.44591308  1.05528789725e-22
3169.78638492  1.05313423955e-22
3293.79573097  1.05089632579e-22
3422.65660832  1.0485708597e-22
3556.55882008  1.04615441602e-22
3695.69959484  1.04364343549e-22
3840.28387728  1.04103421962e-22
3990.52462994  1.03832292522e-22
4146.64314697  1.03550555872e-22
4308.86938006  1.03257797037e-22
4477.44227714  1.02953584801e-22
4652.61013431  1.02637471081e-22
4834.63096161  1.02308990265e-22
5023.77286302  1.01992366097e-22
5220.31443137  1.01841949946e-22
5424.54515866  1.01685649169e-22
5636.76586253  1.01523233545e-22
5857.28912925  1.01354463848e-22
6086.43977422  1.01179091492e-22
6324.55532034  1.00996858164e-22
6571.9864952  1.0080749545e-22
6829.09774767  1.00610724429e-22
7096.26778467  1.00450925372e-22
7373.89012904  1.00367279003e-22
7662.37369911  1.00280360196e-22
7962.14341107  1.00190040924e-22
8273.64080478  1.00096188155e-22
8597.32469416  9.99986636495e-23
8933.67184302  9.98973237604e-23
9283.17766723  9.97920192214e-23
9646.35696448  9.96825949262e-23
10023.7446725  9.95739013428e-23
10415.8966572  9.95385168195e-23
10823.3905309  9.95017479722e-23
11246.8265038  9.94635406428e-23
11686.8282675  9.94238385546e-23
12144.0439138  9.93825832294e-23
12619.1468896  9.93397139007e-23
13112.8369884  9.92951674251e-23
13625.8413812  9.92488781888e-23
14158.9156877  9.92007780109e-23
14712.8450892  9.91507960433e-23
15288.4454851  9.90988586659e-23
15886.5646945  9.90448893787e-23
16508.0837054  9.89888086886e-23
17153.9179718  9.89305339927e-23
17825.0187627  9.88699794565e-23
18522.3745626  9.88070558873e-23
19247.012528  9.87416706031e-23
20000  9.86737272959e-23

