9.840400000e-02 1.935168280e-01 903
903
9.840400000e-02 4.636888331e-01
9.840400000e-02 2.102252461e+00
9.847938700e-02 2.102855999e+00
9.851098970e-02 2.103105433e+00
9.862737210e-02 2.104005713e+00
9.872046650e-02 2.104705086e+00
9.874387520e-02 2.104878038e+00
9.876400000e-02 2.105025812e+00
9.878864970e-02 2.105264146e+00
9.879204940e-02 2.105297121e+00
9.892923260e-02 2.106608998e+00
9.897238270e-02 2.107013861e+00
9.899755220e-02 2.107248397e+00
9.905738600e-02 2.107801366e+00
9.910602300e-02 2.108245805e+00
9.912122980e-02 2.108383802e+00
9.933135060e-02 2.110277952e+00
9.945849900e-02 2.111401797e+00
9.958093680e-02 2.112452902e+00
9.966955460e-02 2.113195542e+00
9.971258890e-02 2.113550377e+00
9.980970810e-02 2.114337179e+00
9.996066030e-02 2.115521405e+00
9.999945370e-02 2.115818223e+00
1.000000000e-01 2.115822380e+00
1.000381810e-01 2.116122791e+00
1.001332990e-01 2.116858194e+00
1.001440150e-01 2.116939923e+00
1.002057190e-01 2.117406138e+00
1.002700870e-01 2.117887244e+00
1.003550650e-01 2.118510127e+00
1.005179630e-01 2.119661891e+00
1.005266730e-01 2.119722545e+00
1.005857540e-01 2.120129840e+00
1.006122900e-01 2.120314634e+00
1.006337160e-01 2.120462872e+00
1.007198100e-01 2.121048858e+00
1.008139000e-01 2.121686331e+00
1.008954650e-01 2.122223890e+00
1.011580000e-01 2.123863862e+00
1.012669960e-01 2.124501977e+00
1.012808580e-01 2.124581323e+00
1.013031110e-01 2.124707840e+00
1.013687760e-01 2.125074980e+00
1.015000000e-01 2.125782092e+00
1.016778980e-01 2.128310953e+00
1.018770210e-01 2.131080000e+00
1.019928400e-01 2.132660606e+00
1.019984930e-01 2.132737202e+00
1.020050910e-01 2.132826843e+00
1.020251430e-01 2.133098864e+00
1.020579650e-01 2.133547708e+00
1.020833860e-01 2.133894125e+00
1.020915090e-01 2.134005824e+00
1.021977630e-01 2.135461857e+00
1.022738260e-01 2.136493198e+00
1.023292950e-01 2.137239251e+00
1.024327160e-01 2.138647629e+00
1.024674540e-01 2.139116765e+00
1.025365090e-01 2.140043614e+00
1.025407220e-01 2.140099951e+00
1.028151060e-01 2.143705839e+00
1.028842380e-01 2.144594474e+00
1.029594470e-01 2.145552104e+00
1.030000000e-01 2.146064994e+00
1.031594420e-01 2.147532284e+00
1.032163520e-01 2.148044413e+00
1.032456620e-01 2.148305920e+00
1.033310880e-01 2.149058864e+00
1.034219510e-01 2.149844442e+00
1.034391910e-01 2.149994199e+00
1.035142000e-01 2.150650184e+00
1.035377620e-01 2.150854495e+00
1.035658080e-01 2.151096328e+00
1.035716900e-01 2.151146876e+00
1.036174220e-01 2.151537596e+00
1.036187220e-01 2.151548755e+00
1.037147100e-01 2.152363566e+00
1.037739950e-01 2.152858011e+00
1.039522040e-01 2.154304447e+00
1.039726110e-01 2.154467088e+00
1.041118600e-01 2.155561385e+00
1.042698820e-01 2.156758437e+00
1.042745640e-01 2.156793221e+00
1.043321960e-01 2.157217907e+00
1.043763700e-01 2.157539016e+00
1.044118930e-01 2.157794504e+00
1.046946120e-01 2.159813221e+00
1.047354220e-01 2.160091768e+00
1.048275270e-01 2.160721015e+00
1.048277360e-01 2.160722419e+00
1.049146050e-01 2.161318507e+00
1.049304140e-01 2.161425390e+00
1.049721030e-01 2.161704906e+00
1.052795410e-01 2.163661369e+00
1.053929190e-01 2.164335353e+00
1.055302730e-01 2.165118103e+00
1.055342160e-01 2.165140018e+00
1.056419550e-01 2.165726685e+00
1.056616150e-01 2.165831240e+00
1.057870860e-01 2.166480035e+00
1.058034160e-01 2.166562828e+00
1.059214670e-01 2.167146710e+00
1.059254000e-01 2.167165829e+00
1.059517710e-01 2.167293265e+00
1.060000000e-01 2.167522765e+00
1.060045740e-01 2.167575915e+00
1.060237520e-01 2.167799532e+00
1.061039320e-01 2.168743384e+00
1.062689050e-01 2.170651975e+00
1.066903040e-01 2.175460192e+00
1.067671570e-01 2.176307026e+00
1.067952500e-01 2.176614240e+00
1.068265170e-01 2.176954785e+00
1.069250360e-01 2.178017296e+00
1.069463430e-01 2.178245274e+00
1.069514450e-01 2.178299748e+00
1.069787280e-01 2.178590320e+00
1.070554130e-01 2.179400314e+00
1.070790590e-01 2.179648179e+00
1.071556480e-01 2.180444468e+00
1.074236120e-01 2.183151795e+00
1.075181740e-01 2.184077816e+00
1.075713070e-01 2.184591443e+00
1.075955070e-01 2.184830101e+00
1.076155690e-01 2.185027998e+00
1.077283360e-01 2.186127605e+00
1.078309610e-01 2.187109452e+00
1.078442490e-01 2.187236107e+00
1.079878280e-01 2.188590791e+00
1.082284290e-01 2.190783012e+00
1.083194710e-01 2.191586176e+00
1.083927000e-01 2.192221944e+00
1.084308770e-01 2.192549726e+00
1.085651610e-01 2.194085549e+00
1.086500600e-01 2.195062357e+00
1.086788510e-01 2.195391103e+00
1.088354080e-01 2.197155521e+00
1.088645880e-01 2.197480027e+00
1.089464330e-01 2.198383067e+00
1.090212950e-01 2.199199599e+00
1.091460370e-01 2.200539956e+00
1.091871800e-01 2.200976625e+00
1.092862160e-01 2.202016537e+00
1.093768910e-01 2.202954573e+00
1.094132790e-01 2.203328612e+00
1.095492350e-01 2.204706827e+00
1.095985020e-01 2.205199701e+00
1.096478000e-01 2.205706914e+00
1.096556830e-01 2.205787776e+00
1.096891640e-01 2.206130432e+00
1.097402230e-01 2.206649513e+00
1.100982630e-01 2.210182026e+00
1.102085830e-01 2.211227552e+00
1.102435960e-01 2.211563531e+00
1.104396540e-01 2.213408125e+00
1.104418170e-01 2.213428120e+00
1.105156920e-01 2.214106385e+00
1.106297100e-01 2.215135224e+00
1.106687990e-01 2.215485906e+00
1.108105800e-01 2.216736385e+00
1.108576620e-01 2.217144207e+00
1.109145570e-01 2.217632054e+00
1.109175000e-01 2.217657145e+00
1.110030310e-01 2.218497494e+00
1.110772020e-01 2.219233081e+00
1.111214040e-01 2.219667380e+00
1.111307270e-01 2.219758567e+00
1.112709950e-01 2.221118684e+00
1.113554480e-01 2.221922370e+00
1.114341440e-01 2.222660727e+00
1.115193410e-01 2.223448682e+00
1.116087280e-01 2.224262505e+00
1.116699450e-01 2.224814420e+00
1.117586570e-01 2.225603190e+00
1.119816980e-01 2.227530831e+00
1.120072070e-01 2.227746021e+00
1.121135730e-01 2.228631518e+00
1.121639840e-01 2.229045401e+00
1.122019000e-01 2.229364165e+00
1.122058870e-01 2.229397569e+00
1.124341860e-01 2.231268186e+00
1.124594970e-01 2.231470244e+00
1.124672550e-01 2.231531986e+00
1.126665280e-01 2.233082674e+00
1.127397200e-01 2.233635387e+00
1.128550770e-01 2.234513408e+00
1.128565690e-01 2.234524614e+00
1.129286260e-01 2.235063902e+00
1.129837580e-01 2.235470550e+00
1.131553710e-01 2.236703134e+00
1.131642440e-01 2.236765485e+00
1.133287850e-01 2.237897812e+00
1.133382290e-01 2.237961379e+00
1.134491760e-01 2.238719248e+00
1.135011000e-01 2.239068397e+00
1.136826750e-01 2.240261836e+00
1.137214110e-01 2.240509019e+00
1.137464090e-01 2.240667231e+00
1.137745170e-01 2.240843920e+00
1.138422940e-01 2.241264360e+00
1.141274290e-01 2.242947733e+00
1.141563540e-01 2.243118719e+00
1.143168610e-01 2.244618513e+00
1.143573370e-01 2.244990380e+00
1.144065620e-01 2.245439196e+00
1.144347000e-01 2.245694439e+00
1.144396940e-01 2.245739624e+00
1.144514400e-01 2.245845740e+00
1.145540330e-01 2.246763444e+00
1.147073960e-01 2.248109185e+00
1.147673240e-01 2.248624859e+00
1.148154000e-01 2.249034411e+00
1.149415640e-01 2.250092742e+00
1.151654330e-01 2.251908416e+00
1.152136900e-01 2.252298939e+00
1.152610460e-01 2.252678670e+00
1.153121490e-01 2.253086039e+00
1.154735510e-01 2.254355812e+00
1.155720730e-01 2.255110102e+00
1.156791790e-01 2.255932138e+00
1.158978560e-01 2.257552398e+00
1.159416920e-01 2.257868206e+00
1.161001340e-01 2.258983281e+00
1.161175560e-01 2.259103378e+00
1.162227950e-01 2.259818326e+00
1.163896530e-01 2.260919470e+00
1.164147750e-01 2.261081254e+00
1.164513640e-01 2.261315058e+00
1.164572930e-01 2.261352816e+00
1.165552700e-01 2.261968204e+00
1.166064510e-01 2.262283506e+00
1.166474110e-01 2.262532794e+00
1.166474220e-01 2.262532894e+00
1.166507080e-01 2.262561504e+00
1.168014040e-01 2.263855697e+00
1.168154100e-01 2.263974215e+00
1.170438850e-01 2.265864231e+00
1.170636950e-01 2.266024870e+00
1.170811130e-01 2.266165603e+00
1.171372280e-01 2.266615783e+00
1.172647480e-01 2.267663917e+00
1.174558200e-01 2.269187757e+00
1.174739090e-01 2.269329068e+00
1.174869180e-01 2.269430365e+00
1.177062730e-01 2.271139444e+00
1.177177020e-01 2.271228369e+00
1.178625860e-01 2.272338060e+00
1.179245690e-01 2.272804557e+00
1.179274510e-01 2.272826140e+00
1.181779590e-01 2.274651773e+00
1.182705240e-01 2.275301112e+00
1.183488670e-01 2.275841265e+00
1.184500640e-01 2.276524598e+00
1.184730240e-01 2.276677536e+00
1.185047030e-01 2.276887144e+00
1.185513120e-01 2.277192608e+00
1.185939780e-01 2.277587681e+00
1.186686720e-01 2.278272864e+00
1.187271580e-01 2.278803653e+00
1.187861150e-01 2.279333619e+00
1.187973040e-01 2.279434542e+00
1.188112730e-01 2.279560708e+00
1.188382070e-01 2.279803145e+00
1.191650590e-01 2.282659126e+00
1.192378600e-01 2.283273731e+00
1.193360190e-01 2.284090013e+00
1.194731930e-01 2.285206907e+00
1.195190890e-01 2.285575571e+00
1.197057920e-01 2.287042450e+00
1.197428640e-01 2.287333751e+00
1.198690940e-01 2.288329802e+00
1.199217380e-01 2.288738062e+00
1.200886880e-01 2.290006293e+00
1.201724240e-01 2.290626421e+00
1.202229360e-01 2.290995281e+00
1.202264000e-01 2.291020461e+00
1.202531560e-01 2.291222179e+00
1.203288570e-01 2.291787117e+00
1.204447950e-01 2.292635351e+00
1.205209730e-01 2.293181815e+00
1.205670000e-01 2.293508977e+00
1.208109540e-01 2.295188393e+00
1.209144170e-01 2.295872826e+00
1.209802970e-01 2.296299962e+00
1.210544540e-01 2.296772636e+00
1.211606780e-01 2.297437639e+00
1.211783720e-01 2.297546753e+00
1.214655870e-01 2.299249916e+00
1.215227020e-01 2.299762455e+00
1.215304550e-01 2.299831810e+00
1.215707880e-01 2.300191270e+00
1.216186000e-01 2.300614344e+00
1.216841600e-01 2.301189250e+00
1.217661820e-01 2.301911666e+00
1.218240320e-01 2.302415394e+00
1.218887450e-01 2.302983435e+00
1.219115820e-01 2.303182676e+00
1.219657050e-01 2.303655754e+00
1.221227790e-01 2.305006116e+00
1.221271500e-01 2.305043202e+00
1.221412640e-01 2.305162742e+00
1.222146240e-01 2.305779647e+00
1.222506340e-01 2.306081076e+00
1.226062550e-01 2.308957529e+00
1.226915130e-01 2.309623107e+00
1.228076980e-01 2.310513451e+00
1.228137470e-01 2.310559277e+00
1.228955120e-01 2.311173506e+00
1.229012450e-01 2.311216206e+00
1.230269000e-01 2.312139919e+00
1.231154330e-01 2.312776742e+00
1.231618540e-01 2.313106038e+00
1.235326990e-01 2.315621373e+00
1.235979520e-01 2.316051298e+00
1.236781000e-01 2.316598022e+00
1.238250450e-01 2.317577017e+00
1.238439110e-01 2.317700514e+00
1.238861400e-01 2.317981211e+00
1.239003140e-01 2.318074836e+00
1.239704270e-01 2.318533540e+00
1.240203880e-01 2.318855992e+00
1.242169430e-01 2.320091977e+00
1.242627940e-01 2.320372147e+00
1.243517950e-01 2.320907255e+00
1.244515000e-01 2.321492476e+00
1.245354400e-01 2.322228726e+00
1.245459830e-01 2.322320517e+00
1.245606260e-01 2.322447778e+00
1.246917430e-01 2.323574031e+00
1.247137510e-01 2.323760822e+00
1.247396790e-01 2.323981639e+00
1.247631520e-01 2.324180794e+00
1.250580830e-01 2.326617990e+00
1.252912010e-01 2.328458362e+00
1.255640970e-01 2.330549014e+00
1.256186730e-01 2.330957293e+00
1.256697040e-01 2.331335245e+00
1.257301630e-01 2.331781213e+00
1.257679530e-01 2.332057620e+00
1.257826270e-01 2.332166396e+00
1.258358330e-01 2.332558287e+00
1.258815690e-01 2.332891939e+00
1.259831970e-01 2.333622809e+00
1.260158550e-01 2.333854565e+00
1.264372780e-01 2.336708227e+00
1.264686760e-01 2.336999363e+00
1.265686380e-01 2.337917934e+00
1.266255290e-01 2.338434848e+00
1.268398880e-01 2.340407625e+00
1.269625230e-01 2.341509585e+00
1.269763440e-01 2.341634097e+00
1.270585970e-01 2.342369860e+00
1.270645820e-01 2.342423067e+00
1.272184340e-01 2.343776339e+00
1.273072890e-01 2.344548403e+00
1.273503000e-01 2.344918379e+00
1.273955690e-01 2.345305259e+00
1.274228420e-01 2.345537038e+00
1.274362800e-01 2.345650877e+00
1.275634540e-01 2.346716405e+00
1.275988810e-01 2.347009438e+00
1.276036940e-01 2.347049725e+00
1.278635000e-01 2.349180081e+00
1.279251520e-01 2.349673694e+00
1.280442530e-01 2.350612804e+00
1.284449010e-01 2.353631382e+00
1.285496310e-01 2.354384358e+00
1.286111690e-01 2.354829158e+00
1.286789430e-01 2.355316068e+00
1.287875520e-01 2.356083171e+00
1.288077220e-01 2.356224770e+00
1.288137630e-01 2.356267111e+00
1.288250000e-01 2.356345704e+00
1.290447060e-01 2.357847593e+00
1.291229860e-01 2.358366566e+00
1.293354340e-01 2.359732321e+00
1.293395770e-01 2.359759388e+00
1.294389760e-01 2.360418435e+00
1.294452950e-01 2.360459902e+00
1.294512610e-01 2.360499032e+00
1.295467970e-01 2.361125404e+00
1.296240110e-01 2.361622400e+00
1.299889370e-01 2.363858906e+00
1.300233770e-01 2.364169222e+00
1.301874350e-01 2.365626858e+00
1.303036060e-01 2.366638363e+00
1.303235760e-01 2.366810566e+00
1.304104750e-01 2.367555051e+00
1.305043960e-01 2.368349210e+00
1.307305980e-01 2.370215380e+00
1.309568220e-01 2.372015836e+00
1.309622710e-01 2.372058396e+00
1.310858710e-01 2.373013390e+00
1.312546880e-01 2.374285926e+00
1.314312910e-01 2.375578251e+00
1.314368000e-01 2.375618129e+00
1.315218640e-01 2.376228874e+00
1.315791250e-01 2.376634612e+00
1.317541320e-01 2.377880106e+00
1.318257000e-01 2.378393682e+00
1.318846560e-01 2.378812776e+00
1.319163950e-01 2.379037888e+00
1.320987080e-01 2.380305735e+00
1.323414260e-01 2.381925191e+00
1.323671360e-01 2.382092143e+00
1.325800680e-01 2.383440805e+00
1.326676400e-01 2.383978103e+00
1.327180010e-01 2.384292738e+00
1.327639240e-01 2.384684204e+00
1.329972640e-01 2.386632890e+00
1.330316530e-01 2.386914369e+00
1.333461390e-01 2.389421766e+00
1.334534190e-01 2.390248999e+00
1.334547570e-01 2.390259332e+00
1.336110600e-01 2.391451835e+00
1.337757360e-01 2.392674712e+00
1.338055280e-01 2.392892279e+00
1.338750240e-01 2.393395566e+00
1.338901120e-01 2.393504022e+00
1.339075690e-01 2.393629140e+00
1.339712120e-01 2.394099741e+00
1.341312910e-01 2.395260639e+00
1.342289260e-01 2.395956300e+00
1.342884430e-01 2.396374514e+00
1.344525560e-01 2.397530102e+00
1.344764230e-01 2.397695291e+00
1.345690100e-01 2.398329418e+00
1.347760250e-01 2.399707464e+00
1.348023340e-01 2.399878791e+00
1.348558010e-01 2.400355447e+00
1.348963000e-01 2.400715844e+00
1.352401100e-01 2.403697780e+00
1.352851340e-01 2.404077917e+00
1.355085500e-01 2.405932167e+00
1.356498680e-01 2.407073907e+00
1.356942410e-01 2.407435221e+00
1.358564220e-01 2.408735508e+00
1.358771600e-01 2.408899489e+00
1.361583150e-01 2.411070848e+00
1.361685820e-01 2.411148345e+00
1.363042320e-01 2.412160199e+00
1.363601690e-01 2.412570854e+00
1.364583000e-01 2.413282225e+00
1.364585290e-01 2.413283870e+00
1.364876950e-01 2.413493305e+00
1.364935420e-01 2.413535213e+00
1.365360290e-01 2.413838481e+00
1.366645380e-01 2.414749363e+00
1.367048190e-01 2.415030664e+00
1.367128950e-01 2.415087908e+00
1.367365460e-01 2.415255903e+00
1.370632730e-01 2.417506061e+00
1.374208730e-01 2.419815643e+00
1.375670940e-01 2.420713957e+00
1.377020110e-01 2.421518722e+00
1.377035530e-01 2.421527842e+00
1.377346690e-01 2.421711253e+00
1.377611190e-01 2.421866249e+00
1.379453550e-01 2.422978812e+00
1.379903690e-01 2.423244101e+00
1.383142570e-01 2.426031821e+00
1.383865280e-01 2.426648295e+00
1.385465320e-01 2.427994231e+00
1.386479570e-01 2.428832097e+00
1.388485700e-01 2.430454471e+00
1.388547890e-01 2.430504034e+00
1.388946250e-01 2.430825066e+00
1.390137180e-01 2.431780826e+00
1.390630190e-01 2.432171693e+00
1.390666800e-01 2.432200603e+00
1.391427620e-01 2.432797904e+00
1.391478750e-01 2.432837803e+00
1.391782560e-01 2.433074350e+00
1.393324740e-01 2.434263298e+00
1.393359400e-01 2.434289698e+00
1.393403820e-01 2.434323554e+00
1.393975390e-01 2.434757160e+00
1.396368000e-01 2.436530401e+00
1.398661610e-01 2.438167157e+00
1.400393110e-01 2.439363046e+00
1.403852910e-01 2.441644803e+00
1.404248650e-01 2.441896566e+00
1.406884930e-01 2.443533990e+00
1.407238840e-01 2.443751960e+00
1.407637310e-01 2.444004782e+00
1.408609370e-01 2.444627499e+00
1.411585170e-01 2.446463368e+00
1.411865150e-01 2.446630941e+00
1.412537210e-01 2.447029324e+00
1.412538000e-01 2.447029788e+00
1.413579370e-01 2.447832075e+00
1.414189380e-01 2.448296278e+00
1.414564680e-01 2.448579863e+00
1.415298950e-01 2.449130036e+00
1.415652870e-01 2.449394037e+00
1.416338290e-01 2.449901348e+00
1.418809470e-01 2.451686072e+00
1.419757420e-01 2.452351908e+00
1.420885920e-01 2.453130920e+00
1.422517870e-01 2.454232505e+00
1.425091320e-01 2.455906215e+00
1.425813220e-01 2.456366773e+00
1.427295910e-01 2.457293351e+00
1.427865850e-01 2.457642580e+00
1.427993560e-01 2.457720337e+00
1.428383710e-01 2.457963019e+00
1.429876990e-01 2.458875301e+00
1.430264190e-01 2.459116941e+00
1.431093840e-01 2.459631329e+00
1.432497000e-01 2.460484154e+00
1.433937320e-01 2.461335328e+00
1.436295170e-01 2.462675295e+00
1.436626550e-01 2.462858845e+00
1.437706310e-01 2.463675728e+00
1.438454440e-01 2.464236098e+00
1.438562280e-01 2.464316385e+00
1.438718570e-01 2.464432541e+00
1.439406390e-01 2.464940690e+00
1.441677450e-01 2.466580806e+00
1.442400160e-01 2.467102053e+00
1.443124580e-01 2.467618656e+00
1.444751930e-01 2.468757605e+00
1.445134710e-01 2.469021176e+00
1.445440000e-01 2.469230202e+00
1.447185710e-01 2.470405432e+00
1.451041450e-01 2.472880788e+00
1.451990900e-01 2.473464097e+00
1.453524610e-01 2.474384345e+00
1.455091320e-01 2.475296316e+00
1.457056800e-01 2.476405583e+00
1.458089180e-01 2.476970445e+00
1.458659980e-01 2.477277508e+00
1.459035290e-01 2.477477317e+00
1.460354000e-01 2.478169479e+00
1.461191060e-01 2.478767621e+00
1.461655240e-01 2.479096013e+00
1.462100950e-01 2.479409131e+00
1.462177000e-01 2.479462367e+00
1.462181730e-01 2.479465700e+00
1.464518860e-01 2.481084457e+00
1.465698610e-01 2.481912994e+00
1.466298320e-01 2.482339110e+00
1.467221330e-01 2.482987251e+00
1.467746690e-01 2.483352077e+00
1.467974130e-01 2.483511725e+00
1.468993180e-01 2.484220088e+00
1.469390900e-01 2.484493459e+00
1.471677220e-01 2.486031161e+00
1.472283710e-01 2.486429453e+00
1.473482050e-01 2.487205283e+00
1.475489300e-01 2.488468957e+00
1.478758020e-01 2.490430999e+00
1.479108000e-01 2.490634869e+00
1.479185580e-01 2.490679881e+00
1.479318500e-01 2.490756841e+00
1.480583040e-01 2.491481914e+00
1.483088010e-01 2.492869451e+00
1.483713600e-01 2.493204985e+00
1.486769470e-01 2.495375839e+00
1.487381720e-01 2.495798778e+00
1.487607500e-01 2.495953745e+00
1.488361550e-01 2.496476470e+00
1.488718050e-01 2.496721482e+00
1.491939680e-01 2.498889255e+00
1.493402090e-01 2.499837465e+00
1.494369240e-01 2.500451776e+00
1.494607520e-01 2.500601567e+00
1.494629320e-01 2.500615246e+00
1.496208250e-01 2.501612981e+00
1.496369310e-01 2.501713337e+00
1.496706990e-01 2.501922830e+00
1.498590030e-01 2.503068452e+00
1.500000000e-01 2.503905156e+00
1.501295020e-01 2.504683191e+00
1.506246530e-01 2.507500229e+00
1.506440640e-01 2.507605186e+00
1.506699490e-01 2.507744579e+00
1.506972020e-01 2.507941294e+00
1.509210810e-01 2.509529103e+00
1.509347240e-01 2.509624185e+00
1.511052910e-01 2.510796497e+00
1.513561000e-01 2.512464772e+00
1.514692850e-01 2.513195955e+00
1.514889030e-01 2.513321588e+00
1.516701480e-01 2.514471447e+00
1.517903750e-01 2.515231537e+00
1.518025550e-01 2.515309431e+00
1.518557280e-01 2.515647644e+00
1.518990470e-01 2.515920976e+00
1.520387570e-01 2.516789806e+00
1.520558880e-01 2.516895046e+00
1.520746130e-01 2.517009743e+00
1.521264930e-01 2.517325661e+00
1.522735310e-01 2.518205427e+00
1.526668420e-01 2.520457925e+00
1.526806690e-01 2.520534082e+00
1.528206910e-01 2.521293910e+00
1.529289980e-01 2.521891211e+00
1.529306590e-01 2.521900274e+00
1.530047330e-01 2.522496349e+00
1.530079490e-01 2.522522107e+00
1.531087240e-01 2.523324339e+00
1.532613780e-01 2.524520672e+00
1.534473170e-01 2.525946946e+00
1.535403370e-01 2.526647633e+00
1.536052920e-01 2.527134257e+00
1.540118890e-01 2.530085063e+00
1.540663750e-01 2.530467897e+00
1.540680820e-01 2.530479857e+00
1.540789910e-01 2.530556714e+00
1.541589020e-01 2.531117241e+00
1.543265130e-01 2.532272066e+00
1.545026920e-01 2.533455513e+00
1.545666100e-01 2.533877239e+00
1.547362400e-01 2.534976505e+00
1.547549900e-01 2.535096283e+00
1.548051740e-01 2.535415462e+00
1.548817000e-01 2.535897384e+00
1.550422390e-01 2.536910097e+00
1.554384860e-01 2.539361679e+00
1.556038070e-01 2.540336797e+00
1.556807690e-01 2.540797591e+00
1.556832080e-01 2.540812093e+00
1.559479340e-01 2.542349836e+00
1.559931090e-01 2.542605016e+00
1.563498420e-01 2.544545719e+00
1.563764550e-01 2.544685176e+00
1.564497780e-01 2.545068554e+00
1.564860080e-01 2.545255937e+00
1.566085280e-01 2.545879534e+00
1.567395550e-01 2.546534620e+00
1.567922330e-01 2.546792902e+00
1.568356130e-01 2.547003414e+00
1.569399310e-01 2.547504840e+00
1.570137200e-01 2.547852657e+00
1.571558670e-01 2.548519081e+00
1.573455150e-01 2.549374773e+00
1.574077650e-01 2.549647691e+00
1.575406690e-01 2.550663761e+00
1.575501920e-01 2.550735948e+00
1.577437050e-01 2.552184308e+00
1.580653090e-01 2.554513503e+00
1.580780980e-01 2.554604088e+00
1.581128780e-01 2.554850256e+00
1.582138110e-01 2.555558134e+00
1.583482750e-01 2.556487343e+00
1.583591030e-01 2.556563639e+00
1.584893000e-01 2.557472682e+00
1.585379710e-01 2.557817592e+00
1.590391360e-01 2.561237954e+00
1.591095260e-01 2.561707459e+00
1.591527760e-01 2.561995368e+00
1.591980060e-01 2.562294530e+00
1.594329530e-01 2.563817146e+00
1.594936550e-01 2.564201880e+00
1.597709990e-01 2.565914209e+00
1.597769430e-01 2.565950088e+00
1.598135020e-01 2.566170985e+00
1.599912920e-01 2.567227617e+00
1.600571000e-01 2.567610885e+00
1.601516000e-01 2.568157095e+00
1.601795280e-01 2.568316838e+00
1.602190050e-01 2.568541325e+00
1.603245000e-01 2.569133881e+00
1.605421300e-01 2.570322042e+00
1.610531300e-01 2.572925978e+00
1.615704490e-01 2.575396577e+00
1.615872690e-01 2.575473349e+00
1.615986210e-01 2.575525000e+00
1.617240170e-01 2.576087242e+00
1.617608660e-01 2.576363598e+00
1.619343020e-01 2.577647807e+00
1.619477630e-01 2.577746454e+00
1.620526540e-01 2.578509521e+00
1.620898560e-01 2.578777760e+00
1.621009360e-01 2.578857412e+00
1.621623850e-01 2.579297259e+00
1.621810000e-01 2.579429927e+00
1.623958210e-01 2.580941756e+00
1.624582010e-01 2.581374308e+00
1.626484640e-01 2.582671873e+00
1.629074750e-01 2.584428989e+00
1.631172570e-01 2.585837414e+00
1.631980140e-01 2.586368964e+00
1.632695140e-01 2.586834565e+00
1.633323730e-01 2.587239986e+00
1.633486600e-01 2.587344444e+00
1.635198310e-01 2.588432512e+00
1.636333060e-01 2.589139048e+00
1.637175120e-01 2.589655624e+00
1.640590000e-01 2.591747589e+00
1.643024900e-01 2.593172524e+00
1.643958080e-01 2.593703849e+00
1.644509410e-01 2.594014178e+00
1.644875160e-01 2.594218477e+00
1.647225280e-01 2.595501550e+00
1.649653610e-01 2.596779168e+00
1.650357700e-01 2.597139234e+00
1.652614300e-01 2.598261163e+00
1.653834840e-01 2.598848450e+00
1.655589060e-01 2.599667289e+00
1.656007970e-01 2.599858409e+00
1.658779320e-01 2.601080221e+00
1.658838920e-01 2.601122713e+00
1.659111260e-01 2.601316499e+00
1.659678390e-01 2.601717969e+00
1.662842550e-01 2.603906405e+00
1.663406570e-01 2.604288668e+00
1.663693770e-01 2.604487480e+00
1.663771710e-01 2.604542273e+00
1.664473240e-01 2.605043368e+00
1.665175700e-01 2.605546126e+00
1.665450860e-01 2.605742082e+00
1.666767600e-01 2.606670712e+00
1.667967100e-01 2.607503468e+00
1.670576330e-01 2.609276214e+00
1.673975650e-01 2.611496768e+00
1.676649870e-01 2.613171961e+00
1.677860400e-01 2.613909258e+00
1.678048940e-01 2.614022910e+00
1.678236550e-01 2.614135716e+00
1.678804000e-01 2.614475011e+00
1.679264580e-01 2.614748431e+00
1.682286960e-01 2.616495136e+00
1.683220720e-01 2.617018638e+00
1.683993270e-01 2.617445772e+00
1.688747660e-01 2.619954479e+00
1.688961450e-01 2.620063099e+00
1.689219020e-01 2.620193977e+00
1.690015420e-01 2.620615357e+00
1.691009130e-01 2.621132999e+00
1.694588370e-01 2.622922810e+00
1.697098430e-01 2.624134155e+00
1.697575300e-01 2.624363702e+00
1.698593160e-01 2.624846836e+00
1.698690770e-01 2.624892669e+00
1.702300960e-01 2.627485584e+00
1.703138610e-01 2.628071591e+00
1.704603730e-01 2.629082357e+00
1.705699610e-01 2.629826550e+00
1.706635740e-01 2.630454988e+00
1.707759110e-01 2.631199319e+00
1.708659410e-01 2.631788146e+00
1.708687250e-01 2.631806251e+00
1.710507600e-01 2.632977012e+00
1.710623100e-01 2.633050367e+00
1.711530030e-01 2.633622375e+00
1.712151810e-01 2.634014792e+00
1.712431740e-01 2.634191162e+00
1.716523430e-01 2.636699307e+00
1.716940620e-01 2.636947074e+00
1.718908310e-01 2.638095451e+00
1.720574890e-01 2.639041935e+00
1.722091400e-01 2.639885703e+00
1.722860050e-01 2.640312694e+00
1.723978330e-01 2.640924753e+00
1.724720580e-01 2.641324946e+00
1.726806460e-01 2.642423626e+00
1.728003970e-01 2.643050013e+00
1.728860850e-01 2.643490466e+00
1.732294740e-01 2.645190292e+00
1.733312960e-01 2.645674382e+00
1.736979460e-01 2.647340708e+00
1.737801000e-01 2.647898592e+00
1.738739000e-01 2.648528865e+00
1.739596700e-01 2.649099031e+00
1.740376020e-01 2.649611952e+00
1.741966200e-01 2.650695718e+00
1.742073470e-01 2.650768159e+00
1.742679690e-01 2.651175824e+00
1.743172340e-01 2.651504917e+00
1.743697430e-01 2.651853495e+00
1.743829030e-01 2.651940526e+00
1.744838340e-01 2.652603268e+00
1.744978310e-01 2.652694860e+00
1.746522470e-01 2.653694652e+00
1.751811190e-01 2.657011533e+00
1.753227280e-01 2.657860849e+00
1.753503750e-01 2.658028446e+00
1.755193270e-01 2.659044111e+00
1.755888570e-01 2.659456315e+00
1.756853290e-01 2.660022436e+00
1.757924000e-01 2.660648572e+00
1.758799530e-01 2.661153472e+00
1.760722500e-01 2.662240177e+00
1.761164240e-01 2.662485426e+00
1.763823440e-01 2.663927150e+00
1.765212040e-01 2.664656450e+00
1.767125980e-01 2.665634915e+00
1.768183810e-01 2.666162430e+00
1.770618630e-01 2.667364149e+00
1.771793770e-01 2.667926048e+00
1.773546250e-01 2.668741971e+00
1.773658540e-01 2.668793349e+00
1.774331450e-01 2.669251415e+00
1.777277490e-01 2.671216582e+00
1.778943920e-01 2.672297728e+00
1.781005420e-01 2.673604912e+00
1.781876560e-01 2.674147100e+00
1.785171810e-01 2.676152528e+00
1.786069010e-01 2.676686288e+00
1.787941700e-01 2.677779661e+00
1.788545840e-01 2.678126416e+00
1.789741860e-01 2.678804150e+00
1.790193380e-01 2.679070792e+00
1.790680820e-01 2.679356829e+00
1.791571240e-01 2.679874387e+00
1.792143300e-01 2.680203602e+00
1.795278720e-01 2.681962956e+00
1.796251490e-01 2.682492533e+00
1.799842050e-01 2.684385535e+00
1.800433290e-01 2.684687120e+00
1.800440150e-01 2.684690639e+00
1.803143950e-01 2.686089795e+00
1.803293540e-01 2.686165530e+00
1.805763910e-01 2.687389583e+00
1.805862090e-01 2.687437204e+00
1.806107660e-01 2.687555988e+00
1.806739600e-01 2.687859650e+00
1.808748320e-01 2.688824704e+00
1.809593930e-01 2.689398522e+00
1.813483600e-01 2.691968466e+00
1.815777200e-01 2.693429437e+00
1.816379410e-01 2.693806308e+00
1.817633980e-01 2.694582440e+00
1.819701000e-01 2.695834568e+00
1.819824750e-01 2.695908819e+00
1.821860090e-01 2.697114280e+00
1.823055190e-01 2.697807139e+00
1.825807920e-01 2.699360366e+00
1.828377750e-01 2.700756491e+00
1.828738430e-01 2.700948245e+00
1.830776050e-01 2.702013440e+00
1.833749470e-01 2.703508296e+00
1.835166950e-01 2.704201350e+00
1.835615430e-01 2.704417331e+00
1.836207170e-01 2.704700646e+00
1.836682300e-01 2.704931408e+00
1.837293320e-01 2.705232242e+00
1.839944530e-01 2.706578174e+00
1.840753990e-01 2.706977963e+00
1.840772000e-01 2.706986806e+00
1.842270840e-01 2.707713662e+00
1.842275210e-01 2.707715779e+00
1.844750050e-01 2.709373336e+00
1.844821280e-01 2.709420497e+00
1.845598920e-01 2.709932968e+00
1.847720480e-01 2.711308301e+00
1.848835170e-01 2.712017629e+00
1.853104450e-01 2.714648468e+00
1.857024360e-01 2.716943012e+00
1.859409490e-01 2.718282006e+00
1.861354660e-01 2.719341908e+00
1.862087000e-01 2.719733428e+00
1.862150670e-01 2.719767302e+00
1.864341880e-01 2.720915716e+00
1.867440770e-01 2.722512171e+00
1.868546600e-01 2.723064085e+00
1.868558500e-01 2.723069999e+00
1.869222120e-01 2.723398269e+00
1.872837090e-01 2.725126368e+00
1.873302230e-01 2.725341382e+00
1.874270860e-01 2.725784934e+00
1.874406040e-01 2.725870644e+00
1.879587200e-01 2.729058788e+00
1.881312110e-01 2.730076430e+00
1.882108530e-01 2.730549398e+00
1.882376060e-01 2.730707241e+00
1.883019590e-01 2.731088076e+00
1.883649000e-01 2.731474124e+00
1.886361730e-01 2.733116041e+00
1.887200950e-01 2.733613105e+00
1.888355110e-01 2.734288432e+00
1.894864580e-01 2.737913202e+00
1.899423610e-01 2.740264078e+00
1.901351890e-01 2.741211349e+00
1.904771270e-01 2.742822328e+00
1.905441700e-01 2.743240176e+00
1.905460600e-01 2.743251911e+00
1.905461000e-01 2.743252158e+00
1.906614200e-01 2.743964558e+00
1.908198120e-01 2.744949211e+00
1.909336010e-01 2.745645841e+00
1.909403610e-01 2.745687017e+00
1.910952900e-01 2.746622597e+00
1.912844570e-01 2.747741669e+00
1.913995600e-01 2.748410033e+00
1.917749490e-01 2.750534208e+00
1.919788470e-01 2.751645337e+00
1.920767280e-01 2.752168197e+00
1.921984990e-01 2.752814735e+00
1.926441910e-01 2.755088638e+00
1.926658260e-01 2.755195309e+00
1.926921000e-01 2.755324430e+00
1.927525000e-01 2.755634020e+00
1.928485400e-01 2.756133377e+00
1.932101800e-01 2.757953330e+00
1.932733010e-01 2.758261167e+00
1.933066220e-01 2.758422502e+00
1.933081050e-01 2.758429666e+00
1.933816030e-01 2.758783087e+00
1.935168280e-01 2.759731385e+00
