4.340000000e-06 3.610000000e-03 1375
1375
4.340000000e-06 2.857506270e-12
4.340000000e-06 2.857506270e-12
4.359954130e-06 2.674829628e-12
4.380000000e-06 2.503831362e-12
4.399954550e-06 2.334759585e-12
4.420000000e-06 2.177104494e-12
4.434974640e-06 2.059162028e-12
4.450000000e-06 1.947609044e-12
4.463479590e-06 1.848542074e-12
4.477000000e-06 1.754514308e-12
4.488485270e-06 1.674660856e-12
4.500000000e-06 1.598441850e-12
4.513479820e-06 1.509200843e-12
4.527000000e-06 1.424942210e-12
4.538485440e-06 1.353757548e-12
4.550000000e-06 1.286129045e-12
4.560429050e-06 1.225181040e-12
4.570882000e-06 1.167121349e-12
4.581927660e-06 1.106002428e-12
4.593000000e-06 1.048084181e-12
4.603986860e-06 9.906516006e-13
4.615000000e-06 9.363662518e-13
4.624989190e-06 8.873321991e-13
4.635000000e-06 8.408659287e-13
4.642493950e-06 8.061453006e-13
4.650000000e-06 7.728583799e-13
4.659989280e-06 7.288225751e-13
4.670000000e-06 6.872958724e-13
4.680987080e-06 6.419812080e-13
4.692000000e-06 5.996542586e-13
4.700991390e-06 5.652970098e-13
4.710000000e-06 5.329082981e-13
4.718991420e-06 5.007747706e-13
4.728000000e-06 4.705788783e-13
4.734994830e-06 4.472811049e-13
4.742000000e-06 4.251368066e-13
4.748495560e-06 4.047200607e-13
4.755000000e-06 3.852838338e-13
4.762494100e-06 3.630403097e-13
4.770000000e-06 3.420809938e-13
4.778143550e-06 3.195458436e-13
4.786301000e-06 2.984952605e-13
4.793145610e-06 2.810142817e-13
4.800000000e-06 2.645570765e-13
4.807494150e-06 2.467812319e-13
4.815000000e-06 2.301997856e-13
4.820996270e-06 2.171448784e-13
4.827000000e-06 2.048303501e-13
4.832496880e-06 1.937044300e-13
4.838000000e-06 1.831828615e-13
4.843996290e-06 1.719136737e-13
4.850000000e-06 1.613377696e-13
4.854997430e-06 1.527101968e-13
4.860000000e-06 1.445440016e-13
4.866994970e-06 1.334176784e-13
4.874000000e-06 1.231478224e-13
4.879496910e-06 1.153622317e-13
4.885000000e-06 1.080688699e-13
4.888745700e-06 1.032195982e-13
4.894369620e-06 9.635062737e-14
4.900000000e-06 8.993877808e-14
4.905490770e-06 8.398655975e-14
4.909612890e-06 7.978236404e-14
4.915802550e-06 7.386736643e-14
4.922000000e-06 6.839091022e-14
4.928495720e-06 6.322752002e-14
4.935000000e-06 5.845396337e-14
4.938998390e-06 5.584984195e-14
4.943000000e-06 5.336173983e-14
4.950000000e-06 4.954698427e-14
4.957000000e-06 4.632106267e-14
4.962000000e-06 4.437859122e-14
4.967000000e-06 4.273738092e-14
4.971500000e-06 4.151627595e-14
4.977000000e-06 4.035580181e-14
4.981000000e-06 3.973653876e-14
4.985000000e-06 3.930796998e-14
4.989000000e-06 3.906962671e-14
4.993000000e-06 3.902189806e-14
4.997000000e-06 3.916516802e-14
5.001500000e-06 3.955007372e-14
5.005000000e-06 4.001455397e-14
5.010000000e-06 4.092821528e-14
5.015000000e-06 4.213659026e-14
5.020000000e-06 4.363799445e-14
5.025000000e-06 4.543070229e-14
5.031000000e-06 4.796698610e-14
5.037000000e-06 5.092194024e-14
5.042000000e-06 5.370301972e-14
5.046997530e-06 5.682697948e-14
5.052000000e-06 6.013265619e-14
5.058495830e-06 6.497752697e-14
5.065000000e-06 7.021273914e-14
5.071736560e-06 7.617967322e-14
5.076794850e-06 8.098535595e-14
5.084391750e-06 8.876822394e-14
5.092000000e-06 9.729903028e-14
5.098495860e-06 1.049899242e-13
5.105000000e-06 1.132887232e-13
5.112494500e-06 1.232479002e-13
5.120000000e-06 1.340825707e-13
5.127494520e-06 1.452720725e-13
5.135000000e-06 1.573953471e-13
5.140497060e-06 1.664658581e-13
5.146000000e-06 1.760590740e-13
5.151996510e-06 1.866855278e-13
5.158000000e-06 1.979533455e-13
5.164995260e-06 2.112731788e-13
5.172000000e-06 2.254892541e-13
5.179993830e-06 2.419192060e-13
5.188000000e-06 2.595462801e-13
5.193996540e-06 2.728883493e-13
5.200000000e-06 2.869162483e-13
5.207494600e-06 3.045561847e-13
5.215000000e-06 3.232806209e-13
5.222494620e-06 3.421204392e-13
5.230000000e-06 3.620581571e-13
5.239029710e-06 3.861907882e-13
5.248075000e-06 4.119319266e-13
5.255532210e-06 4.332679746e-13
5.263000000e-06 4.557090931e-13
5.271493150e-06 4.813304508e-13
5.280000000e-06 5.083922866e-13
5.289990550e-06 5.402990102e-13
5.300000000e-06 5.742081676e-13
5.309990590e-06 6.081530504e-13
5.320000000e-06 6.441045814e-13
5.329990620e-06 6.800921773e-13
5.340000000e-06 7.180904470e-13
5.352485410e-06 7.655907245e-13
5.365000000e-06 8.162330093e-13
5.377485480e-06 8.668150678e-13
5.390000000e-06 9.205316568e-13
5.410000000e-06 1.008468558e-12
5.424979270e-06 1.075807098e-12
5.440000000e-06 1.147641986e-12
5.454979380e-06 1.219317493e-12
5.470000000e-06 1.295469415e-12
5.484979490e-06 1.371391631e-12
5.500000000e-06 1.451763294e-12
5.517472250e-06 1.545280441e-12
5.535000000e-06 1.644821558e-12
5.552472430e-06 1.743999110e-12
5.570000000e-06 1.849156700e-12
5.589964230e-06 1.968836087e-12
5.610000000e-06 2.096261189e-12
5.629964480e-06 2.223103837e-12
5.650000000e-06 2.357621553e-12
5.688529000e-06 2.622628438e-12
5.730000000e-06 2.922111881e-12
5.770000000e-06 3.224783254e-12
5.821032000e-06 3.630296969e-12
5.865000000e-06 3.996741527e-12
5.920000000e-06 4.476992555e-12
5.980000000e-06 5.027975178e-12
6.050000000e-06 5.705666513e-12
6.120000000e-06 6.420111440e-12
6.200000000e-06 7.280038586e-12
6.270000000e-06 8.069626616e-12
6.350000000e-06 9.013141248e-12
6.456542000e-06 1.033608977e-11
6.550000000e-06 1.155645229e-11
6.650000000e-06 1.292241747e-11
6.770000000e-06 1.464035329e-11
6.890000000e-06 1.644097893e-11
7.000000000e-06 1.816236450e-11
7.150000000e-06 2.061321033e-11
7.270000000e-06 2.265643858e-11
7.420000000e-06 2.530919100e-11
7.600000000e-06 2.863111216e-11
7.770000000e-06 3.190092402e-11
8.000000000e-06 3.651916800e-11
8.222426000e-06 4.118667764e-11
8.420000000e-06 4.548938375e-11
8.709636000e-06 5.204721831e-11
9.015711000e-06 5.927986189e-11
9.350000000e-06 6.751122221e-11
9.700000000e-06 7.648117599e-11
1.011579000e-05 8.758449255e-11
1.059254000e-05 1.008857811e-10
1.109175000e-05 1.154256694e-10
1.161449000e-05 1.312775137e-10
1.230269000e-05 1.530748021e-10
1.310000000e-05 1.795617724e-10
1.396368000e-05 2.096946685e-10
1.500000000e-05 2.477320875e-10
1.559716330e-05 2.703536574e-10
1.621810000e-05 2.950408983e-10
1.698243410e-05 3.259302550e-10
1.778279000e-05 3.600535740e-10
1.870000000e-05 3.999746412e-10
1.870000000e-05 1.246130141e-05
1.872837000e-05 1.224489794e-05
1.876650290e-05 1.195032462e-05
1.883219770e-05 1.146788758e-05
1.889709060e-05 1.101190384e-05
1.896118800e-05 1.058081521e-05
1.900000000e-05 1.033191747e-05
1.900000000e-05 1.542225573e-05
1.902449620e-05 1.519334037e-05
1.906636150e-05 1.481464694e-05
1.908702160e-05 1.462949272e-05
1.913191240e-05 1.423988603e-05
1.914877080e-05 1.409486594e-05
1.919665920e-05 1.369578104e-05
1.920975030e-05 1.358764606e-05
1.926060840e-05 1.318047444e-05
1.926996660e-05 1.310617286e-05
1.932376640e-05 1.269210829e-05
1.932942630e-05 1.264895468e-05
1.938613980e-05 1.222905164e-05
1.938813630e-05 1.221439166e-05
1.944610300e-05 1.180143715e-05
1.944773530e-05 1.179013973e-05
1.950333320e-05 1.140888815e-05
1.950855940e-05 1.137462797e-05
1.961649790e-05 1.067435100e-05
1.962886350e-05 1.059835057e-05
1.972423000e-05 1.002304959e-05
1.972675230e-05 1.000755033e-05
1.974611540e-05 9.896615251e-06
1.983415210e-05 9.401230774e-06
1.986037110e-05 9.260974882e-06
1.993875330e-05 8.848845161e-06
1.997168660e-05 8.683974405e-06
2.004061170e-05 8.344627681e-06
2.008011860e-05 8.159195100e-06
2.013978320e-05 7.883540914e-06
2.018572330e-05 7.680919496e-06
2.023632360e-05 7.461121092e-06
2.028855760e-05 7.244215531e-06
2.033028840e-05 7.073456895e-06
2.038867780e-05 6.844741201e-06
2.042173280e-05 6.717088801e-06
2.048614040e-05 6.478671783e-06
2.051071180e-05 6.388955084e-06
2.058100150e-05 6.142635211e-06
2.059727990e-05 6.086340470e-06
2.067331710e-05 5.833651289e-06
2.068149110e-05 5.806832377e-06
2.076314270e-05 5.549082085e-06
2.076339910e-05 5.548282642e-06
2.084305670e-05 5.309344839e-06
2.085053340e-05 5.287683533e-06
2.092051650e-05 5.087653346e-06
2.093554390e-05 5.046123178e-06
2.099583020e-05 4.881670624e-06
2.101357850e-05 4.834848930e-06
2.101822830e-05 4.822536181e-06
2.106904880e-05 4.690036220e-06
2.109864020e-05 4.615293925e-06
2.114022290e-05 4.511527068e-06
2.117683270e-05 4.422939111e-06
2.120940200e-05 4.345042051e-06
2.125285790e-05 4.244166130e-06
2.127663510e-05 4.189588277e-06
2.132676760e-05 4.077802972e-06
2.134197050e-05 4.044269086e-06
2.139861270e-05 3.922795528e-06
2.140545540e-05 3.908273441e-06
2.146844350e-05 3.780612977e-06
2.152899530e-05 3.657926627e-06
2.153630930e-05 3.643993405e-06
2.164546140e-05 3.438396548e-06
2.166841040e-05 3.397124990e-06
2.175522050e-05 3.244265348e-06
2.179299100e-05 3.180595492e-06
2.185862510e-05 3.072096190e-06
2.191043580e-05 2.989896195e-06
2.195601320e-05 2.918882316e-06
2.202111500e-05 2.821297989e-06
2.204770860e-05 2.782098575e-06
2.212538440e-05 2.671699759e-06
2.213402090e-05 2.659614413e-06
2.221524540e-05 2.549931281e-06
2.222358540e-05 2.539018526e-06
2.229166410e-05 2.451389298e-06
2.231604460e-05 2.420886983e-06
2.236354540e-05 2.362354989e-06
2.238721000e-05 2.334036863e-06
2.240307450e-05 2.314934312e-06
2.243114450e-05 2.281730777e-06
2.248497320e-05 2.220762006e-06
2.255844410e-05 2.137831900e-06
2.256202510e-05 2.134010759e-06
2.263450110e-05 2.057489715e-06
2.267042370e-05 2.020050323e-06
2.276886180e-05 1.921463180e-06
2.277102150e-05 1.919376828e-06
2.285534560e-05 1.839917832e-06
2.289115220e-05 1.807080574e-06
2.293128840e-05 1.771044147e-06
2.299678630e-05 1.714686793e-06
2.306479590e-05 1.656655132e-06
2.308961600e-05 1.636531197e-06
2.316543640e-05 1.575681624e-06
2.317114920e-05 1.571260140e-06
2.324120480e-05 1.518174483e-06
2.331452570e-05 1.464288694e-06
2.335532230e-05 1.434865281e-06
2.342264000e-05 1.388534537e-06
2.347000000e-05 1.356261502e-06
2.350405460e-05 1.334234527e-06
2.357762160e-05 1.287279527e-06
2.359155530e-05 1.278269479e-06
2.362670730e-05 1.256826349e-06
2.371374000e-05 1.204650950e-06
2.375000000e-05 1.184538198e-06
2.383000000e-05 1.140743373e-06
2.385644070e-05 1.126151321e-06
2.396461980e-05 1.069532256e-06
2.400000000e-05 1.051389385e-06
2.410000000e-05 1.004088878e-06
2.413268330e-05 9.890920780e-07
2.417465250e-05 9.708381888e-07
2.426610000e-05 9.314175058e-07
2.428706490e-05 9.230953821e-07
2.440000000e-05 8.789873566e-07
2.440619070e-05 8.766741246e-07
2.451178890e-05 8.391586250e-07
2.454709000e-05 8.263569013e-07
2.454954180e-05 8.255476733e-07
2.468880100e-05 7.807193838e-07
2.470000000e-05 7.772537744e-07
2.481473360e-05 7.432160015e-07
2.483133000e-05 7.383500752e-07
2.493000000e-05 7.117989009e-07
2.497468130e-05 7.001984241e-07
2.506463650e-05 6.778209900e-07
2.511886000e-05 6.645247315e-07
2.520000000e-05 6.461159558e-07
2.526387640e-05 6.321604512e-07
2.534955630e-05 6.141565679e-07
2.540973000e-05 6.017209297e-07
2.550000000e-05 5.843959371e-07
2.555642160e-05 5.739021012e-07
2.560177690e-05 5.658326996e-07
2.570396000e-05 5.477204022e-07
2.585235170e-05 5.244474421e-07
2.590122310e-05 5.168292793e-07
2.598289440e-05 5.048161959e-07
2.600160000e-05 5.020242552e-07
2.610000000e-05 4.879479788e-07
2.617522040e-05 4.781570800e-07
2.629923960e-05 4.621969739e-07
2.635000000e-05 4.559730325e-07
2.649957550e-05 4.381469839e-07
2.650000000e-05 4.380968698e-07
2.665000000e-05 4.219898429e-07
2.670686760e-05 4.160232026e-07
2.682442920e-05 4.043000128e-07
2.691535000e-05 3.952903584e-07
2.700000000e-05 3.876531283e-07
2.715659390e-05 3.738845554e-07
2.719926470e-05 3.703355092e-07
2.740000000e-05 3.537455763e-07
2.753647700e-05 3.436994894e-07
2.754229000e-05 3.433012774e-07
2.774246810e-05 3.291657918e-07
2.795000000e-05 3.152496564e-07
2.808900470e-05 3.070438644e-07
2.822870050e-05 2.987324796e-07
2.829880880e-05 2.948111432e-07
2.851018000e-05 2.829836922e-07
2.867477180e-05 2.747567723e-07
2.892344270e-05 2.628654400e-07
2.892344670e-05 2.628652636e-07
2.917427000e-05 2.514929191e-07
2.934269590e-05 2.445767248e-07
2.959715970e-05 2.345601208e-07
2.985383000e-05 2.249569910e-07
3.002617690e-05 2.190678849e-07
3.018865700e-05 2.138114848e-07
3.028656440e-05 2.105248794e-07
3.054921000e-05 2.023186494e-07
3.078418270e-05 1.956470933e-07
3.096159750e-05 1.907897722e-07
3.122963850e-05 1.837314937e-07
3.134103420e-05 1.809941435e-07
3.150000000e-05 1.769378146e-07
3.171267890e-05 1.720571421e-07
3.203439270e-05 1.649907987e-07
3.235937000e-05 1.582187624e-07
3.238539230e-05 1.577378795e-07
3.259200680e-05 1.537936997e-07
3.294410160e-05 1.473910543e-07
3.330000000e-05 1.412596133e-07
3.354155400e-05 1.374826398e-07
3.390717430e-05 1.320094506e-07
3.427678000e-05 1.267586822e-07
3.429745370e-05 1.265071760e-07
3.455419890e-05 1.232619115e-07
3.467368710e-05 1.217483663e-07
3.497454280e-05 1.181164815e-07
3.507519000e-05 1.169075416e-07
3.540000000e-05 1.133350695e-07
3.548133860e-05 1.124682426e-07
3.580522570e-05 1.091886351e-07
3.585103180e-05 1.087015109e-07
3.589219000e-05 1.082845158e-07
3.630780380e-05 1.044620222e-07
3.630781000e-05 1.044619675e-07
3.672823000e-05 1.008922571e-07
3.672823090e-05 1.008922502e-07
3.697939640e-05 9.903837875e-08
3.700000000e-05 9.888051149e-08
3.700000000e-05 1.082450274e-07
3.715352000e-05 1.072952823e-07
3.715352270e-05 1.072952673e-07
3.758373920e-05 1.050365616e-07
3.758374000e-05 1.050365571e-07
3.784556990e-05 1.039206602e-07
3.794017980e-05 1.034953619e-07
3.801894000e-05 1.031713974e-07
3.830000000e-05 1.021147388e-07
3.840748460e-05 1.017871036e-07
3.849240480e-05 1.015420493e-07
3.864841530e-05 1.010764129e-07
3.880000000e-05 1.006572998e-07
3.881324210e-05 1.006261117e-07
3.900000000e-05 1.001651985e-07
3.914843550e-05 9.990610798e-08
3.934844350e-05 9.956260728e-08
3.948344460e-05 9.935277547e-08
3.950000000e-05 9.932702434e-08
3.970000000e-05 9.909077155e-08
3.988398370e-05 9.902694308e-08
4.027170000e-05 9.887651364e-08
4.042000000e-05 9.885970016e-08
4.050000000e-05 9.892794875e-08
4.073803000e-05 9.913052562e-08
4.090000000e-05 9.924981463e-08
4.110000000e-05 9.946876561e-08
4.150000000e-05 1.002223443e-07
4.168694000e-05 1.006349769e-07
4.180000000e-05 1.008688117e-07
4.210900930e-05 1.017339121e-07
4.220000000e-05 1.019837216e-07
4.240000000e-05 1.026070742e-07
4.270000000e-05 1.037293169e-07
4.280000000e-05 1.040889518e-07
4.300000000e-05 1.048779914e-07
4.350000000e-05 1.071701014e-07
4.365158000e-05 1.079185057e-07
4.370000000e-05 1.081515884e-07
4.420000000e-05 1.108475668e-07
4.470000000e-05 1.139932465e-07
4.480517200e-05 1.146451857e-07
4.490900000e-05 1.152909963e-07
4.570882000e-05 1.210767951e-07
4.650000000e-05 1.275442170e-07
4.680000000e-05 1.302947990e-07
4.730555410e-05 1.349364564e-07
4.738600000e-05 1.356861898e-07
4.800000000e-05 1.419783016e-07
4.820000000e-05 1.440309581e-07
4.841724000e-05 1.463299901e-07
4.900000000e-05 1.529085288e-07
4.954502000e-05 1.593729203e-07
4.960758900e-05 1.601392856e-07
5.011872000e-05 1.665061238e-07
5.080000000e-05 1.754360543e-07
5.150000000e-05 1.850727516e-07
5.171358050e-05 1.881304315e-07
5.248075000e-05 1.994304767e-07
5.308844000e-05 2.087602258e-07
5.362953540e-05 2.174268747e-07
5.432503000e-05 2.289625495e-07
5.536413690e-05 2.467350800e-07
5.623413000e-05 2.623991134e-07
5.850000000e-05 3.059547160e-07
5.853577940e-05 3.066723000e-07
5.900000000e-05 3.161003818e-07
6.025596000e-05 3.422827157e-07
6.095369000e-05 3.573760769e-07
6.103318850e-05 3.591058921e-07
6.165950000e-05 3.729576352e-07
6.309573000e-05 4.055606198e-07
6.400000000e-05 4.266670739e-07
6.498049850e-05 4.499035492e-07
6.580000000e-05 4.700339590e-07
6.606934000e-05 4.767121342e-07
6.683439000e-05 4.958625801e-07
6.839116000e-05 5.355375556e-07
6.918310000e-05 5.562997748e-07
7.140851630e-05 6.157749459e-07
7.150000000e-05 6.183122352e-07
7.161434000e-05 6.214541318e-07
7.328245000e-05 6.672991395e-07
7.413102000e-05 6.913397330e-07
7.488157930e-05 7.128047342e-07
7.500000000e-05 7.162329277e-07
7.762471000e-05 7.927347540e-07
7.800000000e-05 8.039333136e-07
7.852356000e-05 8.196800484e-07
8.150000000e-05 9.103178225e-07
8.222426000e-05 9.329754348e-07
8.317637660e-05 9.625104221e-07
8.413951000e-05 9.929421686e-07
8.511380000e-05 1.024236629e-06
8.650000000e-05 1.069211000e-06
8.759916780e-05 1.104795670e-06
8.810489000e-05 1.121462768e-06
8.912509000e-05 1.155495552e-06
9.120108000e-05 1.225601959e-06
9.225714520e-05 1.261270784e-06
9.440609000e-05 1.335364699e-06
9.549925660e-05 1.373416023e-06
9.660509000e-05 1.412670258e-06
1.000000000e-04 1.533898490e-06
1.011579600e-04 1.575827269e-06
1.023293000e-04 1.618681192e-06
1.047128460e-04 1.705945509e-06
1.059254000e-04 1.751277306e-06
1.060000000e-04 1.754079045e-06
1.083927000e-04 1.844074404e-06
1.096478000e-04 1.891358455e-06
1.102808560e-04 1.915355922e-06
1.122018000e-04 1.988620613e-06
1.148153320e-04 2.088746100e-06
1.148154000e-04 2.088748737e-06
1.150000000e-04 2.095923678e-06
1.194100000e-04 2.267415512e-06
1.202264000e-04 2.299264474e-06
1.204942600e-04 2.309741483e-06
1.224700000e-04 2.387129141e-06
1.258925310e-04 2.521308383e-06
1.264540000e-04 2.543555074e-06
1.273503000e-04 2.579054104e-06
1.296281740e-04 2.669214763e-06
1.303167000e-04 2.696407155e-06
1.318257000e-04 2.755769521e-06
1.345394500e-04 2.862164866e-06
1.348962830e-04 2.876082513e-06
1.350000000e-04 2.880220796e-06
1.372461120e-04 2.969481006e-06
1.396368000e-04 3.064813238e-06
1.396905160e-04 3.066930378e-06
1.428894000e-04 3.193601903e-06
1.437142770e-04 3.226084972e-06
1.445440000e-04 3.258614227e-06
1.447256720e-04 3.265703460e-06
1.496235650e-04 3.459726706e-06
1.496235960e-04 3.459727952e-06
1.500000000e-04 3.474852379e-06
1.500548190e-04 3.477058478e-06
1.548817000e-04 3.668229240e-06
1.559716330e-04 3.710509685e-06
1.566751000e-04 3.738681696e-06
1.612501070e-04 3.919153806e-06
1.612501220e-04 3.919154393e-06
1.617148720e-04 3.937745125e-06
1.621810000e-04 3.956328239e-06
1.656008070e-04 4.092215337e-06
1.678804000e-04 4.180458459e-06
1.683643180e-04 4.199084069e-06
1.689492710e-04 4.221897530e-06
1.716054890e-04 4.328987094e-06
1.747833330e-04 4.453713750e-06
1.757924000e-04 4.493435191e-06
1.760000000e-04 4.501638701e-06
1.778279000e-04 4.574974161e-06
1.819701000e-04 4.736183551e-06
1.824945550e-04 4.756303138e-06
1.824946240e-04 4.756305779e-06
1.841858850e-04 4.821426938e-06
1.869807060e-04 4.933113319e-06
1.876884560e-04 4.960888909e-06
1.894523720e-04 5.030348377e-06
1.912865790e-04 5.103160530e-06
1.927525000e-04 5.160313292e-06
1.954133460e-04 5.264963201e-06
1.957576700e-04 5.278277812e-06
1.972423000e-04 5.336293877e-06
2.006781080e-04 5.468844510e-06
2.033925070e-04 5.576206861e-06
2.041738000e-04 5.606502216e-06
2.059298300e-04 5.674387999e-06
2.089296000e-04 5.790908519e-06
2.106410870e-04 5.857862577e-06
2.113489130e-04 5.885161147e-06
2.150000000e-04 6.024482897e-06
2.168952420e-04 6.094806593e-06
2.171951920e-04 6.105972874e-06
2.175203820e-04 6.118031769e-06
2.196993920e-04 6.203362634e-06
2.230971060e-04 6.334999351e-06
2.254888280e-04 6.424219915e-06
2.264644000e-04 6.460596815e-06
2.269417740e-04 6.478592177e-06
2.283926900e-04 6.534207369e-06
2.310734030e-04 6.634194155e-06
2.344229000e-04 6.760049548e-06
2.379642190e-04 6.889180805e-06
2.381633820e-04 6.896243350e-06
2.391938670e-04 6.934756161e-06
2.412681680e-04 7.012592377e-06
2.454051960e-04 7.164797599e-06
2.454709000e-04 7.167141883e-06
2.465329920e-04 7.205503919e-06
2.504667090e-04 7.346805177e-06
2.511382270e-04 7.371420879e-06
2.519126720e-04 7.399528479e-06
2.540973000e-04 7.479495885e-06
2.581517070e-04 7.622744515e-06
2.599898710e-04 7.689179276e-06
2.603391890e-04 7.701608327e-06
2.630268000e-04 7.798434299e-06
2.660725000e-04 7.905256657e-06
2.691535000e-04 8.011307979e-06
2.699906910e-04 8.039202651e-06
2.718193160e-04 8.101524644e-06
2.730549070e-04 8.143558659e-06
2.758195400e-04 8.240089288e-06
2.784117000e-04 8.326785308e-06
2.786060560e-04 8.333539854e-06
2.800000000e-04 8.382594781e-06
2.817876160e-04 8.445253309e-06
2.866445740e-04 8.606728034e-06
2.872162110e-04 8.626307356e-06
2.891052010e-04 8.691680569e-06
2.925441580e-04 8.809455216e-06
2.927501560e-04 8.816312326e-06
2.951209000e-04 8.896109146e-06
2.960000000e-04 8.926062933e-06
2.960000000e-04 6.634783435e-05
2.986400000e-04 6.706653048e-05
2.990000000e-04 6.716800552e-05
2.990000000e-04 1.010738304e-04
3.000000000e-04 1.013480535e-04
3.008801770e-04 1.015834159e-04
3.012516370e-04 1.016808506e-04
3.016500000e-04 1.017845940e-04
3.028656210e-04 1.021143566e-04
3.055701910e-04 1.028107823e-04
3.064945400e-04 1.030602621e-04
3.072877050e-04 1.032908287e-04
3.088072490e-04 1.037193377e-04
3.100000000e-04 1.040459997e-04
3.128534480e-04 1.047842142e-04
3.139076220e-04 1.050416140e-04
3.162681780e-04 1.056628318e-04
3.171557550e-04 1.059148911e-04
3.178859080e-04 1.061179406e-04
3.179389580e-04 1.061325967e-04
3.215000000e-04 1.070780371e-04
3.228536590e-04 1.074948073e-04
3.239317090e-04 1.078188465e-04
3.273407000e-04 1.087946097e-04
3.276315750e-04 1.088589648e-04
3.305630370e-04 1.095221617e-04
3.323068770e-04 1.098853293e-04
3.332166860e-04 1.100818763e-04
3.344837320e-04 1.103461808e-04
3.350788870e-04 1.104658217e-04
3.352166880e-04 1.104976079e-04
3.394452190e-04 1.114098511e-04
3.412477920e-04 1.117957929e-04
3.424736420e-04 1.120463689e-04
3.427678000e-04 1.121050572e-04
3.430000000e-04 1.121510630e-04
3.467369000e-04 1.128935271e-04
3.473611460e-04 1.130344694e-04
3.504985100e-04 1.136988856e-04
3.507518840e-04 1.137499513e-04
3.507519000e-04 1.137499548e-04
3.513972120e-04 1.138996373e-04
3.548134000e-04 1.147676037e-04
3.573435250e-04 1.153612675e-04
3.578050360e-04 1.154647421e-04
3.600000000e-04 1.159683034e-04
3.630780580e-04 1.168498931e-04
3.650000000e-04 1.173748020e-04
3.650181220e-04 1.173802525e-04
3.672823150e-04 1.180466498e-04
3.681093790e-04 1.182835712e-04
3.715352000e-04 1.192319067e-04
3.725172900e-04 1.195423781e-04
3.758374000e-04 1.205964203e-04
3.768401680e-04 1.209043760e-04
3.769207260e-04 1.209288851e-04
3.790966670e-04 1.215800240e-04
3.801894000e-04 1.219295426e-04
3.806172400e-04 1.220737755e-04
3.810000000e-04 1.222033829e-04
3.810000000e-04 1.372163798e-04
3.857003220e-04 1.393362206e-04
3.890451000e-04 1.407902940e-04
3.907283880e-04 1.414820724e-04
3.918546660e-04 1.419775446e-04
3.923986590e-04 1.422156074e-04
3.932670010e-04 1.426090172e-04
3.935501000e-04 1.427369582e-04
3.985000000e-04 1.449299236e-04
4.027170000e-04 1.466624698e-04
4.038777730e-04 1.471281728e-04
4.048962570e-04 1.475313800e-04
4.050000000e-04 1.475723212e-04
4.050419540e-04 1.475889480e-04
4.073803000e-04 1.485082680e-04
4.120975000e-04 1.502315990e-04
4.138777000e-04 1.509055560e-04
4.138805300e-04 1.509066544e-04
4.153722270e-04 1.514845410e-04
4.168694000e-04 1.520534125e-04
4.216965000e-04 1.537604661e-04
4.229120190e-04 1.541832694e-04
4.229500000e-04 1.541963983e-04
4.242072440e-04 1.546300944e-04
4.275013350e-04 1.557250919e-04
4.280000000e-04 1.558872478e-04
4.295606370e-04 1.563704346e-04
4.324807360e-04 1.572399638e-04
4.332858060e-04 1.574819954e-04
4.349481930e-04 1.580272650e-04
4.365158000e-04 1.585288463e-04
4.378133700e-04 1.589260730e-04
4.393319860e-04 1.593785920e-04
4.397694650e-04 1.595069084e-04
4.415704000e-04 1.600500702e-04
4.421863300e-04 1.602330656e-04
4.441995950e-04 1.608891464e-04
4.468060890e-04 1.617082531e-04
4.509335270e-04 1.629319064e-04
4.518559000e-04 1.632083903e-04
4.557744320e-04 1.643328639e-04
4.558810980e-04 1.643625559e-04
4.582563280e-04 1.651106459e-04
4.584469610e-04 1.651696360e-04
4.617160420e-04 1.661544743e-04
4.623810000e-04 1.663476170e-04
4.650503580e-04 1.671276851e-04
4.667265020e-04 1.676066114e-04
4.700000000e-04 1.685037634e-04
4.717913550e-04 1.690124243e-04
4.731513000e-04 1.694115619e-04
4.751129190e-04 1.699711129e-04
4.786301000e-04 1.709296872e-04
4.789866310e-04 1.710234401e-04
4.794918440e-04 1.711724686e-04
4.831404530e-04 1.722086030e-04
4.841724020e-04 1.724899992e-04
4.862671990e-04 1.730450398e-04
4.879759360e-04 1.735172390e-04
4.927897810e-04 1.747760532e-04
4.930964320e-04 1.748645467e-04
4.932363330e-04 1.749056691e-04
4.932713820e-04 1.749160046e-04
4.940262490e-04 1.751371266e-04
5.011872000e-04 1.770962224e-04
5.038652890e-04 1.777843676e-04
5.069907000e-04 1.785382342e-04
5.080000000e-04 1.787848544e-04
5.087770900e-04 1.789847413e-04
5.099175740e-04 1.792742468e-04
5.117554930e-04 1.797566300e-04
5.143396290e-04 1.804083188e-04
5.158221520e-04 1.807699610e-04
5.201842790e-04 1.819121931e-04
5.223142300e-04 1.824344456e-04
5.232991050e-04 1.826726897e-04
5.244299660e-04 1.829622653e-04
5.248075000e-04 1.830584899e-04
5.254687340e-04 1.832260327e-04
5.293586110e-04 1.841714989e-04
5.370318000e-04 1.861162028e-04
5.385797520e-04 1.864987703e-04
5.399378420e-04 1.868262808e-04
5.432503000e-04 1.875964801e-04
5.467306590e-04 1.884108974e-04
5.487505950e-04 1.888587379e-04
5.491456070e-04 1.889438790e-04
5.519185340e-04 1.895224251e-04
5.527134150e-04 1.897077278e-04
5.559043000e-04 1.904842598e-04
5.566701390e-04 1.906650923e-04
5.647744050e-04 1.924518986e-04
5.653843080e-04 1.925820135e-04
5.674220840e-04 1.930065362e-04
5.688529000e-04 1.933464313e-04
5.698771660e-04 1.935851259e-04
5.718687520e-04 1.940350923e-04
5.721369800e-04 1.940959898e-04
5.739925540e-04 1.945131695e-04
5.793348790e-04 1.957058912e-04
5.821032000e-04 1.963485221e-04
5.846218040e-04 1.969054334e-04
5.862541700e-04 1.972539117e-04
5.881026480e-04 1.976333139e-04
5.884333210e-04 1.977055384e-04
5.905408910e-04 1.982161809e-04
5.941638860e-04 1.990533942e-04
5.954482570e-04 1.993388795e-04
5.988450470e-04 2.000854390e-04
5.991009360e-04 2.001395674e-04
6.023496030e-04 2.008051701e-04
6.025596000e-04 2.008538482e-04
6.073478160e-04 2.019718798e-04
6.087698190e-04 2.022863454e-04
6.121741790e-04 2.030119406e-04
6.165950000e-04 2.038811328e-04
6.165950020e-04 2.038811331e-04
6.182401930e-04 2.042460235e-04
6.200000000e-04 2.046235282e-04
6.202661740e-04 2.046802028e-04
6.221659850e-04 2.050779734e-04
6.237348000e-04 2.053962784e-04
6.273356860e-04 2.060937363e-04
6.309573500e-04 2.067963711e-04
6.374603080e-04 2.081173720e-04
6.382635000e-04 2.082689523e-04
6.401607360e-04 2.086158032e-04
6.419482320e-04 2.089305065e-04
6.429064360e-04 2.091244053e-04
6.437985300e-04 2.093040801e-04
6.445153220e-04 2.094600204e-04
6.521913140e-04 2.110687720e-04
6.531306000e-04 2.112490402e-04
6.576708940e-04 2.120728392e-04
6.587945710e-04 2.122655338e-04
6.606934000e-04 2.126523995e-04
6.689663280e-04 2.142578358e-04
6.700000000e-04 2.144411097e-04
6.712474220e-04 2.146616144e-04
6.722023390e-04 2.148419207e-04
6.760829300e-04 2.155420341e-04
6.760830000e-04 2.155420461e-04
6.773002910e-04 2.157764199e-04
6.862742630e-04 2.173204391e-04
6.868707300e-04 2.174129248e-04
6.882747540e-04 2.176261977e-04
6.898425400e-04 2.178946692e-04
6.901242520e-04 2.179422197e-04
6.931162870e-04 2.184833785e-04
6.967643960e-04 2.191238305e-04
6.980817000e-04 2.193422225e-04
6.991227520e-04 2.195110422e-04
7.040300000e-04 2.204071533e-04
7.046294380e-04 2.205115791e-04
7.109754090e-04 2.216199434e-04
7.117286800e-04 2.217474052e-04
7.145991170e-04 2.222131526e-04
7.152421780e-04 2.223140310e-04
7.157080530e-04 2.223867094e-04
7.185197790e-04 2.228478048e-04
7.235080540e-04 2.237710613e-04
7.326534250e-04 2.252490918e-04
7.328245000e-04 2.252766297e-04
7.334199130e-04 2.253720553e-04
7.337478670e-04 2.254326424e-04
7.347798550e-04 2.256219450e-04
7.384694320e-04 2.262679558e-04
7.386305960e-04 2.262953706e-04
7.445176280e-04 2.272925738e-04
7.447974380e-04 2.273371915e-04
7.484454190e-04 2.279939161e-04
7.498931520e-04 2.282433921e-04
7.500000000e-04 2.282617281e-04
7.585776000e-04 2.296865859e-04
7.608579860e-04 2.300214608e-04
7.621955140e-04 2.302283458e-04
7.654313450e-04 2.308091826e-04
7.673609320e-04 2.311413737e-04
7.673615000e-04 2.311414708e-04
7.710455910e-04 2.317654137e-04
7.773650510e-04 2.327364303e-04
7.800000000e-04 2.331001270e-04
7.802390770e-04 2.331384644e-04
7.815012670e-04 2.333579111e-04
7.852356000e-04 2.339802253e-04
7.852356340e-04 2.339802310e-04
7.937747300e-04 2.353116759e-04
7.941853720e-04 2.353699452e-04
7.943282000e-04 2.353900812e-04
7.950981960e-04 2.354980885e-04
7.977650050e-04 2.358881738e-04
8.018090500e-04 2.364430794e-04
8.064279490e-04 2.371692952e-04
8.092014410e-04 2.376066129e-04
8.122980950e-04 2.380657156e-04
8.125472830e-04 2.381015596e-04
8.128304960e-04 2.381423953e-04
8.185650860e-04 2.389710950e-04
8.201744420e-04 2.392253054e-04
8.237260020e-04 2.397666785e-04
8.283549200e-04 2.404813010e-04
8.313615110e-04 2.409134981e-04
8.317638000e-04 2.409797957e-04
8.361659580e-04 2.416764647e-04
8.373936620e-04 2.418602818e-04
8.413951000e-04 2.424346637e-04
8.450356190e-04 2.429673537e-04
8.505449060e-04 2.437018861e-04
8.509322040e-04 2.437507074e-04
8.564883270e-04 2.445764661e-04
8.569773810e-04 2.446504474e-04
8.572218730e-04 2.446871779e-04
8.684603310e-04 2.461992148e-04
8.687728980e-04 2.462385315e-04
8.699168330e-04 2.463813324e-04
8.706600450e-04 2.464828323e-04
8.709636000e-04 2.465245330e-04
8.795303590e-04 2.477701407e-04
8.870124210e-04 2.486905951e-04
8.874113530e-04 2.487353260e-04
8.891697380e-04 2.489688878e-04
8.893290760e-04 2.489896177e-04
8.912509000e-04 2.492520026e-04
8.939253120e-04 2.496032513e-04
8.966418960e-04 2.499833248e-04
9.009429250e-04 2.505475446e-04
9.020577330e-04 2.506862607e-04
9.054718640e-04 2.511597820e-04
9.123655110e-04 2.520317341e-04
9.150714760e-04 2.523696383e-04
9.215761970e-04 2.532678355e-04
9.222499600e-04 2.533620599e-04
9.225714000e-04 2.534069617e-04
9.229354270e-04 2.534574898e-04
9.264448660e-04 2.539314342e-04
9.309067330e-04 2.545422568e-04
9.382989170e-04 2.554547610e-04
9.427031970e-04 2.560549405e-04
9.440609000e-04 2.562297654e-04
9.479723210e-04 2.567086137e-04
9.500000000e-04 2.569709689e-04
9.504506680e-04 2.570282135e-04
9.549926000e-04 2.575836120e-04
9.561056020e-04 2.577187543e-04
9.577452890e-04 2.579466692e-04
9.606785610e-04 2.583404203e-04
9.653774200e-04 2.589255960e-04
9.686648210e-04 2.593072403e-04
9.696820330e-04 2.594209901e-04
9.700000000e-04 2.594630086e-04
9.800540650e-04 2.607484986e-04
9.821719970e-04 2.610102221e-04
9.835586740e-04 2.611770351e-04
9.882082400e-04 2.617585662e-04
9.904089980e-04 2.620200889e-04
9.929641200e-04 2.623760156e-04
1.000900010e-03 2.633823511e-04
1.002214990e-03 2.635358466e-04
1.007743990e-03 2.641430848e-04
1.011579000e-03 2.645720751e-04
1.017888370e-03 2.653103536e-04
1.018884780e-03 2.654182033e-04
1.026242140e-03 2.662399021e-04
1.026272460e-03 2.662430759e-04
1.027926500e-03 2.664295316e-04
1.028138020e-03 2.664568833e-04
1.029663710e-03 2.666529211e-04
1.036991260e-03 2.675301639e-04
1.040392030e-03 2.678949083e-04
1.042447130e-03 2.681237020e-04
1.048019370e-03 2.688271825e-04
1.052415900e-03 2.693384391e-04
1.059254000e-03 2.700604587e-04
1.061936450e-03 2.703391684e-04
1.066319890e-03 2.708140815e-04
1.068353540e-03 2.710196779e-04
1.072483380e-03 2.715168622e-04
1.074608060e-03 2.717615371e-04
1.078564560e-03 2.721945221e-04
1.083927000e-03 2.727337483e-04
1.087784710e-03 2.731150273e-04
1.088204980e-03 2.731552455e-04
1.096478000e-03 2.740280313e-04
1.096478420e-03 2.740280720e-04
1.102015110e-03 2.745916635e-04
1.102808360e-03 2.746677858e-04
1.103335250e-03 2.747227851e-04
1.110000000e-03 2.755029096e-04
1.111146980e-03 2.756288921e-04
1.119599160e-03 2.764885599e-04
1.120404760e-03 2.765724766e-04
1.123028160e-03 2.768363980e-04
1.125252710e-03 2.770505700e-04
1.126426010e-03 2.771692727e-04
1.132485420e-03 2.778830389e-04
1.135011000e-03 2.781625659e-04
1.139050470e-03 2.785873891e-04
1.141768580e-03 2.788567543e-04
1.147327900e-03 2.793602924e-04
1.149600540e-03 2.795680198e-04
1.150000000e-03 2.796088825e-04
1.151463200e-03 2.797785105e-04
1.163513540e-03 2.810385303e-04
1.168115060e-03 2.814477839e-04
1.172627990e-03 2.818842909e-04
1.172936460e-03 2.819157531e-04
1.180140160e-03 2.826096872e-04
1.180830450e-03 2.826708537e-04
1.181255320e-03 2.827088956e-04
1.184199660e-03 2.829949913e-04
1.188502000e-03 2.834745181e-04
1.190200780e-03 2.836553463e-04
1.203346370e-03 2.850112813e-04
1.204220140e-03 2.850911950e-04
1.205729570e-03 2.852276836e-04
1.209762760e-03 2.855746545e-04
1.212882470e-03 2.858215728e-04
1.216186000e-03 2.861403158e-04
1.217054940e-03 2.862269819e-04
1.220514620e-03 2.866015607e-04
1.228229250e-03 2.873715395e-04
1.232466660e-03 2.877538299e-04
1.234849590e-03 2.879543003e-04
1.236480870e-03 2.881136666e-04
1.244515000e-03 2.888366577e-04
1.246727330e-03 2.890328688e-04
1.251585630e-03 2.894416656e-04
1.251699250e-03 2.894527578e-04
1.260057950e-03 2.902915587e-04
1.265143410e-03 2.907460990e-04
1.266193630e-03 2.908359301e-04
1.267323910e-03 2.909406453e-04
1.273503000e-03 2.914738294e-04
1.277115930e-03 2.917582343e-04
1.278035320e-03 2.918465844e-04
1.279013080e-03 2.919397344e-04
1.285471970e-03 2.925833503e-04
1.291962710e-03 2.932105892e-04
1.302581150e-03 2.941018359e-04
1.303167000e-03 2.941510794e-04
1.305483420e-03 2.943750514e-04
1.321105410e-03 2.956678415e-04
1.323960580e-03 2.958962813e-04
1.324913390e-03 2.959844930e-04
1.327776750e-03 2.962463219e-04
1.331603970e-03 2.965810288e-04
1.333071970e-03 2.967031437e-04
1.333521000e-03 2.967446429e-04
1.342426940e-03 2.975059259e-04
1.350176750e-03 2.982179018e-04
1.353275710e-03 2.984805609e-04
1.356407570e-03 2.987332565e-04
1.356994890e-03 2.987854725e-04
1.364583000e-03 2.994117521e-04
1.369439890e-03 2.998118727e-04
1.371967360e-03 3.000091971e-04
1.375365000e-03 3.002639866e-04
1.388553230e-03 3.013724578e-04
1.392179100e-03 3.016337979e-04
1.398851120e-03 3.021500798e-04
1.400597830e-03 3.022770360e-04
1.402599530e-03 3.024488670e-04
1.406072840e-03 3.027330277e-04
1.413269160e-03 3.032726882e-04
1.415613570e-03 3.034618212e-04
1.419825790e-03 3.037841818e-04
1.428894000e-03 3.045416524e-04
1.432207190e-03 3.048195487e-04
1.436254340e-03 3.051426440e-04
1.437806010e-03 3.052613869e-04
1.449163790e-03 3.060230199e-04
1.449606080e-03 3.060575407e-04
1.450920370e-03 3.061606219e-04
1.451693760e-03 3.062275873e-04
1.464789610e-03 3.073346234e-04
1.467781160e-03 3.075540025e-04
1.471941780e-03 3.078416722e-04
1.472322300e-03 3.078703012e-04
1.479108000e-03 3.083570418e-04
1.479815590e-03 3.084134823e-04
1.486577230e-03 3.089877820e-04
1.500000000e-03 3.099682654e-04
1.502709050e-03 3.101373523e-04
1.506217470e-03 3.103914653e-04
1.508057740e-03 3.105181277e-04
1.513561000e-03 3.109266755e-04
1.514923080e-03 3.110227033e-04
1.523455820e-03 3.115784131e-04
1.523668680e-03 3.115911316e-04
1.524240960e-03 3.116352243e-04
1.535725070e-03 3.125730961e-04
1.536536610e-03 3.126391254e-04
1.542144080e-03 3.130802182e-04
1.544280350e-03 3.132407413e-04
1.548817000e-03 3.135655172e-04
1.556808170e-03 3.140723756e-04
1.561053930e-03 3.143411342e-04
1.569536450e-03 3.149768834e-04
1.570000000e-03 3.150097794e-04
1.578065770e-03 3.156145319e-04
1.581410560e-03 3.158415878e-04
1.588976740e-03 3.163091692e-04
1.589693620e-03 3.163564097e-04
1.593469440e-03 3.166496504e-04
1.603245000e-03 3.173443606e-04
1.609842910e-03 3.177534184e-04
1.611517680e-03 3.178496236e-04
1.621810000e-03 3.185211873e-04
1.624586600e-03 3.186986720e-04
1.628826830e-03 3.190077300e-04
1.630586460e-03 3.191317913e-04
1.631502140e-03 3.191949364e-04
1.633081390e-03 3.193025202e-04
1.644816810e-03 3.200228164e-04
1.650060910e-03 3.203852987e-04
1.651545550e-03 3.204930818e-04
1.663435240e-03 3.212816020e-04
1.664538600e-03 3.213478216e-04
1.666768480e-03 3.214789805e-04
1.671120940e-03 3.217611038e-04
1.675183850e-03 3.220047726e-04
1.678804000e-03 3.222287777e-04
1.692068450e-03 3.230911252e-04
1.697480000e-03 3.233939298e-04
1.698244000e-03 3.234400223e-04
1.699122090e-03 3.234926067e-04
1.702181700e-03 3.237008583e-04
1.708047720e-03 3.240712737e-04
1.710027120e-03 3.242155000e-04
1.723111800e-03 3.250823775e-04
1.725341550e-03 3.252139839e-04
1.734053550e-03 3.256800301e-04
1.737214690e-03 3.258664355e-04
1.746767500e-03 3.264480066e-04
1.748833840e-03 3.265633168e-04
1.749406360e-03 3.266016102e-04
1.749858660e-03 3.266319398e-04
1.757133250e-03 3.270903248e-04
1.757924000e-03 3.271487041e-04
1.767624910e-03 3.278212093e-04
1.782861350e-03 3.287797595e-04
1.788545840e-03 3.290834076e-04
1.790781420e-03 3.291964715e-04
1.792330240e-03 3.292821321e-04
1.798264330e-03 3.295917022e-04
1.798871000e-03 3.296313944e-04
1.800000000e-03 3.297042993e-04
1.819701000e-03 3.309616306e-04
1.825212910e-03 3.312483559e-04
1.826086200e-03 3.312914239e-04
1.829743250e-03 3.314925489e-04
1.830206170e-03 3.315227229e-04
1.843423160e-03 3.322956979e-04
1.848736550e-03 3.325655148e-04
1.850270200e-03 3.326397286e-04
1.853713540e-03 3.327997622e-04
1.857609330e-03 3.330163875e-04
1.862087000e-03 3.333033020e-04
1.874522450e-03 3.340752691e-04
1.885683330e-03 3.346566960e-04
1.886361850e-03 3.346892279e-04
1.888502610e-03 3.347889969e-04
1.890259030e-03 3.348687542e-04
1.897251850e-03 3.352631104e-04
1.902023120e-03 3.355397433e-04
1.920516220e-03 3.365859813e-04
1.927525000e-03 3.369090998e-04
1.928565430e-03 3.369650908e-04
1.929606470e-03 3.370264817e-04
1.936028960e-03 3.373837136e-04
1.950897010e-03 3.382145076e-04
1.955750620e-03 3.384517217e-04
1.956388460e-03 3.384819785e-04
1.958281080e-03 3.385795324e-04
1.961101290e-03 3.387203572e-04
1.981062700e-03 3.397640104e-04
1.982600000e-03 3.398396875e-04
1.985594960e-03 3.399844467e-04
1.988181060e-03 3.401046845e-04
1.990959990e-03 3.402603289e-04
1.996339310e-03 3.406005710e-04
2.017459030e-03 3.416991205e-04
2.018366000e-03 3.417497259e-04
2.023566750e-03 3.420322490e-04
2.024993770e-03 3.421076724e-04
2.034314130e-03 3.426262447e-04
2.041738000e-03 3.429924865e-04
2.056482120e-03 3.436757547e-04
2.058580210e-03 3.437610971e-04
2.064683840e-03 3.440340833e-04
2.065380000e-03 3.440734857e-04
2.071636400e-03 3.444156716e-04
2.077303800e-03 3.447012313e-04
2.098335740e-03 3.457638690e-04
2.100076760e-03 3.458374207e-04
2.100826490e-03 3.458687397e-04
2.101357670e-03 3.458963924e-04
2.110007240e-03 3.463153694e-04
2.124925520e-03 3.470306774e-04
2.127603080e-03 3.471448174e-04
2.128348070e-03 3.471764473e-04
2.141041190e-03 3.477919830e-04
2.143471050e-03 3.479252957e-04
2.162719000e-03 3.488343597e-04
2.165833170e-03 3.489739573e-04
2.170307930e-03 3.491616001e-04
2.177748860e-03 3.495391490e-04
2.179806630e-03 3.496388255e-04
2.187762000e-03 3.500047993e-04
2.190124370e-03 3.501052750e-04
2.203560990e-03 3.507203123e-04
2.213095000e-03 3.511339003e-04
2.215484750e-03 3.512506908e-04
2.218226330e-03 3.513796267e-04
2.219798160e-03 3.514531513e-04
2.222670390e-03 3.515856447e-04
2.227673780e-03 3.518043670e-04
2.239929940e-03 3.523817393e-04
2.250272560e-03 3.528395855e-04
2.251645720e-03 3.528959449e-04
2.253469000e-03 3.529885800e-04
2.253671850e-03 3.529987480e-04
2.272244820e-03 3.538173370e-04
2.280357540e-03 3.541345043e-04
2.285208410e-03 3.543092552e-04
2.285928060e-03 3.543420817e-04
2.296770390e-03 3.548958025e-04
2.300902540e-03 3.550907644e-04
2.308968500e-03 3.554839358e-04
2.311669920e-03 3.556075050e-04
2.316353010e-03 3.558100816e-04
2.344229000e-03 3.570362177e-04
2.351329550e-03 3.573219861e-04
2.351925990e-03 3.573447210e-04
2.370574310e-03 3.580527065e-04
2.371374000e-03 3.580881058e-04
2.381634050e-03 3.585052574e-04
2.383609590e-03 3.585793008e-04
2.385063990e-03 3.586328765e-04
2.388498790e-03 3.587918274e-04
2.390934730e-03 3.589036429e-04
2.412071590e-03 3.598129305e-04
2.414852740e-03 3.599374559e-04
2.416156460e-03 3.599955568e-04
2.420615300e-03 3.601862684e-04
2.432862440e-03 3.607047438e-04
2.443670580e-03 3.610894868e-04
2.456034310e-03 3.615602075e-04
2.458244270e-03 3.616342372e-04
2.465828400e-03 3.619595508e-04
2.467992060e-03 3.620582531e-04
2.474104210e-03 3.623321914e-04
2.483133000e-03 3.627062276e-04
2.491846900e-03 3.630235430e-04
2.511886000e-03 3.638117722e-04
2.514599280e-03 3.639121047e-04
2.519494940e-03 3.641273805e-04
2.526387600e-03 3.644126667e-04
2.527410790e-03 3.644530994e-04
2.529343470e-03 3.645278515e-04
2.540973000e-03 3.649454403e-04
2.554083640e-03 3.654355551e-04
2.557711750e-03 3.655565684e-04
2.559322040e-03 3.656234799e-04
2.564853000e-03 3.658716132e-04
2.576355830e-03 3.663366328e-04
2.582301160e-03 3.665551174e-04
2.585235110e-03 3.666555283e-04
2.598990340e-03 3.671916434e-04
2.601562840e-03 3.672812511e-04
2.606859070e-03 3.674781237e-04
2.623770330e-03 3.680182005e-04
2.624596470e-03 3.680500514e-04
2.639095040e-03 3.686669404e-04
2.648517820e-03 3.690437172e-04
2.659528960e-03 3.694401744e-04
2.659827610e-03 3.694530234e-04
2.660725000e-03 3.694918337e-04
2.666879970e-03 3.697512952e-04
2.672379630e-03 3.699663166e-04
2.691535000e-03 3.706832421e-04
2.706388310e-03 3.712064371e-04
2.707073150e-03 3.712279876e-04
2.721783290e-03 3.716420466e-04
2.722701000e-03 3.716742266e-04
2.731640960e-03 3.719732644e-04
2.741842930e-03 3.723184839e-04
2.742363520e-03 3.723348556e-04
2.748289580e-03 3.725606847e-04
2.754229000e-03 3.727732993e-04
2.769428510e-03 3.732347113e-04
2.774118220e-03 3.733911868e-04
2.776947780e-03 3.734830811e-04
2.784868410e-03 3.737501051e-04
2.787625250e-03 3.738380474e-04
2.795897630e-03 3.741659236e-04
2.805708960e-03 3.745158506e-04
2.810282960e-03 3.747016823e-04
2.811420360e-03 3.747463505e-04
2.819904180e-03 3.750949921e-04
2.850056740e-03 3.760902939e-04
2.851018000e-03 3.761155810e-04
2.860265200e-03 3.763385056e-04
2.861022740e-03 3.763548834e-04
2.863933250e-03 3.764444232e-04
2.868638220e-03 3.766035098e-04
2.899947440e-03 3.777681470e-04
2.900680970e-03 3.777904384e-04
2.901855460e-03 3.778260743e-04
2.917427000e-03 3.782591493e-04
2.930939300e-03 3.786980530e-04
2.937937770e-03 3.789786569e-04
2.944845220e-03 3.792393658e-04
2.949882670e-03 3.794176940e-04
2.964878120e-03 3.798806821e-04
2.968246700e-03 3.799741183e-04
2.972521510e-03 3.801202374e-04
2.984040170e-03 3.805260336e-04
2.995858440e-03 3.808858844e-04
3.013041730e-03 3.813114661e-04
3.013439580e-03 3.813201704e-04
3.018933680e-03 3.814716494e-04
3.021582030e-03 3.815398999e-04
3.026937040e-03 3.816892109e-04
3.053547450e-03 3.826433391e-04
3.053890790e-03 3.826566641e-04
3.054921000e-03 3.826968437e-04
3.065173760e-03 3.830794730e-04
3.071780610e-03 3.833249308e-04
3.086758110e-03 3.838140728e-04
3.103832090e-03 3.842788271e-04
3.107349690e-03 3.843737037e-04
3.108135840e-03 3.843944614e-04
3.125024980e-03 3.847888417e-04
3.126079000e-03 3.848195155e-04
3.148057090e-03 3.855456154e-04
3.152790600e-03 3.856778533e-04
3.155458680e-03 3.857483953e-04
3.162278000e-03 3.859195537e-04
3.172661070e-03 3.861520087e-04
3.179729000e-03 3.863169985e-04
3.185113870e-03 3.864668102e-04
3.197456840e-03 3.868687100e-04
3.210120270e-03 3.872281276e-04
3.221384530e-03 3.874985091e-04
3.221996330e-03 3.875161982e-04
3.225282610e-03 3.876120378e-04
3.235937000e-03 3.879297058e-04
3.237683190e-03 3.879775691e-04
3.265320740e-03 3.888681174e-04
3.272303120e-03 3.890712775e-04
3.273407000e-03 3.891026356e-04
3.275174260e-03 3.891524332e-04
3.284893240e-03 3.894173309e-04
3.297046340e-03 3.898031737e-04
3.326311760e-03 3.905031263e-04
3.329585370e-03 3.905744589e-04
3.330427670e-03 3.905926826e-04
3.331775860e-03 3.906217581e-04
3.349654000e-03 3.911530134e-04
3.351462930e-03 3.912126072e-04
3.370356260e-03 3.917648084e-04
3.373204140e-03 3.918408330e-04
3.381134960e-03 3.920421073e-04
3.388442000e-03 3.922092303e-04
3.404135570e-03 3.925539225e-04
3.412910900e-03 3.927834503e-04
3.426136750e-03 3.931782822e-04
3.439706040e-03 3.935242049e-04
3.443553690e-03 3.936133196e-04
3.448861980e-03 3.937332273e-04
3.452431370e-03 3.938082867e-04
3.459434800e-03 3.939693696e-04
3.469239850e-03 3.942556486e-04
3.499493130e-03 3.951295813e-04
3.506335910e-03 3.952914013e-04
3.507519000e-03 3.953182243e-04
3.509412560e-03 3.953612437e-04
3.519289800e-03 3.955983125e-04
3.523764380e-03 3.957196787e-04
3.544072540e-03 3.961855765e-04
3.560042050e-03 3.966291184e-04
3.563675460e-03 3.967285548e-04
3.567714880e-03 3.968620947e-04
3.568617700e-03 3.968915031e-04
3.581006800e-03 3.972765983e-04
3.585110720e-03 3.973933771e-04
3.604941660e-03 3.979073338e-04
3.610000000e-03 3.980357090e-04
3.610000000e-03 3.617271569e-03
