1.185000000e-05 1.348100000e-02 2035
2035
1.185000000e-05 1.143566775e-07
1.190000000e-05 1.158706903e-07
1.220000000e-05 1.244818098e-07
1.245000000e-05 1.312833251e-07
1.250000000e-05 1.326275936e-07
1.273503000e-05 1.386555336e-07
1.285000000e-05 1.415271334e-07
1.303167000e-05 1.458130748e-07
1.320000000e-05 1.496594633e-07
1.335000000e-05 1.528847884e-07
1.350000000e-05 1.559457237e-07
1.370000000e-05 1.597607332e-07
1.385000000e-05 1.624438099e-07
1.400000000e-05 1.649324399e-07
1.420000000e-05 1.680016645e-07
1.435000000e-05 1.701072891e-07
1.462177000e-05 1.735099712e-07
1.470000000e-05 1.743974289e-07
1.500000000e-05 1.773646875e-07
1.524795070e-05 1.792165725e-07
1.531087000e-05 1.796932588e-07
1.550000000e-05 1.809338872e-07
1.570000000e-05 1.818441421e-07
1.576397720e-05 1.820710107e-07
1.603245000e-05 1.830511388e-07
1.610000000e-05 1.831929436e-07
1.631172760e-05 1.833759403e-07
1.634605480e-05 1.834229204e-07
1.659587000e-05 1.836479180e-07
1.684604930e-05 1.833347551e-07
1.688495720e-05 1.832656453e-07
1.710000000e-05 1.830138284e-07
1.717908000e-05 1.828235802e-07
1.739741370e-05 1.821144917e-07
1.747832870e-05 1.818189685e-07
1.770000000e-05 1.811157258e-07
1.778279000e-05 1.807644450e-07
1.805039180e-05 1.794402258e-07
1.813785040e-05 1.789684374e-07
1.840772000e-05 1.776733562e-07
1.850000000e-05 1.771351974e-07
1.879968690e-05 1.752492028e-07
1.888364710e-05 1.746882814e-07
1.920000000e-05 1.727616994e-07
1.927525000e-05 1.722362538e-07
1.949844590e-05 1.706151359e-07
1.959591800e-05 1.699326788e-07
1.983809480e-05 1.682124343e-07
2.000000000e-05 1.671070040e-07
2.018366000e-05 1.657185989e-07
2.026950360e-05 1.650666416e-07
2.047622710e-05 1.634793373e-07
2.068058330e-05 1.618796268e-07
2.069843220e-05 1.617458155e-07
2.103626910e-05 1.592710418e-07
2.110000000e-05 1.588191905e-07
2.137962000e-05 1.566952555e-07
2.141469220e-05 1.564321649e-07
2.165378760e-05 1.546073463e-07
2.177368560e-05 1.536473213e-07
2.201744520e-05 1.517999144e-07
2.207399400e-05 1.513695665e-07
2.230194040e-05 1.497020246e-07
2.238721000e-05 1.491000656e-07
2.261387440e-05 1.474046102e-07
2.264828100e-05 1.471463941e-07
2.300000000e-05 1.446204612e-07
2.301607320e-05 1.445027834e-07
2.328825050e-05 1.425183124e-07
2.332240960e-05 1.422762826e-07
2.354343160e-05 1.406943799e-07
2.355483470e-05 1.406201477e-07
2.380000000e-05 1.390195604e-07
2.380000000e-05 1.394736029e-07
2.389443650e-05 1.387565357e-07
2.390782250e-05 1.386516551e-07
2.396550970e-05 1.382287243e-07
2.399674500e-05 1.379937604e-07
2.407251600e-05 1.375062010e-07
2.418000000e-05 1.367727431e-07
2.426610000e-05 1.361491917e-07
2.430000000e-05 1.359107875e-07
2.434244890e-05 1.356051545e-07
2.436153840e-05 1.354835135e-07
2.445413830e-05 1.348724168e-07
2.454709000e-05 1.342228417e-07
2.460499120e-05 1.337993820e-07
2.461784200e-05 1.337161909e-07
2.462342640e-05 1.336831471e-07
2.470000000e-05 1.332181362e-07
2.476722510e-05 1.327903077e-07
2.486840590e-05 1.321121462e-07
2.492979620e-05 1.316805419e-07
2.497000000e-05 1.314096353e-07
2.500412340e-05 1.311748154e-07
2.507921400e-05 1.307290268e-07
2.516143780e-05 1.302164012e-07
2.520599710e-05 1.299277401e-07
2.522328250e-05 1.298211036e-07
2.531633470e-05 1.292276927e-07
2.540973000e-05 1.285984681e-07
2.545018200e-05 1.283559449e-07
2.550468760e-05 1.280486872e-07
2.560000000e-05 1.274856830e-07
2.567489050e-05 1.270202941e-07
2.575000000e-05 1.265325729e-07
2.581517360e-05 1.260926212e-07
2.586200000e-05 1.258159366e-07
2.588321130e-05 1.256882075e-07
2.595000000e-05 1.253146479e-07
2.605000000e-05 1.247266621e-07
2.615000000e-05 1.241037123e-07
2.620115040e-05 1.237715237e-07
2.621281170e-05 1.237055899e-07
2.625000000e-05 1.235145812e-07
2.635000000e-05 1.229789888e-07
2.642000000e-05 1.225845565e-07
2.650000000e-05 1.221138644e-07
2.656824330e-05 1.216953899e-07
2.657000000e-05 1.216859272e-07
2.665000000e-05 1.212447813e-07
2.671509850e-05 1.208706174e-07
2.673000000e-05 1.207933866e-07
2.681000000e-05 1.203671730e-07
2.689000000e-05 1.199208529e-07
2.691706260e-05 1.197653294e-07
2.696000000e-05 1.195476927e-07
2.705000000e-05 1.190734454e-07
2.715000000e-05 1.185173374e-07
2.722701000e-05 1.180679669e-07
2.724823880e-05 1.179530118e-07
2.725000000e-05 1.179446796e-07
2.735000000e-05 1.174573116e-07
2.750000000e-05 1.166716213e-07
2.756241620e-05 1.163252911e-07
2.764155430e-05 1.159214569e-07
2.765000000e-05 1.158815248e-07
2.775978210e-05 1.153450954e-07
2.786024670e-05 1.148242315e-07
2.787000000e-05 1.147779722e-07
2.802868470e-05 1.139894521e-07
2.803591990e-05 1.139518562e-07
2.814238500e-05 1.134305174e-07
2.814829080e-05 1.134054369e-07
2.823833020e-05 1.130122765e-07
2.837392960e-05 1.123805244e-07
2.841074620e-05 1.122008249e-07
2.851018000e-05 1.117388983e-07
2.865472360e-05 1.110212539e-07
2.867911790e-05 1.108948719e-07
2.876669580e-05 1.105128119e-07
2.880000000e-05 1.103751074e-07
2.894961140e-05 1.097231359e-07
2.910000000e-05 1.090129742e-07
2.910444770e-05 1.089911035e-07
2.915714980e-05 1.087464510e-07
2.923468840e-05 1.084371629e-07
2.937000000e-05 1.078649411e-07
2.942469080e-05 1.076212567e-07
2.948477580e-05 1.073643776e-07
2.958195940e-05 1.069317568e-07
2.960000000e-05 1.068613633e-07
2.972811810e-05 1.063401158e-07
2.974962190e-05 1.062552121e-07
2.990000000e-05 1.056343418e-07
2.995874190e-05 1.053777292e-07
3.001542240e-05 1.051558376e-07
3.004962570e-05 1.050319150e-07
3.020000000e-05 1.044594264e-07
3.029236130e-05 1.040833168e-07
3.034962940e-05 1.038693956e-07
3.050000000e-05 1.032766989e-07
3.056162280e-05 1.030196263e-07
3.058732440e-05 1.029219981e-07
3.064963300e-05 1.027182542e-07
3.080000000e-05 1.021969792e-07
3.104769540e-05 1.012397413e-07
3.110000000e-05 1.010422835e-07
3.111043750e-05 1.010022935e-07
3.135000000e-05 1.001890957e-07
3.147934640e-05 9.970430851e-08
3.150863520e-05 9.959983406e-08
3.152451430e-05 9.955029695e-08
3.170000000e-05 9.897490567e-08
3.181062460e-05 9.858227814e-08
3.186196100e-05 9.841850825e-08
3.189937310e-05 9.830688617e-08
3.210000000e-05 9.766989692e-08
3.220056180e-05 9.732363673e-08
3.226904420e-05 9.710170841e-08
3.245000000e-05 9.658520433e-08
3.273407000e-05 9.566533926e-08
3.280000000e-05 9.547549688e-08
3.280179450e-05 9.547022093e-08
3.304905450e-05 9.479026139e-08
3.316080110e-05 9.445336894e-08
3.326007460e-05 9.418377248e-08
3.330000000e-05 9.408224671e-08
3.353875180e-05 9.342345313e-08
3.360798160e-05 9.324380355e-08
3.370000000e-05 9.302076688e-08
3.387299060e-05 9.256837599e-08
3.413667730e-05 9.192687057e-08
3.420000000e-05 9.177970534e-08
3.446594340e-05 9.110081217e-08
3.467369000e-05 9.061490296e-08
3.470000000e-05 9.055877458e-08
3.491745980e-05 9.005966583e-08
3.517629130e-05 8.948790334e-08
3.520000000e-05 8.943761564e-08
3.525997470e-05 8.930687881e-08
3.562204010e-05 8.857221092e-08
3.570000000e-05 8.841111355e-08
3.578005680e-05 8.823741250e-08
3.601670130e-05 8.779257301e-08
3.630781000e-05 8.721461233e-08
3.636561500e-05 8.711682186e-08
3.667541630e-05 8.660710596e-08
3.690000000e-05 8.626581901e-08
3.698436710e-05 8.612293199e-08
3.732770560e-05 8.555701464e-08
3.745533030e-05 8.537270789e-08
3.770000000e-05 8.504193721e-08
3.782452470e-05 8.484902874e-08
3.817304390e-05 8.434368612e-08
3.820147370e-05 8.430633408e-08
3.850000000e-05 8.397124746e-08
3.877395240e-05 8.358799732e-08
3.890451000e-05 8.343297420e-08
3.929840790e-05 8.299241293e-08
3.935501000e-05 8.293013993e-08
3.992546890e-05 8.242528390e-08
3.999734990e-05 8.236535830e-08
4.030000000e-05 8.213968046e-08
4.035873300e-05 8.208601913e-08
4.052970220e-05 8.196860220e-08
4.093361110e-05 8.167604438e-08
4.101746080e-05 8.161514332e-08
4.129900000e-05 8.147871018e-08
4.154703430e-05 8.130584792e-08
4.168694000e-05 8.121798271e-08
4.216965000e-05 8.104123245e-08
4.220000000e-05 8.103333765e-08
4.229119940e-05 8.100214814e-08
4.275013500e-05 8.088861948e-08
4.290421770e-05 8.086384193e-08
4.344789320e-05 8.077224637e-08
4.346352850e-05 8.077201087e-08
4.350000000e-05 8.077778960e-08
4.415704000e-05 8.073000219e-08
4.431619550e-05 8.074663807e-08
4.466835520e-05 8.081798450e-08
4.466836000e-05 8.081798622e-08
4.518559000e-05 8.091156223e-08
4.544645070e-05 8.097732254e-08
4.584056590e-05 8.113316366e-08
4.623810000e-05 8.127495753e-08
4.633802080e-05 8.133293269e-08
4.709434320e-05 8.174864682e-08
4.711081410e-05 8.175777733e-08
4.786301000e-05 8.227669308e-08
4.800000000e-05 8.236498110e-08
4.841723660e-05 8.276221572e-08
4.898979490e-05 8.328882051e-08
4.926063270e-05 8.357247022e-08
4.954502000e-05 8.388792937e-08
5.000000000e-05 8.430306600e-08
5.011872000e-05 8.444560380e-08
5.093132640e-05 8.550308625e-08
5.119774470e-05 8.586753325e-08
5.150000000e-05 8.630695977e-08
5.188000000e-05 8.679220799e-08
5.230000000e-05 8.742675236e-08
5.278371890e-05 8.821581601e-08
5.338866930e-05 8.923671698e-08
5.350000000e-05 8.943103010e-08
5.370318000e-05 8.975860231e-08
5.450000000e-05 9.121178443e-08
5.463865730e-05 9.147943929e-08
5.549099030e-05 9.317938072e-08
5.559043000e-05 9.337993860e-08
5.580000000e-05 9.385778589e-08
5.650000000e-05 9.533577073e-08
5.655877610e-05 9.546636292e-08
5.749130370e-05 9.759373390e-08
5.754399000e-05 9.771495187e-08
5.821032000e-05 9.940135403e-08
5.850000000e-05 1.000882296e-07
5.851382240e-05 1.001227149e-07
5.937148870e-05 1.023106426e-07
5.950000000e-05 1.026399989e-07
6.025596000e-05 1.047661274e-07
6.095369000e-05 1.067890959e-07
6.130557820e-05 1.077562039e-07
6.150000000e-05 1.082976260e-07
6.237348000e-05 1.109626571e-07
6.342782880e-05 1.142747412e-07
6.350000000e-05 1.145030240e-07
6.400000000e-05 1.162054732e-07
6.450000000e-05 1.178482568e-07
6.531306000e-05 1.206143351e-07
6.650000000e-05 1.249096138e-07
6.683439000e-05 1.261630145e-07
6.760830000e-05 1.289893135e-07
6.850000000e-05 1.324490260e-07
7.000000000e-05 1.384748353e-07
7.079458000e-05 1.417651661e-07
7.244360000e-05 1.488355749e-07
7.328245000e-05 1.526031561e-07
7.413102000e-05 1.565334445e-07
7.500000000e-05 1.605141786e-07
7.585776000e-05 1.646165102e-07
7.600000000e-05 1.653145886e-07
7.600000000e-05 3.489186267e-07
7.700000000e-05 3.622347087e-07
7.700000000e-05 4.862820690e-07
7.845000000e-05 5.148191597e-07
7.852356000e-05 5.162952186e-07
7.900000000e-05 5.259852662e-07
7.959000000e-05 5.382150057e-07
8.000000000e-05 5.468227328e-07
8.128305000e-05 5.759147061e-07
8.222426000e-05 6.000801137e-07
8.230000000e-05 6.020636147e-07
8.300000000e-05 6.225231014e-07
8.330000000e-05 6.314984933e-07
8.413951000e-05 6.596513492e-07
8.420000000e-05 6.617843254e-07
8.511380000e-05 6.966853454e-07
8.610000000e-05 7.400461776e-07
8.650000000e-05 7.601211516e-07
8.709636000e-05 7.907828789e-07
8.810489000e-05 8.502152379e-07
8.912509000e-05 9.196175268e-07
9.015711000e-05 1.001125510e-06
9.040000000e-05 1.021589294e-06
9.120108000e-05 1.095059923e-06
9.150000000e-05 1.124215868e-06
9.224695120e-05 1.202605063e-06
9.240200000e-05 1.219600582e-06
9.300000000e-05 1.288487823e-06
9.319757510e-05 1.312723458e-06
9.399679140e-05 1.414508302e-06
9.400000000e-05 1.414925376e-06
9.415908060e-05 1.436175409e-06
9.461092130e-05 1.499274593e-06
9.467820270e-05 1.508933102e-06
9.503786140e-05 1.561129754e-06
9.568960300e-05 1.660261449e-06
9.570232510e-05 1.662260696e-06
9.650667740e-05 1.794333416e-06
9.670774130e-05 1.828773440e-06
9.772372000e-05 2.013215750e-06
9.774538900e-05 2.017272895e-06
9.800000000e-05 2.066301030e-06
9.860786050e-05 2.185786450e-06
9.885531000e-05 2.236581247e-06
9.900000000e-05 2.266567145e-06
9.950000000e-05 2.372366372e-06
9.974718050e-05 2.425391483e-06
1.003255260e-04 2.553415635e-06
1.005000000e-04 2.593482087e-06
1.011579000e-04 2.747261322e-06
1.012472230e-04 2.768432757e-06
1.020000000e-04 2.952358061e-06
1.025000000e-04 3.077943941e-06
1.028785700e-04 3.174807464e-06
1.035142000e-04 3.341233486e-06
1.036633020e-04 3.380942518e-06
1.040000000e-04 3.471596143e-06
1.044119060e-04 3.583518028e-06
1.052000000e-04 3.803279211e-06
1.055000000e-04 3.888542292e-06
1.065000000e-04 4.176846413e-06
1.071519000e-04 4.369945473e-06
1.080000000e-04 4.624766393e-06
1.085000000e-04 4.777514893e-06
1.096478000e-04 5.133270556e-06
1.100000000e-04 5.244274404e-06
1.110000000e-04 5.561016040e-06
1.115000000e-04 5.721651766e-06
1.128000000e-04 6.142626296e-06
1.133378720e-04 6.319286606e-06
1.133666620e-04 6.328838164e-06
1.135011000e-04 6.373591444e-06
1.150000000e-04 6.874218167e-06
1.170000000e-04 7.552661030e-06
1.190000000e-04 8.242209010e-06
1.195873690e-04 8.448992570e-06
1.198000000e-04 8.524773743e-06
1.218400000e-04 9.255535852e-06
1.220000000e-04 9.313508216e-06
1.230269000e-04 9.682400672e-06
1.250000000e-04 1.042122768e-05
1.252487860e-04 1.051275153e-05
1.260000000e-04 1.079290869e-05
1.288250000e-04 1.189631007e-05
1.303166780e-04 1.248210812e-05
1.318257000e-04 1.309648349e-05
1.328156620e-04 1.351175456e-05
1.333521000e-04 1.374090598e-05
1.380384000e-04 1.576422823e-05
1.388353370e-04 1.611152893e-05
1.400000000e-04 1.662965045e-05
1.430000000e-04 1.802149177e-05
1.453784030e-04 1.912199579e-05
1.462177000e-04 1.952200616e-05
1.472529730e-04 2.002406724e-05
1.480000000e-04 2.039232585e-05
1.531087000e-04 2.288375834e-05
1.539926390e-04 2.330732543e-05
1.548817000e-04 2.373914811e-05
1.580000000e-04 2.529800657e-05
1.584893000e-04 2.554235893e-05
1.603245150e-04 2.643364653e-05
1.621810000e-04 2.735607319e-05
1.621810470e-04 2.735609685e-05
1.635000000e-04 2.802458621e-05
1.640590000e-04 2.830360268e-05
1.669167770e-04 2.969644109e-05
1.678804000e-04 3.017550374e-05
1.690000000e-04 3.073792796e-05
1.698244000e-04 3.114539190e-05
1.742809880e-04 3.331100822e-05
1.747700000e-04 3.355347945e-05
1.757923610e-04 3.405021759e-05
1.760000000e-04 3.415155625e-05
1.778279530e-04 3.502069858e-05
1.819701000e-04 3.702584670e-05
1.820000000e-04 3.704049794e-05
1.840772000e-04 3.801243291e-05
1.862087000e-04 3.901807422e-05
1.867454500e-04 3.927260792e-05
1.890000000e-04 4.034778844e-05
1.890000000e-04 4.250156140e-05
1.900000000e-04 4.304447607e-05
1.905461000e-04 4.333815997e-05
1.938652670e-04 4.510515411e-05
1.953919140e-04 4.592622914e-05
1.954058300e-04 4.593375815e-05
1.961101030e-04 4.631557395e-05
1.970000000e-04 4.679978214e-05
1.970000000e-04 4.797846066e-05
2.000000000e-04 4.970441800e-05
2.020000000e-04 5.084992155e-05
2.021636790e-04 5.094370068e-05
2.041738000e-04 5.210033455e-05
2.065380000e-04 5.347093087e-05
2.073850010e-04 5.396462204e-05
2.100000000e-04 5.549771309e-05
2.113489000e-04 5.627903232e-05
2.120000000e-04 5.665337145e-05
2.135000000e-04 5.751513858e-05
2.150304570e-04 5.837470022e-05
2.154709170e-04 5.862237817e-05
2.175203950e-04 5.977675104e-05
2.187761710e-04 6.049819503e-05
2.187762000e-04 6.049821175e-05
2.190000000e-04 6.063203036e-05
2.238721000e-04 6.342393773e-05
2.264644000e-04 6.490027261e-05
2.294166700e-04 6.658272801e-05
2.317395000e-04 6.790556575e-05
2.330000000e-04 6.862268624e-05
2.350000000e-04 6.975054021e-05
2.385063430e-04 7.172156789e-05
2.394521370e-04 7.225135018e-05
2.400000000e-04 7.255798857e-05
2.415649510e-04 7.342058902e-05
2.445174660e-04 7.506816228e-05
2.454709000e-04 7.559803460e-05
2.472657860e-04 7.659069433e-05
2.483133000e-04 7.716801210e-05
2.511886000e-04 7.870011411e-05
2.516574900e-04 7.894822404e-05
2.550648640e-04 8.079061773e-05
2.570396000e-04 8.186978952e-05
2.580000000e-04 8.238863083e-05
2.594669160e-04 8.316287480e-05
2.620000000e-04 8.448746641e-05
2.620000000e-04 8.797769675e-05
2.630267910e-04 8.856633049e-05
2.630268000e-04 8.856633558e-05
2.653940470e-04 8.990081191e-05
2.665300000e-04 9.055986640e-05
2.680000000e-04 9.140389452e-05
2.686276230e-04 9.175910590e-05
2.691535000e-04 9.206250401e-05
2.696558580e-04 9.234904850e-05
2.722701000e-04 9.383059000e-05
2.730000000e-04 9.424112370e-05
2.754229000e-04 9.558726022e-05
2.786121000e-04 9.733851379e-05
2.818382620e-04 9.904996539e-05
2.818383000e-04 9.904998530e-05
2.822157990e-04 9.924790212e-05
2.830000000e-04 9.967931362e-05
2.834653780e-04 9.993225460e-05
2.851018000e-04 1.008424584e-04
2.884031800e-04 1.026370511e-04
2.892344050e-04 1.030829820e-04
2.900000000e-04 1.034917319e-04
2.917427000e-04 1.044069910e-04
2.951209060e-04 1.061855485e-04
2.973908740e-04 1.073559594e-04
2.985383000e-04 1.079648627e-04
3.006941310e-04 1.090918705e-04
3.019951540e-04 1.097633623e-04
3.019952000e-04 1.097633868e-04
3.060688250e-04 1.118915237e-04
3.090295000e-04 1.134755909e-04
3.126079000e-04 1.153352549e-04
3.129226150e-04 1.155001262e-04
3.150000000e-04 1.165814191e-04
3.162277710e-04 1.172191851e-04
3.162278000e-04 1.172192003e-04
3.207989440e-04 1.195149586e-04
3.235937000e-04 1.209360689e-04
3.236103320e-04 1.209443774e-04
3.254617680e-04 1.219046639e-04
3.263998530e-04 1.223862317e-04
3.280000000e-04 1.231995168e-04
3.296981380e-04 1.240553689e-04
3.311311000e-04 1.248075008e-04
3.350000000e-04 1.267744967e-04
3.371416890e-04 1.278496972e-04
3.388442000e-04 1.286898756e-04
3.410823380e-04 1.298021097e-04
3.427678000e-04 1.306516354e-04
3.454294300e-04 1.319669961e-04
3.467369000e-04 1.326013091e-04
3.483676220e-04 1.333730713e-04
3.487385730e-04 1.335475038e-04
3.504135300e-04 1.343269035e-04
3.507519190e-04 1.344891899e-04
3.517628850e-04 1.350091789e-04
3.550000000e-04 1.366454372e-04
3.582445990e-04 1.382287200e-04
3.600000000e-04 1.390649209e-04
3.630781000e-04 1.405275855e-04
3.657000420e-04 1.417705574e-04
3.672823000e-04 1.425048941e-04
3.694026690e-04 1.434635803e-04
3.700000000e-04 1.437443877e-04
3.715352000e-04 1.444574403e-04
3.722902100e-04 1.448027469e-04
3.769207150e-04 1.469796953e-04
3.790966880e-04 1.479657958e-04
3.801894000e-04 1.484848603e-04
3.807368970e-04 1.487428608e-04
3.850000000e-04 1.507026453e-04
3.890451000e-04 1.525204689e-04
3.912911260e-04 1.535192428e-04
3.918546600e-04 1.537660199e-04
3.927313340e-04 1.541468213e-04
3.935501000e-04 1.545154264e-04
3.969629390e-04 1.560087655e-04
3.973916290e-04 1.562052320e-04
4.046204090e-04 1.593806291e-04
4.073802890e-04 1.605877673e-04
4.073803000e-04 1.605877722e-04
4.085544930e-04 1.610940820e-04
4.091428630e-04 1.613455005e-04
4.097321140e-04 1.616173660e-04
4.103590600e-04 1.619062442e-04
4.168694000e-04 1.647939048e-04
4.180709660e-04 1.653189502e-04
4.203615740e-04 1.662999502e-04
4.216965000e-04 1.668595654e-04
4.265795000e-04 1.689216410e-04
4.265795350e-04 1.689216554e-04
4.315190700e-04 1.709715610e-04
4.340102790e-04 1.720208132e-04
4.346352870e-04 1.722903747e-04
4.358243430e-04 1.727982099e-04
4.365158100e-04 1.730906140e-04
4.390358540e-04 1.741481900e-04
4.390358560e-04 1.741481907e-04
4.415704290e-04 1.752499957e-04
4.453997950e-04 1.768649566e-04
4.500000000e-04 1.788078388e-04
4.505572530e-04 1.790361457e-04
4.518559000e-04 1.796043101e-04
4.570882000e-04 1.817989666e-04
4.584056880e-04 1.823465888e-04
4.623810000e-04 1.839492453e-04
4.650503340e-04 1.850259764e-04
4.650503410e-04 1.850259797e-04
4.650503580e-04 1.850259859e-04
4.677351420e-04 1.860978112e-04
4.717913550e-04 1.877192855e-04
4.758827840e-04 1.894040011e-04
4.769111360e-04 1.898335751e-04
4.786301000e-04 1.905409748e-04
4.855679130e-04 1.932392768e-04
4.862671990e-04 1.934978355e-04
4.875372220e-04 1.940100785e-04
4.883711300e-04 1.943425725e-04
4.897788000e-04 1.949273794e-04
4.940262200e-04 1.966408275e-04
4.954502030e-04 1.971966025e-04
4.964821270e-04 1.975963739e-04
5.011872000e-04 1.993892577e-04
5.058974540e-04 2.012256258e-04
5.067057450e-04 2.015303998e-04
5.069907000e-04 2.016372343e-04
5.099175670e-04 2.027115843e-04
5.113873400e-04 2.032394705e-04
5.128614000e-04 2.038155279e-04
5.150000000e-04 2.046324597e-04
5.191734480e-04 2.061716184e-04
5.215751190e-04 2.071171035e-04
5.217950920e-04 2.072024992e-04
5.242413040e-04 2.081377960e-04
5.308844000e-04 2.105372670e-04
5.310754490e-04 2.106031407e-04
5.339493030e-04 2.117137580e-04
5.381503230e-04 2.132872541e-04
5.432503000e-04 2.151424260e-04
5.447013120e-04 2.156932351e-04
5.448161630e-04 2.157365100e-04
5.463865070e-04 2.163229113e-04
5.559042240e-04 2.196604264e-04
5.559043000e-04 2.196604530e-04
5.569135620e-04 2.200169675e-04
5.591135050e-04 2.208206211e-04
5.623413000e-04 2.219622170e-04
5.655877220e-04 2.230756252e-04
5.673860570e-04 2.237212861e-04
5.688529000e-04 2.242669081e-04
5.704925370e-04 2.248667101e-04
5.787620180e-04 2.277408979e-04
5.804301600e-04 2.282908355e-04
5.821031860e-04 2.288851040e-04
5.834651960e-04 2.293604270e-04
5.837810490e-04 2.294770882e-04
5.854637160e-04 2.300932334e-04
5.854637250e-04 2.300932380e-04
5.956621000e-04 2.336906299e-04
6.000000000e-04 2.351961446e-04
6.025596000e-04 2.360867507e-04
6.060381660e-04 2.372568451e-04
6.095369000e-04 2.383811667e-04
6.112937690e-04 2.389334225e-04
6.112938090e-04 2.389334374e-04
6.146295420e-04 2.400445711e-04
6.148228230e-04 2.401110350e-04
6.232861400e-04 2.428988939e-04
6.246330720e-04 2.433428390e-04
6.255326830e-04 2.436354141e-04
6.258304410e-04 2.437317437e-04
6.258353140e-04 2.437333451e-04
6.324345600e-04 2.459376799e-04
6.345998800e-04 2.466700787e-04
6.382635000e-04 2.479154070e-04
6.389527210e-04 2.481436342e-04
6.430281970e-04 2.494542971e-04
6.447257240e-04 2.500184057e-04
6.464095760e-04 2.505750879e-04
6.500000000e-04 2.518216123e-04
6.503168560e-04 2.519298741e-04
6.550131360e-04 2.534921794e-04
6.606934000e-04 2.552625018e-04
6.610500570e-04 2.553821697e-04
6.760829490e-04 2.599605782e-04
6.760830000e-04 2.599605950e-04
6.783544580e-04 2.606976567e-04
6.809653440e-04 2.615393751e-04
6.839116000e-04 2.624583590e-04
6.878599020e-04 2.636359776e-04
6.918309810e-04 2.649355208e-04
6.958249800e-04 2.661846010e-04
6.988355240e-04 2.670980587e-04
6.998420020e-04 2.673959860e-04
7.059110970e-04 2.691886659e-04
7.079458000e-04 2.698651521e-04
7.161433960e-04 2.724562484e-04
7.244360000e-04 2.748228788e-04
7.253099880e-04 2.750884318e-04
7.257402800e-04 2.752206713e-04
7.265240630e-04 2.754603140e-04
7.265240840e-04 2.754603206e-04
7.349368450e-04 2.779380500e-04
7.413102000e-04 2.797394701e-04
7.413102650e-04 2.797394874e-04
7.465964480e-04 2.813161940e-04
7.521580900e-04 2.828652271e-04
7.536809070e-04 2.832798583e-04
7.542234060e-04 2.834353384e-04
7.553095780e-04 2.837714942e-04
7.585776000e-04 2.847597916e-04
7.607640390e-04 2.854071242e-04
7.626309700e-04 2.859482350e-04
7.673614850e-04 2.872647955e-04
7.680520160e-04 2.874603877e-04
7.740160990e-04 2.891585711e-04
7.790098940e-04 2.906358616e-04
7.800000000e-04 2.909323010e-04
7.852356000e-04 2.924545166e-04
7.852356570e-04 2.924545329e-04
7.873307520e-04 2.930464028e-04
7.909061910e-04 2.940228788e-04
7.943282000e-04 2.949187410e-04
7.957405370e-04 2.953169380e-04
7.972067140e-04 2.957474875e-04
8.058421640e-04 2.981868968e-04
8.058422080e-04 2.981869085e-04
8.128304930e-04 3.000065691e-04
8.128305000e-04 3.000065709e-04
8.151733810e-04 3.006426234e-04
8.222426000e-04 3.026391256e-04
8.237311020e-04 3.030391558e-04
8.311654760e-04 3.049785482e-04
8.341612080e-04 3.057650233e-04
8.377703700e-04 3.067371582e-04
8.377703930e-04 3.067371646e-04
8.413951350e-04 3.076928201e-04
8.433651010e-04 3.082266178e-04
8.438203130e-04 3.083574622e-04
8.462525600e-04 3.090474835e-04
8.505257920e-04 3.102173805e-04
8.511380000e-04 3.103882058e-04
8.603743960e-04 3.128402040e-04
8.620010990e-04 3.132444946e-04
8.630095700e-04 3.135151866e-04
8.709635610e-04 3.156468553e-04
8.709636000e-04 3.156468653e-04
8.722179070e-04 3.159860348e-04
8.810489000e-04 3.182379488e-04
8.820796380e-04 3.184974821e-04
8.858164270e-04 3.194711000e-04
8.912509500e-04 3.208139740e-04
8.922134190e-04 3.210563190e-04
8.938198730e-04 3.214553477e-04
8.938198850e-04 3.214553507e-04
8.989799480e-04 3.227984043e-04
9.015711000e-04 3.234534357e-04
9.015711230e-04 3.234534421e-04
9.113548470e-04 3.259468668e-04
9.120108000e-04 3.261037799e-04
9.166161610e-04 3.271702145e-04
9.205820540e-04 3.281315120e-04
9.225714000e-04 3.286049333e-04
9.225714400e-04 3.286049431e-04
9.230694520e-04 3.287381031e-04
9.332543000e-04 3.313096111e-04
9.340941100e-04 3.315111505e-04
9.383044130e-04 3.325651082e-04
9.386420090e-04 3.326475375e-04
9.386420180e-04 3.326475396e-04
9.474209330e-04 3.347790352e-04
9.508784270e-04 3.356198860e-04
9.539623910e-04 3.363760308e-04
9.549926000e-04 3.366285136e-04
9.577451970e-04 3.373148251e-04
9.591245150e-04 3.376625613e-04
9.660509000e-04 3.393337320e-04
9.677685160e-04 3.397271473e-04
9.695327830e-04 3.401610966e-04
9.772372780e-04 3.420595302e-04
9.800540650e-04 3.427138545e-04
9.885531000e-04 3.446606594e-04
9.906893580e-04 3.451708285e-04
9.914024260e-04 3.453391926e-04
9.956918600e-04 3.463238427e-04
9.992808280e-04 3.471458637e-04
1.001440140e-03 3.476526084e-04
1.004326640e-03 3.483458457e-04
1.010851720e-03 3.499311300e-04
1.017419500e-03 3.514130978e-04
1.018334820e-03 3.516109478e-04
1.023293000e-03 3.527382056e-04
1.023293050e-03 3.527382166e-04
1.024398020e-03 3.529871186e-04
1.028830510e-03 3.540134748e-04
1.035142000e-03 3.554896611e-04
1.040743410e-03 3.567367191e-04
1.041961160e-03 3.569973591e-04
1.043320890e-03 3.572973579e-04
1.048636770e-03 3.585369710e-04
1.050146860e-03 3.588767053e-04
1.053173790e-03 3.595571482e-04
1.055330850e-03 3.600296236e-04
1.059253650e-03 3.608988516e-04
1.059254000e-03 3.608989300e-04
1.062461950e-03 3.616301135e-04
1.071519000e-03 3.636946565e-04
1.072676710e-03 3.639438414e-04
1.075707710e-03 3.645818533e-04
1.076155600e-03 3.646796708e-04
1.077047850e-03 3.648739910e-04
1.083927220e-03 3.664167047e-04
1.091754660e-03 3.681642050e-04
1.096478000e-03 3.691777347e-04
1.096478250e-03 3.691777894e-04
1.099303000e-03 3.698071422e-04
1.102807910e-03 3.706284244e-04
1.109773880e-03 3.721764283e-04
1.111572030e-03 3.725582518e-04
1.112371740e-03 3.727265586e-04
1.122018000e-03 3.747171925e-04
1.122018810e-03 3.747173585e-04
1.126467630e-03 3.757004317e-04
1.126872720e-03 3.757920493e-04
1.135011000e-03 3.775548784e-04
1.138281900e-03 3.782532740e-04
1.148154000e-03 3.803330353e-04
1.151566600e-03 3.810022210e-04
1.152706090e-03 3.812332188e-04
1.161449000e-03 3.830429457e-04
1.163958130e-03 3.835595192e-04
1.167349730e-03 3.842365804e-04
1.170757150e-03 3.849160710e-04
1.174897870e-03 3.857420781e-04
1.178389620e-03 3.864092576e-04
1.181680370e-03 3.870695560e-04
1.181680710e-03 3.870696261e-04
1.185359640e-03 3.878081276e-04
1.191928350e-03 3.891105793e-04
1.192207010e-03 3.891677226e-04
1.198027120e-03 3.903695807e-04
1.198809280e-03 3.905353754e-04
1.202264000e-03 3.912540636e-04
1.207466670e-03 3.922883391e-04
1.207605580e-03 3.923152784e-04
1.212969700e-03 3.933817567e-04
1.215311620e-03 3.938586958e-04
1.217937440e-03 3.944200024e-04
1.230269000e-03 3.969226637e-04
1.230488890e-03 3.969658026e-04
1.235733750e-03 3.980161594e-04
1.237370890e-03 3.983578581e-04
1.241831160e-03 3.992624516e-04
1.245858460e-03 4.000459412e-04
1.247204450e-03 4.003075702e-04
1.249899400e-03 4.008234245e-04
1.251249460e-03 4.010878413e-04
1.258925000e-03 4.026627265e-04
1.264372180e-03 4.037599926e-04
1.267332770e-03 4.043320700e-04
1.270000000e-03 4.048518653e-04
1.275107780e-03 4.058318534e-04
1.277173490e-03 4.062144041e-04
1.282786330e-03 4.072731626e-04
1.288250000e-03 4.082920429e-04
1.288944700e-03 4.084246090e-04
1.293357780e-03 4.092741248e-04
1.301322090e-03 4.108212694e-04
1.305982890e-03 4.117003454e-04
1.310284840e-03 4.124753409e-04
1.318257200e-03 4.138941440e-04
1.322175320e-03 4.146193712e-04
1.325319580e-03 4.152289648e-04
1.325867520e-03 4.153373669e-04
1.326702080e-03 4.155023132e-04
1.331294880e-03 4.163908141e-04
1.333521000e-03 4.168306962e-04
1.344209070e-03 4.188612924e-04
1.348963000e-03 4.197479480e-04
1.354799790e-03 4.207787036e-04
1.360975020e-03 4.218027695e-04
1.362148090e-03 4.220028063e-04
1.363443280e-03 4.222323865e-04
1.364583600e-03 4.224463156e-04
1.380383830e-03 4.255328943e-04
1.380384000e-03 4.255329279e-04
1.386516840e-03 4.266498978e-04
1.388353350e-03 4.269968403e-04
1.396368000e-03 4.284422846e-04
1.399386230e-03 4.289780728e-04
1.400000000e-03 4.290858299e-04
1.410506000e-03 4.308821930e-04
1.412538000e-03 4.312071968e-04
1.416608580e-03 4.319307803e-04
1.416975560e-03 4.319970963e-04
1.418649120e-03 4.323085705e-04
1.433012960e-03 4.347814385e-04
1.435256510e-03 4.351564375e-04
1.440691330e-03 4.360757807e-04
1.445440000e-03 4.368771989e-04
1.450357350e-03 4.376684490e-04
1.451171860e-03 4.378085312e-04
1.464809740e-03 4.401557763e-04
1.465336820e-03 4.402403483e-04
1.467817490e-03 4.406335164e-04
1.471984110e-03 4.413104931e-04
1.472735890e-03 4.414363498e-04
1.479384900e-03 4.425636935e-04
1.483505380e-03 4.432946485e-04
1.487647540e-03 4.440592636e-04
1.492722090e-03 4.449628002e-04
1.506905200e-03 4.473604247e-04
1.508227430e-03 4.475673025e-04
1.511677450e-03 4.481287399e-04
1.513561000e-03 4.484409590e-04
1.520110050e-03 4.494827301e-04
1.520202310e-03 4.494969928e-04
1.524019130e-03 4.501174350e-04
1.527038950e-03 4.506535915e-04
1.531087000e-03 4.513929748e-04
1.539268800e-03 4.528607523e-04
1.540562760e-03 4.530840251e-04
1.555697060e-03 4.556302994e-04
1.556000000e-03 4.556813038e-04
1.556000000e-03 1.751730552e-03
1.557757930e-03 1.762255386e-03
1.563500000e-03 1.796947662e-03
1.570000000e-03 1.830946477e-03
1.570136840e-03 1.831670802e-03
1.575000000e-03 1.857557741e-03
1.584893000e-03 1.895082666e-03
1.589122090e-03 1.911320541e-03
1.589461010e-03 1.912626386e-03
1.590000000e-03 1.914708567e-03
1.591750530e-03 1.920219537e-03
1.592345150e-03 1.922093828e-03
1.602000000e-03 1.952725387e-03
1.602000000e-03 2.266139947e-03
1.602100000e-03 2.271472404e-03
1.602280000e-03 2.281273064e-03
1.602500000e-03 2.308409689e-03
1.602700000e-03 2.333147700e-03
1.602850000e-03 2.351307498e-03
1.603000000e-03 2.370292761e-03
1.603300000e-03 2.407049930e-03
1.603600000e-03 2.443022639e-03
1.603900000e-03 2.478168258e-03
1.604150000e-03 2.506247237e-03
1.604500000e-03 2.543700608e-03
1.604700000e-03 2.564185304e-03
1.605000000e-03 2.593141671e-03
1.605200000e-03 2.611133373e-03
1.605350000e-03 2.620974212e-03
1.605900000e-03 2.642855482e-03
1.606000000e-03 2.650798134e-03
1.606800000e-03 2.674259956e-03
1.606950000e-03 2.677424718e-03
1.607100000e-03 2.683232943e-03
1.607866340e-03 2.706590100e-03
1.607900000e-03 2.707617692e-03
1.608100000e-03 2.712791653e-03
1.610200000e-03 2.741587161e-03
1.610366590e-03 2.744748333e-03
1.610500000e-03 2.747282141e-03
1.612157890e-03 2.759513831e-03
1.613000000e-03 2.765748858e-03
1.615008320e-03 2.773640000e-03
1.616000000e-03 2.777557225e-03
1.621500000e-03 2.792846787e-03
1.621810000e-03 2.791985419e-03
1.624000000e-03 2.796928697e-03
1.628241020e-03 2.803162654e-03
1.630000000e-03 2.805729726e-03
1.634697450e-03 2.810687877e-03
1.640590000e-03 2.816666588e-03
1.641321190e-03 2.817387333e-03
1.644135270e-03 2.820140726e-03
1.647425200e-03 2.823271912e-03
1.649609310e-03 2.825315131e-03
1.664519910e-03 2.838382027e-03
1.665000000e-03 2.838774541e-03
1.669167770e-03 2.843687767e-03
1.669467680e-03 2.844036290e-03
1.670000000e-03 2.844656412e-03
1.674381070e-03 2.850923420e-03
1.676390020e-03 2.853764057e-03
1.688872290e-03 2.870772379e-03
1.692258570e-03 2.875224552e-03
1.694887020e-03 2.878645886e-03
1.698244000e-03 2.882962492e-03
1.702905700e-03 2.887881574e-03
1.705591420e-03 2.890695216e-03
1.710000000e-03 2.895189762e-03
1.713365510e-03 2.899279865e-03
1.723014610e-03 2.910617583e-03
1.725000000e-03 2.912875916e-03
1.726117780e-03 2.914089309e-03
1.737801000e-03 2.926260980e-03
1.740930060e-03 2.929353770e-03
1.745520530e-03 2.933749715e-03
1.747833600e-03 2.935924505e-03
1.750000000e-03 2.937922312e-03
1.757924000e-03 2.943902876e-03
1.761722580e-03 2.946645331e-03
1.766812490e-03 2.950124257e-03
1.778279000e-03 2.959381940e-03
1.780000000e-03 2.960697460e-03
1.783405240e-03 2.963200600e-03
1.783405460e-03 2.963200761e-03
1.785973790e-03 2.965058014e-03
1.787000000e-03 2.965784636e-03
1.787000000e-03 3.377646220e-03
1.790960540e-03 3.382167230e-03
1.804092190e-03 3.396162608e-03
1.804228970e-03 3.396302455e-03
1.806004550e-03 3.398403255e-03
1.806653660e-03 3.399169016e-03
1.810787570e-03 3.403997651e-03
1.818392100e-03 3.413033859e-03
1.819701000e-03 3.414551173e-03
1.829424690e-03 3.425370755e-03
1.831852640e-03 3.427945711e-03
1.837617820e-03 3.433895429e-03
1.838163220e-03 3.434522773e-03
1.839512310e-03 3.436182894e-03
1.844750230e-03 3.442580088e-03
1.846077450e-03 3.444166334e-03
1.846244210e-03 3.444366001e-03
1.854189890e-03 3.453674050e-03
1.867339540e-03 3.468039658e-03
1.872163520e-03 3.473828542e-03
1.872837210e-03 3.474629271e-03
1.877011250e-03 3.479513487e-03
1.883649000e-03 3.487024551e-03
1.887070210e-03 3.490603018e-03
1.888675360e-03 3.492406176e-03
1.893937480e-03 3.498174132e-03
1.893950640e-03 3.498188410e-03
1.898617290e-03 3.503259691e-03
1.900422540e-03 3.505184493e-03
1.905461000e-03 3.510442604e-03
1.910000000e-03 3.514999858e-03
1.913705160e-03 3.518398002e-03
1.920513940e-03 3.524336586e-03
1.924306340e-03 3.528246327e-03
1.924602510e-03 3.528548928e-03
1.927525000e-03 3.531709844e-03
1.936088110e-03 3.540636482e-03
1.939001150e-03 3.543556524e-03
1.944940300e-03 3.549332521e-03
1.947402130e-03 3.551643114e-03
1.949845000e-03 3.553905147e-03
1.950000000e-03 3.554055361e-03
1.953240810e-03 3.557197807e-03
1.961101380e-03 3.565066480e-03
1.961386100e-03 3.565342267e-03
1.972423000e-03 3.577212624e-03
1.980886680e-03 3.585702860e-03
1.982566590e-03 3.587335375e-03
1.992393370e-03 3.596521266e-03
1.992610040e-03 3.596715178e-03
1.992751500e-03 3.596863915e-03
1.996999250e-03 3.601263125e-03
1.998136080e-03 3.602520630e-03
2.001133140e-03 3.605802448e-03
2.001193200e-03 3.605868547e-03
2.003895320e-03 3.608836061e-03
2.018366000e-03 3.623791637e-03
2.020909850e-03 3.626281674e-03
2.021875180e-03 3.627218728e-03
2.036602490e-03 3.640751094e-03
2.040361000e-03 3.643930827e-03
2.040380410e-03 3.643947296e-03
2.041738000e-03 3.645348065e-03
2.047622660e-03 3.651684319e-03
2.061390290e-03 3.665604954e-03
2.065380000e-03 3.669397348e-03
2.069099300e-03 3.672840023e-03
2.073569900e-03 3.676842886e-03
2.077303800e-03 3.680100329e-03
2.084953630e-03 3.686948155e-03
2.086666900e-03 3.688440120e-03
2.089296000e-03 3.690687333e-03
2.089296180e-03 3.690687503e-03
2.092281860e-03 3.693677724e-03
2.100649310e-03 3.701763366e-03
2.101357900e-03 3.702439551e-03
2.107414530e-03 3.708075704e-03
2.108931730e-03 3.709456206e-03
2.119771240e-03 3.719733076e-03
2.122633360e-03 3.722330326e-03
2.128560600e-03 3.728534362e-03
2.137962000e-03 3.737878241e-03
2.139489370e-03 3.739337894e-03
2.147212560e-03 3.746519619e-03
2.150000000e-03 3.749008608e-03
2.155096560e-03 3.753455925e-03
2.162719000e-03 3.759805260e-03
2.165443720e-03 3.762106369e-03
2.174275300e-03 3.770020051e-03
2.181976340e-03 3.776470460e-03
2.182258800e-03 3.776700897e-03
2.182259020e-03 3.776701125e-03
2.183043930e-03 3.777488453e-03
2.187762000e-03 3.782172967e-03
2.200391670e-03 3.794022789e-03
2.208819280e-03 3.801319233e-03
2.216046360e-03 3.807677300e-03
2.216282230e-03 3.807881092e-03
2.222925920e-03 3.813487496e-03
2.225871400e-03 3.815898813e-03
2.228074480e-03 3.817704175e-03
2.235904150e-03 3.824952825e-03
2.241541860e-03 3.829922119e-03
2.241542260e-03 3.829922468e-03
2.241920190e-03 3.830252052e-03
2.244694800e-03 3.832842329e-03
2.248407360e-03 3.836231942e-03
2.251645860e-03 3.839114867e-03
2.263066380e-03 3.849190204e-03
2.264644000e-03 3.850744957e-03
2.266909220e-03 3.852962608e-03
2.274442960e-03 3.860157852e-03
2.285105490e-03 3.869861335e-03
2.286441730e-03 3.871025494e-03
2.286442030e-03 3.871025750e-03
2.290868000e-03 3.874850658e-03
2.292503950e-03 3.876233081e-03
2.297470570e-03 3.880750040e-03
2.305821020e-03 3.888033627e-03
2.311565920e-03 3.892824704e-03
2.316587320e-03 3.896907811e-03
2.317395000e-03 3.897690371e-03
2.320706100e-03 3.900858292e-03
2.320732470e-03 3.900883353e-03
2.326583910e-03 3.906519134e-03
2.341278810e-03 3.919839266e-03
2.344229000e-03 3.922350427e-03
2.346740700e-03 3.924560815e-03
2.355483470e-03 3.931978298e-03
2.357762520e-03 3.933850172e-03
2.365444640e-03 3.939922741e-03
2.367963830e-03 3.941854796e-03
2.368389540e-03 3.942177510e-03
2.371374000e-03 3.944459478e-03
2.373935000e-03 3.946708713e-03
2.378209070e-03 3.950513891e-03
2.378422770e-03 3.950717567e-03
2.386341230e-03 3.958137020e-03
2.398833000e-03 3.969129267e-03
2.409212210e-03 3.977535900e-03
2.413115940e-03 3.980526658e-03
2.418058500e-03 3.984179259e-03
2.426610000e-03 3.990181409e-03
2.433604740e-03 3.994944590e-03
2.438863680e-03 3.999232249e-03
2.448218170e-03 4.007249617e-03
2.448534920e-03 4.007513915e-03
2.456034350e-03 4.013602816e-03
2.465329610e-03 4.021057059e-03
2.468880220e-03 4.023781565e-03
2.475996240e-03 4.029015153e-03
2.481347180e-03 4.032787556e-03
2.485367680e-03 4.036020747e-03
2.494164450e-03 4.043550404e-03
2.494213670e-03 4.043591647e-03
2.497468250e-03 4.046290088e-03
2.499715750e-03 4.048181695e-03
2.508725650e-03 4.055503405e-03
2.517767660e-03 4.062383955e-03
2.522754700e-03 4.066641231e-03
2.530196820e-03 4.072735208e-03
2.540973000e-03 4.081042470e-03
2.551966510e-03 4.089197831e-03
2.556791560e-03 4.092656292e-03
2.556820580e-03 4.092679750e-03
2.563930670e-03 4.098289550e-03
2.564852990e-03 4.098996746e-03
2.570396000e-03 4.103194270e-03
2.573403140e-03 4.105400774e-03
2.577804870e-03 4.109239951e-03
2.584435760e-03 4.114859459e-03
2.593619230e-03 4.122289417e-03
2.604804920e-03 4.130957418e-03
2.610470450e-03 4.135086121e-03
2.625876640e-03 4.145461666e-03
2.626958160e-03 4.146142735e-03
2.630268000e-03 4.148186986e-03
2.630268220e-03 4.148187153e-03
2.633582020e-03 4.150901182e-03
2.639392210e-03 4.155557162e-03
2.645452980e-03 4.160254215e-03
2.657376470e-03 4.168927122e-03
2.657392790e-03 4.168938889e-03
2.678475180e-03 4.182991308e-03
2.686334740e-03 4.187601264e-03
2.690778440e-03 4.190083591e-03
2.691535000e-03 4.190499552e-03
2.695411030e-03 4.192581017e-03
2.699292830e-03 4.195241694e-03
2.699293010e-03 4.195241825e-03
2.703180560e-03 4.198324332e-03
2.705377670e-03 4.200033976e-03
2.722701000e-03 4.212707857e-03
2.729973590e-03 4.217659175e-03
2.747301430e-03 4.228422631e-03
2.752247600e-03 4.231200278e-03
2.753733290e-03 4.232103593e-03
2.754229000e-03 4.232474842e-03
2.766145060e-03 4.241066922e-03
2.767451660e-03 4.241996025e-03
2.770129260e-03 4.243895704e-03
2.789839400e-03 4.256753680e-03
2.792644330e-03 4.258438954e-03
2.798176060e-03 4.262013271e-03
2.805799540e-03 4.266706023e-03
2.806241320e-03 4.267024317e-03
2.810282960e-03 4.270095992e-03
2.814836630e-03 4.273465618e-03
2.830577420e-03 4.284341133e-03
2.837204570e-03 4.288551474e-03
2.843846810e-03 4.292567209e-03
2.851018000e-03 4.296841386e-03
2.852164430e-03 4.297511728e-03
2.854353870e-03 4.299011725e-03
2.871800820e-03 4.311533851e-03
2.876777610e-03 4.314854674e-03
2.884032000e-03 4.319481574e-03
2.893361770e-03 4.325058104e-03
2.896509600e-03 4.327270862e-03
2.903552180e-03 4.332084922e-03
2.909041780e-03 4.335781747e-03
2.911136390e-03 4.337171613e-03
2.917427000e-03 4.341226335e-03
2.933362420e-03 4.351840339e-03
2.936909810e-03 4.354053196e-03
2.947495600e-03 4.360340362e-03
2.949152380e-03 4.361276175e-03
2.963978140e-03 4.369361947e-03
2.966894150e-03 4.370981828e-03
2.968247230e-03 4.371924330e-03
2.972721960e-03 4.374987022e-03
2.980398130e-03 4.380066470e-03
2.985382590e-03 4.383233929e-03
2.989144640e-03 4.385703668e-03
3.005319290e-03 4.395591437e-03
3.013439370e-03 4.400642835e-03
3.016169190e-03 4.402298438e-03
3.018898950e-03 4.403927987e-03
3.019952000e-03 4.404573433e-03
3.023267230e-03 4.406573733e-03
3.033018570e-03 4.413260817e-03
3.036447210e-03 4.415514933e-03
3.049019580e-03 4.423400758e-03
3.066248860e-03 4.433057249e-03
3.070632380e-03 4.435808753e-03
3.079058630e-03 4.440888407e-03
3.082522940e-03 4.443143954e-03
3.085136020e-03 4.444813071e-03
3.090295000e-03 4.448041732e-03
3.090295370e-03 4.448041972e-03
3.094188960e-03 4.450649955e-03
3.108136230e-03 4.459554019e-03
3.122164290e-03 4.467661639e-03
3.126079000e-03 4.469785265e-03
3.131869760e-03 4.472816440e-03
3.135548070e-03 4.475175254e-03
3.139604570e-03 4.478025514e-03
3.141088230e-03 4.479085434e-03
3.156168000e-03 4.489360908e-03
3.158298600e-03 4.490752462e-03
3.175959520e-03 4.501572632e-03
3.175960180e-03 4.501573004e-03
3.178541650e-03 4.503052462e-03
3.198895000e-03 4.513813703e-03
3.220257430e-03 4.525253100e-03
3.222231340e-03 4.526216255e-03
3.227797070e-03 4.529355511e-03
3.227797660e-03 4.529355842e-03
3.235937000e-03 4.533928270e-03
3.245263630e-03 4.538873187e-03
3.251472100e-03 4.542776128e-03
3.259524650e-03 4.547679987e-03
3.263998780e-03 4.550305240e-03
3.282842590e-03 4.561266505e-03
3.287570320e-03 4.563794481e-03
3.295563440e-03 4.567891537e-03
3.301794590e-03 4.571021373e-03
3.307144570e-03 4.573585820e-03
3.311311000e-03 4.575502692e-03
3.328031880e-03 4.583312378e-03
3.329397940e-03 4.584097199e-03
3.333424870e-03 4.586381597e-03
3.347320260e-03 4.593818766e-03
3.349654000e-03 4.595038923e-03
3.366569300e-03 4.603319954e-03
3.368991980e-03 4.604413799e-03
3.374071940e-03 4.606912697e-03
3.381134840e-03 4.610236213e-03
3.382784130e-03 4.611062302e-03
3.388442000e-03 4.613828184e-03
3.391490450e-03 4.615266708e-03
3.410044510e-03 4.625228832e-03
3.417826090e-03 4.629038424e-03
3.420286460e-03 4.630214746e-03
3.420286930e-03 4.630214975e-03
3.423384800e-03 4.631880884e-03
3.426483540e-03 4.633518581e-03
3.430762730e-03 4.635821872e-03
3.439877200e-03 4.640504715e-03
3.442508750e-03 4.642091322e-03
3.471737400e-03 4.658006437e-03
3.473921790e-03 4.659145726e-03
3.485201290e-03 4.664789004e-03
3.507519000e-03 4.674597705e-03
3.511938180e-03 4.676372297e-03
3.511938550e-03 4.676372432e-03
3.513754780e-03 4.677221229e-03
3.522613770e-03 4.682363419e-03
3.529355210e-03 4.686116879e-03
3.539209700e-03 4.691321901e-03
3.540482710e-03 4.691969388e-03
3.541279050e-03 4.692379186e-03
3.548134000e-03 4.696073832e-03
3.563485810e-03 4.703769674e-03
3.565599240e-03 4.704792988e-03
3.582285120e-03 4.712391821e-03
3.582285400e-03 4.712391960e-03
3.589219000e-03 4.715648863e-03
3.596934370e-03 4.719822207e-03
3.604748820e-03 4.723874560e-03
3.613513880e-03 4.728185065e-03
3.617207830e-03 4.729921568e-03
3.630781000e-03 4.735976543e-03
3.635355330e-03 4.737870716e-03
3.635968520e-03 4.738123316e-03
3.648212050e-03 4.743610205e-03
3.651740950e-03 4.745256041e-03
3.655027330e-03 4.747078688e-03
3.663585100e-03 4.751671735e-03
3.670263980e-03 4.755192764e-03
3.672823000e-03 4.756502924e-03
3.683409900e-03 4.761722386e-03
3.690456530e-03 4.764989123e-03
3.699595960e-03 4.768979713e-03
3.707340410e-03 4.772146217e-03
3.708174450e-03 4.772546579e-03
3.709326780e-03 4.773104693e-03
3.718005770e-03 4.777230312e-03
3.731427450e-03 4.784054823e-03
3.739039090e-03 4.787683394e-03
3.740500540e-03 4.788361008e-03
3.756683920e-03 4.795577218e-03
3.757064590e-03 4.795777326e-03
3.758374000e-03 4.796462739e-03
3.777352770e-03 4.806226240e-03
3.779952310e-03 4.807474741e-03
3.783472930e-03 4.809158312e-03
3.799245000e-03 4.816243669e-03
3.801894000e-03 4.817385848e-03
3.809079140e-03 4.820705652e-03
3.820147160e-03 4.825514558e-03
3.829607850e-03 4.829391794e-03
3.844620590e-03 4.834967125e-03
3.845918000e-03 4.835568686e-03
3.849378940e-03 4.837148055e-03
3.857003230e-03 4.840496594e-03
3.862468840e-03 4.843115284e-03
3.868120510e-03 4.845737620e-03
3.870437150e-03 4.846881710e-03
3.879269980e-03 4.851116245e-03
3.888419890e-03 4.855250405e-03
3.889096030e-03 4.855551769e-03
3.904298430e-03 4.862172072e-03
3.907284320e-03 4.863388139e-03
3.911921320e-03 4.865222231e-03
3.935501000e-03 4.876449450e-03
3.942938650e-03 4.879676061e-03
3.943959770e-03 4.880108929e-03
3.948264660e-03 4.881910361e-03
3.952528380e-03 4.883641249e-03
3.955373480e-03 4.884892396e-03
3.981072000e-03 4.896822315e-03
3.988150280e-03 4.899815359e-03
3.998204650e-03 4.903810303e-03
4.000000000e-03 4.904496730e-03
4.015087800e-03 4.909948747e-03
4.015596080e-03 4.910194649e-03
4.017040900e-03 4.910898335e-03
4.027170000e-03 4.915664953e-03
4.030794150e-03 4.917304434e-03
4.038778450e-03 4.921177891e-03
4.061416120e-03 4.931432508e-03
4.071971180e-03 4.935770220e-03
4.073803000e-03 4.936491100e-03
4.082559460e-03 4.939802421e-03
4.082606260e-03 4.939819680e-03
4.087015340e-03 4.941656992e-03
4.088301920e-03 4.942192279e-03
4.091428540e-03 4.943635401e-03
4.101376920e-03 4.948059494e-03
4.120975000e-03 4.955940224e-03
4.138805510e-03 4.963885207e-03
4.141784750e-03 4.965126070e-03
4.148495280e-03 4.967921426e-03
4.165788870e-03 4.974555607e-03
4.167288080e-03 4.975090391e-03
4.168694000e-03 4.975587446e-03
4.171172070e-03 4.976456481e-03
4.176105590e-03 4.978171324e-03
4.196532980e-03 4.985783396e-03
4.199081250e-03 4.986650356e-03
4.204844960e-03 4.988549690e-03
4.215069080e-03 4.992775019e-03
4.216965000e-03 4.993542996e-03
4.220759890e-03 4.995214305e-03
4.235210690e-03 5.001365409e-03
4.243849710e-03 5.004790129e-03
4.255431160e-03 5.009074906e-03
4.264308460e-03 5.012154377e-03
4.265795000e-03 5.012648976e-03
4.279630200e-03 5.017572771e-03
4.280977920e-03 5.018147060e-03
4.294282870e-03 5.023697707e-03
4.299500220e-03 5.025755630e-03
4.313735560e-03 5.031004867e-03
4.314463170e-03 5.031264901e-03
4.319740590e-03 5.033114327e-03
4.323346060e-03 5.034355244e-03
4.346157570e-03 5.041414410e-03
4.346646510e-03 5.041588293e-03
4.352612250e-03 5.043669245e-03
4.365158000e-03 5.048421263e-03
4.365158380e-03 5.048421400e-03
4.372919660e-03 5.051569318e-03
4.378380260e-03 5.053759441e-03
4.383944050e-03 5.055915425e-03
4.392988220e-03 5.059258648e-03
4.405216810e-03 5.063462928e-03
4.418031550e-03 5.068709108e-03
4.429949300e-03 5.073292963e-03
4.430025540e-03 5.073321209e-03
4.434809550e-03 5.075289630e-03
4.466082580e-03 5.086718451e-03
4.466836000e-03 5.086970797e-03
4.475278210e-03 5.089769583e-03
4.479711150e-03 5.091176354e-03
4.496665720e-03 5.096764539e-03
4.498890770e-03 5.097443265e-03
4.499422020e-03 5.097624953e-03
4.499863950e-03 5.097776013e-03
4.510508170e-03 5.101281082e-03
4.518559000e-03 5.104619729e-03
4.531583680e-03 5.109739851e-03
4.538005720e-03 5.112185678e-03
4.557744880e-03 5.119097591e-03
4.560025430e-03 5.119834680e-03
4.567594240e-03 5.122571936e-03
4.570882000e-03 5.123856050e-03
4.585627670e-03 5.129312181e-03
4.590658270e-03 5.131061401e-03
4.591124960e-03 5.131222712e-03
4.606997280e-03 5.137672837e-03
4.623810000e-03 5.143852928e-03
4.638806590e-03 5.148894836e-03
4.647158620e-03 5.151471208e-03
4.650503910e-03 5.152498772e-03
4.652531720e-03 5.153111740e-03
4.654688230e-03 5.153933179e-03
4.657999250e-03 5.155192574e-03
4.669016860e-03 5.159222309e-03
4.691518890e-03 5.167832443e-03
4.697588680e-03 5.169953952e-03
4.702662090e-03 5.171663045e-03
4.717913560e-03 5.177218531e-03
4.721310000e-03 5.178402798e-03
4.731513000e-03 5.181812154e-03
4.735770150e-03 5.183170034e-03
4.746185260e-03 5.186411693e-03
4.752466620e-03 5.188867552e-03
4.763110080e-03 5.193267170e-03
4.768897100e-03 5.195557087e-03
4.784149110e-03 5.201331295e-03
4.784149120e-03 5.201331306e-03
4.801823910e-03 5.207401855e-03
4.803335870e-03 5.207899786e-03
4.807010090e-03 5.209125142e-03
4.816031290e-03 5.212021838e-03
4.821217670e-03 5.213826930e-03
4.839819040e-03 5.219808003e-03
4.841724000e-03 5.220378749e-03
4.856389010e-03 5.226035705e-03
4.874057590e-03 5.232343636e-03
4.879979220e-03 5.234313673e-03
4.896136750e-03 5.239301941e-03
4.906496160e-03 5.242197509e-03
4.912975920e-03 5.243962277e-03
4.919493170e-03 5.245975833e-03
4.933490830e-03 5.251025276e-03
4.938804690e-03 5.252839602e-03
4.952274020e-03 5.257185635e-03
4.954502000e-03 5.257886052e-03
4.969509080e-03 5.262324888e-03
4.981844450e-03 5.265606713e-03
4.986089110e-03 5.266660798e-03
4.988565210e-03 5.267261843e-03
4.990645720e-03 5.267948592e-03
5.011872000e-03 5.274596059e-03
5.011872690e-03 5.274596286e-03
5.014370240e-03 5.275559898e-03
5.037732760e-03 5.283977322e-03
5.055335770e-03 5.289575209e-03
5.068197080e-03 5.293253639e-03
5.071802190e-03 5.294245078e-03
5.079489050e-03 5.296275542e-03
5.084520150e-03 5.297546241e-03
5.091842620e-03 5.299378960e-03
5.111783050e-03 5.304547693e-03
5.113227300e-03 5.305036692e-03
5.128614000e-03 5.309996894e-03
5.141828410e-03 5.313932203e-03
5.143396820e-03 5.314376380e-03
5.145247310e-03 5.314972170e-03
5.150685380e-03 5.316684384e-03
5.156916690e-03 5.318581782e-03
5.159185820e-03 5.319268881e-03
5.162862970e-03 5.320365464e-03
5.204736750e-03 5.332914146e-03
5.206189630e-03 5.333287568e-03
5.210447340e-03 5.334677167e-03
5.214197480e-03 5.335887865e-03
5.225230720e-03 5.339423782e-03
5.244300070e-03 5.344970144e-03
5.248075000e-03 5.346150065e-03
5.278137020e-03 5.354605599e-03
5.283121930e-03 5.356223365e-03
5.286879180e-03 5.357431650e-03
5.289540460e-03 5.358275999e-03
5.292916530e-03 5.359505452e-03
5.313621340e-03 5.366750139e-03
5.336652640e-03 5.374058264e-03
5.354883530e-03 5.379152120e-03
5.368205110e-03 5.382473284e-03
5.370318000e-03 5.382968831e-03
5.386584190e-03 5.386512268e-03
5.387926660e-03 5.386833113e-03
5.389431390e-03 5.387328012e-03
5.399378630e-03 5.390587822e-03
5.412750050e-03 5.395404802e-03
5.415383600e-03 5.396331362e-03
5.432503000e-03 5.402077072e-03
5.450122650e-03 5.407522377e-03
5.456008060e-03 5.409218369e-03
5.460533600e-03 5.410486356e-03
5.477997420e-03 5.415729667e-03
5.485225410e-03 5.417737119e-03
5.500000000e-03 5.421551286e-03
5.505179250e-03 5.423142235e-03
5.512054170e-03 5.425256015e-03
5.532107730e-03 5.431021657e-03
5.543065110e-03 5.433876898e-03
5.547075490e-03 5.434891889e-03
5.555967960e-03 5.437046924e-03
5.559043000e-03 5.437760355e-03
5.561812770e-03 5.438499725e-03
5.573365570e-03 5.441436382e-03
5.587726040e-03 5.445435759e-03
5.595222360e-03 5.447411169e-03
5.599565140e-03 5.448820725e-03
5.620885100e-03 5.455289518e-03
5.623413000e-03 5.456006148e-03
5.641651230e-03 5.460974690e-03
5.656995990e-03 5.464818526e-03
5.659264790e-03 5.465353997e-03
5.663796130e-03 5.466402881e-03
5.679893310e-03 5.469837918e-03
5.688529000e-03 5.472020732e-03
5.689946410e-03 5.472418632e-03
5.703186140e-03 5.475972159e-03
5.713141560e-03 5.478498415e-03
5.721369800e-03 5.480519712e-03
5.740863440e-03 5.485786724e-03
5.746038380e-03 5.487079677e-03
5.752458980e-03 5.488622978e-03
5.755030810e-03 5.489223049e-03
5.765274790e-03 5.492289800e-03
5.792827730e-03 5.499707818e-03
5.795954620e-03 5.500498634e-03
5.804578990e-03 5.502944116e-03
5.818414790e-03 5.506620547e-03
5.821032000e-03 5.507303327e-03
5.846083440e-03 5.513350250e-03
5.846218040e-03 5.513380024e-03
5.853156660e-03 5.515228383e-03
5.871646310e-03 5.519776930e-03
5.888921060e-03 5.523518409e-03
5.891614890e-03 5.524285554e-03
5.901480660e-03 5.527339631e-03
5.905409150e-03 5.528517040e-03
5.907432370e-03 5.529114514e-03
5.913913730e-03 5.530992688e-03
5.934962280e-03 5.536711285e-03
5.954612600e-03 5.541614053e-03
5.976611880e-03 5.546500439e-03
5.991378990e-03 5.549975651e-03
5.996400180e-03 5.551390913e-03
6.000000000e-03 5.552399513e-03
6.000664980e-03 5.552584523e-03
6.007517900e-03 5.554461134e-03
6.038617100e-03 5.562072066e-03
6.043847190e-03 5.563522877e-03
6.056022820e-03 5.566832892e-03
6.058849110e-03 5.567569298e-03
6.069390590e-03 5.570280632e-03
6.095369000e-03 5.577930086e-03
6.098981850e-03 5.578916987e-03
6.126819830e-03 5.585889429e-03
6.128317860e-03 5.586242999e-03
6.143529520e-03 5.590370054e-03
6.165950000e-03 5.595937388e-03
6.171498610e-03 5.597199704e-03
6.186929540e-03 5.600463876e-03
6.188316660e-03 5.600741237e-03
6.192628180e-03 5.601917371e-03
6.218635090e-03 5.608457379e-03
6.237348000e-03 5.612690560e-03
6.244619120e-03 5.614434163e-03
6.253419440e-03 5.616749053e-03
6.256240780e-03 5.617494904e-03
6.259548160e-03 5.618368159e-03
6.264923480e-03 5.619754724e-03
6.279002150e-03 5.623194543e-03
6.291439180e-03 5.626002785e-03
6.309573000e-03 5.629694921e-03
6.333291220e-03 5.635239876e-03
6.333974290e-03 5.635412313e-03
6.342129180e-03 5.637426156e-03
6.343900620e-03 5.637858578e-03
6.355137950e-03 5.640503174e-03
6.355567060e-03 5.640622066e-03
6.382635000e-03 5.647620080e-03
6.393983460e-03 5.650376256e-03
6.403335480e-03 5.652511741e-03
6.423326830e-03 5.656670374e-03
6.437985150e-03 5.659366593e-03
6.456649560e-03 5.663738762e-03
6.464237000e-03 5.665382231e-03
6.468665800e-03 5.666305752e-03
6.473177650e-03 5.667413519e-03
6.484477860e-03 5.670121539e-03
6.503168480e-03 5.674341647e-03
6.531306000e-03 5.680004749e-03
6.543649370e-03 5.682135475e-03
6.550212720e-03 5.683188065e-03
6.552487810e-03 5.683540073e-03
6.555984920e-03 5.684289558e-03
6.566648090e-03 5.686475237e-03
6.574922510e-03 5.688532811e-03
6.603964020e-03 5.695278843e-03
6.606934000e-03 5.695906930e-03
6.621273790e-03 5.699293303e-03
6.635368100e-03 5.702361007e-03
6.635520960e-03 5.702392949e-03
6.654346970e-03 5.706086499e-03
6.696054170e-03 5.714842633e-03
6.704999820e-03 5.716418834e-03
6.712355850e-03 5.717640221e-03
6.719605060e-03 5.718798142e-03
6.728072220e-03 5.720140505e-03
6.729313460e-03 5.720329371e-03
6.729887640e-03 5.720416526e-03
6.736246730e-03 5.721621126e-03
6.741398060e-03 5.722608121e-03
6.744771780e-03 5.723364572e-03
6.758549990e-03 5.727243126e-03
6.805978940e-03 5.738787482e-03
6.810819870e-03 5.739825540e-03
6.839116000e-03 5.745316150e-03
6.854974870e-03 5.747951004e-03
6.859832250e-03 5.748908164e-03
6.861297090e-03 5.749201493e-03
6.876859540e-03 5.752660607e-03
6.886646740e-03 5.754686290e-03
6.893153950e-03 5.756012017e-03
6.905981950e-03 5.758470994e-03
6.918310000e-03 5.761567603e-03
6.948242590e-03 5.768333347e-03
6.954007080e-03 5.769510401e-03
6.958249100e-03 5.770382141e-03
6.967956740e-03 5.772300334e-03
6.972972450e-03 5.773386731e-03
7.014647450e-03 5.781417367e-03
7.019617980e-03 5.782266828e-03
7.028700110e-03 5.783740562e-03
7.029413210e-03 5.783852632e-03
7.045155790e-03 5.787036848e-03
7.046978490e-03 5.787386780e-03
7.058218350e-03 5.790060386e-03
7.062643170e-03 5.791075855e-03
7.064191660e-03 5.791480165e-03
7.097698980e-03 5.799560971e-03
7.100901060e-03 5.800292253e-03
7.115986290e-03 5.803631045e-03
7.123432270e-03 5.805180848e-03
7.126735410e-03 5.806037236e-03
7.158213750e-03 5.813592526e-03
7.198385400e-03 5.821564651e-03
7.211123150e-03 5.823740291e-03
7.213637330e-03 5.824169432e-03
7.218017800e-03 5.824902458e-03
7.231450980e-03 5.827014281e-03
7.241509050e-03 5.828844937e-03
7.244360000e-03 5.829343505e-03
7.263025010e-03 5.833020437e-03
7.266823930e-03 5.833720106e-03
7.290545320e-03 5.839332481e-03
7.315187140e-03 5.844510979e-03
7.347126970e-03 5.850203917e-03
7.350442080e-03 5.850742485e-03
7.359952610e-03 5.852220461e-03
7.360699420e-03 5.852336868e-03
7.370552150e-03 5.854093979e-03
7.391796790e-03 5.858514983e-03
7.413102000e-03 5.862453508e-03
7.427112570e-03 5.865598666e-03
7.445932190e-03 5.869503428e-03
7.451352220e-03 5.870559023e-03
7.459149480e-03 5.872023867e-03
7.462608150e-03 5.872754771e-03
7.498942000e-03 5.879934253e-03
7.523263350e-03 5.884002363e-03
7.531214210e-03 5.885195843e-03
7.542233560e-03 5.886740513e-03
7.545522230e-03 5.887175693e-03
7.553095610e-03 5.888134919e-03
7.563973170e-03 5.889491204e-03
7.596700800e-03 5.894863200e-03
7.605320880e-03 5.896542330e-03
7.609299020e-03 5.897292582e-03
7.610246880e-03 5.897502164e-03
7.621087940e-03 5.899840969e-03
7.629568890e-03 5.901588939e-03
7.645712660e-03 5.904766157e-03
7.657067540e-03 5.906937290e-03
7.698502120e-03 5.913699043e-03
7.730353670e-03 5.919385884e-03
7.735857790e-03 5.920265066e-03
7.745732640e-03 5.921767676e-03
7.758980600e-03 5.923662250e-03
7.758981100e-03 5.923662274e-03
7.762471000e-03 5.924134646e-03
7.770854380e-03 5.925453646e-03
7.785983390e-03 5.928249723e-03
7.804475890e-03 5.931467570e-03
7.818176230e-03 5.933754274e-03
7.848825850e-03 5.939609201e-03
7.852356000e-03 5.940236301e-03
7.886330870e-03 5.945664616e-03
7.892872710e-03 5.946575398e-03
7.904084640e-03 5.948109992e-03
7.920452430e-03 5.950803847e-03
7.924416150e-03 5.951545726e-03
7.940603210e-03 5.955359644e-03
7.940603600e-03 5.955359771e-03
7.989139080e-03 5.965330635e-03
7.996328400e-03 5.966623209e-03
7.998486460e-03 5.967002356e-03
8.032551640e-03 5.972620250e-03
8.055964360e-03 5.975914393e-03
8.061321450e-03 5.976634292e-03
8.079604770e-03 5.979391762e-03
8.079605060e-03 5.979391825e-03
8.108225130e-03 5.983070250e-03
8.110777390e-03 5.983486956e-03
8.113821660e-03 5.983979820e-03
8.147152900e-03 5.990951003e-03
8.173162830e-03 5.995863140e-03
8.185450440e-03 5.998001581e-03
8.186635560e-03 5.998200538e-03
8.192528670e-03 5.999312780e-03
8.218729180e-03 6.003877350e-03
8.222426000e-03 6.004473495e-03
8.258840810e-03 6.009858989e-03
8.280234180e-03 6.013443628e-03
8.292682860e-03 6.015374719e-03
8.297882360e-03 6.016143312e-03
8.314364970e-03 6.018910112e-03
8.317638000e-03 6.019432732e-03
8.342831670e-03 6.023843258e-03
8.346824500e-03 6.024490439e-03
8.365655550e-03 6.027348929e-03
8.369303610e-03 6.027888005e-03
8.375349630e-03 6.029050745e-03
8.398958720e-03 6.033491365e-03
8.443476950e-03 6.040551077e-03
8.456983130e-03 6.042389609e-03
8.457365790e-03 6.042456796e-03
8.493026580e-03 6.048158331e-03
8.496214160e-03 6.048629816e-03
8.511380000e-03 6.051254327e-03
8.537774190e-03 6.055358015e-03
8.549074090e-03 6.057580391e-03
8.606066040e-03 6.067180713e-03
8.609938000e-03 6.067756388e-03
8.632121890e-03 6.070994136e-03
8.648067760e-03 6.073061293e-03
8.659642880e-03 6.074703595e-03
8.663418750e-03 6.075214776e-03
8.684603260e-03 6.077870500e-03
8.706477860e-03 6.080211261e-03
8.709636000e-03 6.080676952e-03
8.750179780e-03 6.087790734e-03
8.759917620e-03 6.089303154e-03
8.763736450e-03 6.089887072e-03
8.785166510e-03 6.093481422e-03
8.791489940e-03 6.094508571e-03
8.807517380e-03 6.096964922e-03
8.810489000e-03 6.097419167e-03
8.839063130e-03 6.101417465e-03
8.881953170e-03 6.106153182e-03
8.886894110e-03 6.106602744e-03
8.893291340e-03 6.107498640e-03
8.898417470e-03 6.108206627e-03
8.908501810e-03 6.110081906e-03
8.940146700e-03 6.115443398e-03
8.941414410e-03 6.115679325e-03
8.961694500e-03 6.119441751e-03
8.963961610e-03 6.119854715e-03
9.011658080e-03 6.127610932e-03
9.015711000e-03 6.128200151e-03
9.044951770e-03 6.132086765e-03
9.079095920e-03 6.137328953e-03
9.100441560e-03 6.140257579e-03
9.116007570e-03 6.142167505e-03
9.117032490e-03 6.142287454e-03
9.120108000e-03 6.142643110e-03
9.172758840e-03 6.148827410e-03
9.185556530e-03 6.150007421e-03
9.194289860e-03 6.151081941e-03
9.221564730e-03 6.155832124e-03
9.221565030e-03 6.155832176e-03
9.222603340e-03 6.156011558e-03
9.258088070e-03 6.161791555e-03
9.276627650e-03 6.164557062e-03
9.305719740e-03 6.168369648e-03
9.310377510e-03 6.169049507e-03
9.312418190e-03 6.169442469e-03
9.329395580e-03 6.172611267e-03
9.384046440e-03 6.181408178e-03
9.398154750e-03 6.183357546e-03
9.436363310e-03 6.187887228e-03
9.437422890e-03 6.187997885e-03
9.437423110e-03 6.187997914e-03
9.440609000e-03 6.188348086e-03
9.471226170e-03 6.191469181e-03
9.492708210e-03 6.193745278e-03
9.500000000e-03 6.194443939e-03
9.506980700e-03 6.195337772e-03
9.532909480e-03 6.198419065e-03
9.546167790e-03 6.200521567e-03
9.583436980e-03 6.205779872e-03
9.602625980e-03 6.208096956e-03
9.602626150e-03 6.208096975e-03
9.605058510e-03 6.208389158e-03
9.618457200e-03 6.209996891e-03
9.643294320e-03 6.213141826e-03
9.671818670e-03 6.216225572e-03
9.694408310e-03 6.219366326e-03
9.703292050e-03 6.220533984e-03
9.728423490e-03 6.224535913e-03
9.743053020e-03 6.226668519e-03
9.749160610e-03 6.227520521e-03
9.751300010e-03 6.227867417e-03
9.772372000e-03 6.231218829e-03
9.815649670e-03 6.237146070e-03
9.833074470e-03 6.239180183e-03
9.855868710e-03 6.242462724e-03
9.881086690e-03 6.245890098e-03
9.885531000e-03 6.246475685e-03
9.920216180e-03 6.250668037e-03
9.942600090e-03 6.252939048e-03
9.946934790e-03 6.253339122e-03
9.980012640e-03 6.255979511e-03
9.982179820e-03 6.256245873e-03
1.000000000e-02 6.258819380e-03
1.003101010e-02 6.262810615e-03
1.004654970e-02 6.265325908e-03
1.005773100e-02 6.267047079e-03
1.009398040e-02 6.272171394e-03
1.011238380e-02 6.274444106e-03
1.011579000e-02 6.274862852e-03
1.016059200e-02 6.279903351e-03
1.018884660e-02 6.282977456e-03
1.019784570e-02 6.283850977e-03
1.021086480e-02 6.285030342e-03
1.021758600e-02 6.285611722e-03
1.022832760e-02 6.286922353e-03
1.023293000e-02 6.287461904e-03
1.028940280e-02 6.295225071e-03
1.029200170e-02 6.295546023e-03
1.029649070e-02 6.296091750e-03
1.030682380e-02 6.297520961e-03
1.034676830e-02 6.302640770e-03
1.035142000e-02 6.303185725e-03
1.035701050e-02 6.303827094e-03
1.039947010e-02 6.308078750e-03
1.042419770e-02 6.311095859e-03
1.044118970e-02 6.313032854e-03
1.044870320e-02 6.314170997e-03
1.046775220e-02 6.316908112e-03
1.047693550e-02 6.318150482e-03
1.050375440e-02 6.321677089e-03
1.054690230e-02 6.327523509e-03
1.058777280e-02 6.332050433e-03
1.058896620e-02 6.332167524e-03
1.062689090e-02 6.335558923e-03
1.062970810e-02 6.335883619e-03
1.065099140e-02 6.338309617e-03
1.065800330e-02 6.339049697e-03
1.067838480e-02 6.341049359e-03
1.071519000e-02 6.345945568e-03
1.072097520e-02 6.346763007e-03
1.077432800e-02 6.353419506e-03
1.078141460e-02 6.354195009e-03
1.079052270e-02 6.355222042e-03
1.079208680e-02 6.355393737e-03
1.083561330e-02 6.361042076e-03
1.083927000e-02 6.361467868e-03
1.087564410e-02 6.365437415e-03
1.088947460e-02 6.366751880e-03
1.091547560e-02 6.368933322e-03
1.093326510e-02 6.370240395e-03
1.093873830e-02 6.370733032e-03
1.096478000e-02 6.373910809e-03
1.100325450e-02 6.379120336e-03
1.101280880e-02 6.380287041e-03
1.101556700e-02 6.380615925e-03
1.102529360e-02 6.381800213e-03
1.102808360e-02 6.382130903e-03
1.106637120e-02 6.386413749e-03
1.112771840e-02 6.391572101e-03
1.113067160e-02 6.391824780e-03
1.113424620e-02 6.392135255e-03
1.116972970e-02 6.394837541e-03
1.117184580e-02 6.394976384e-03
1.119451250e-02 6.397106423e-03
1.119599160e-02 6.397244753e-03
1.120019000e-02 6.397648541e-03
1.122018000e-02 6.400344357e-03
1.124160190e-02 6.402996723e-03
1.130070010e-02 6.409049753e-03
1.133711860e-02 6.412448045e-03
1.134500690e-02 6.413094550e-03
1.135011000e-02 6.413521417e-03
1.135623350e-02 6.414029518e-03
1.138993920e-02 6.417965158e-03
1.140037150e-02 6.419063894e-03
1.141562960e-02 6.421071979e-03
1.143197100e-02 6.423090158e-03
1.145426340e-02 6.425631820e-03
1.146839590e-02 6.427410231e-03
1.155285220e-02 6.436502182e-03
1.156445250e-02 6.437855405e-03
1.157686050e-02 6.439260570e-03
1.158943880e-02 6.440612431e-03
1.161057180e-02 6.442700982e-03
1.161449000e-02 6.443085404e-03
1.168626510e-02 6.448760726e-03
1.172803740e-02 6.452904267e-03
1.174369130e-02 6.454596051e-03
1.174898000e-02 6.455140491e-03
1.175532000e-02 6.455807273e-03
1.178540560e-02 6.458765509e-03
1.179764500e-02 6.460333857e-03
1.181381710e-02 6.462306303e-03
1.181680620e-02 6.462669488e-03
1.185086700e-02 6.466505715e-03
1.192491140e-02 6.472888861e-03
1.193765360e-02 6.473732509e-03
1.194006790e-02 6.473924714e-03
1.196858250e-02 6.477035316e-03
1.198809390e-02 6.479021131e-03
1.199672170e-02 6.479892009e-03
1.201858980e-02 6.481941156e-03
1.202264000e-02 6.482295619e-03
1.206163980e-02 6.486630065e-03
1.207530980e-02 6.487987604e-03
1.209732080e-02 6.490039560e-03
1.213403080e-02 6.493599043e-03
1.214436650e-02 6.494887137e-03
1.215310800e-02 6.495939645e-03
1.215639340e-02 6.496326551e-03
1.220130720e-02 6.501119648e-03
1.220454040e-02 6.501452406e-03
1.222897830e-02 6.503936299e-03
1.225960420e-02 6.506653155e-03
1.226732530e-02 6.507269795e-03
1.227670730e-02 6.508332627e-03
1.234083450e-02 6.514507999e-03
1.234308540e-02 6.514737290e-03
1.238918310e-02 6.519046644e-03
1.239372300e-02 6.519418038e-03
1.243089890e-02 6.522101757e-03
1.243955250e-02 6.523037201e-03
1.244094950e-02 6.523186423e-03
1.244515000e-02 6.523631232e-03
1.247863010e-02 6.527026549e-03
1.248550660e-02 6.527663230e-03
1.254780690e-02 6.534458833e-03
1.258359560e-02 6.537646204e-03
1.258925000e-02 6.538144818e-03
1.261614200e-02 6.540812598e-03
1.263343390e-02 6.542361422e-03
1.265872930e-02 6.544388611e-03
1.267348540e-02 6.545440797e-03
1.267959600e-02 6.545849423e-03
1.268017160e-02 6.545902793e-03
1.270357320e-02 6.548057220e-03
1.273073740e-02 6.550311456e-03
1.273503000e-02 6.550640613e-03
1.281403040e-02 6.557659912e-03
1.282456230e-02 6.558389413e-03
1.284647810e-02 6.559754207e-03
1.285189770e-02 6.560059931e-03
1.286396620e-02 6.560977716e-03
1.287815200e-02 6.562272476e-03
1.288250000e-02 6.562679439e-03
1.288945340e-02 6.563314324e-03
1.294085560e-02 6.567563612e-03
1.295359050e-02 6.568471459e-03
1.298972740e-02 6.570688026e-03
1.299421330e-02 6.570923853e-03
1.299978260e-02 6.571412327e-03
1.300458130e-02 6.571823735e-03
1.307540650e-02 6.578853217e-03
1.307739400e-02 6.579026876e-03
1.310358530e-02 6.581168036e-03
1.310925600e-02 6.581631017e-03
1.312990380e-02 6.583572512e-03
1.313542410e-02 6.584062410e-03
1.314543730e-02 6.584921469e-03
1.318257000e-02 6.587745412e-03
1.322532210e-02 6.590361121e-03
1.324031480e-02 6.591797688e-03
1.327615510e-02 6.595012255e-03
1.328321380e-02 6.595811623e-03
1.329520570e-02 6.597126587e-03
1.332771830e-02 6.600432388e-03
1.333521000e-02 6.601248649e-03
1.335027650e-02 6.602826462e-03
1.337621100e-02 6.605333859e-03
1.343151690e-02 6.609792971e-03
1.344915600e-02 6.610996019e-03
1.348100000e-02 6.613099712e-03
1.348100000e-02 4.736249830e-02
