6.820000000e-06 4.970000000e-03 1755
1755
6.820000000e-06 1.373558436e-10
6.850000000e-06 1.337508548e-10
6.899818840e-06 1.276529745e-10
6.950000000e-06 1.218331059e-10
6.982140860e-06 1.180507758e-10
7.030631060e-06 1.125963069e-10
7.079458000e-06 1.073938593e-10
7.124585180e-06 1.025721846e-10
7.170000000e-06 9.796698986e-11
7.219826870e-06 9.292093888e-11
7.270000000e-06 8.813479949e-11
7.324793520e-06 8.291967543e-11
7.380000000e-06 7.801314213e-11
7.419892190e-06 7.448207915e-11
7.460000000e-06 7.111084092e-11
7.504865090e-06 6.735314054e-11
7.550000000e-06 6.379400871e-11
7.584919250e-06 6.104764392e-11
7.620000000e-06 5.841951281e-11
7.659895570e-06 5.543993414e-11
7.700000000e-06 5.261232383e-11
7.734920820e-06 5.015693212e-11
7.770000000e-06 4.781613336e-11
7.811069470e-06 4.508188094e-11
7.852356000e-06 4.250398075e-11
7.896056400e-06 3.978337877e-11
7.940000000e-06 3.723691820e-11
7.969943540e-06 3.550688438e-11
8.000000000e-06 3.385722880e-11
8.000000000e-06 9.617889382e-10
8.034923780e-06 9.784616155e-10
8.070000000e-06 9.955987409e-10
8.099944450e-06 1.010453502e-09
8.130000000e-06 1.025653193e-09
8.164924990e-06 1.043582453e-09
8.200000000e-06 1.061986233e-09
8.227454050e-06 1.076596673e-09
8.255000000e-06 1.091503078e-09
8.286259820e-06 1.108642976e-09
8.317638000e-06 1.126170423e-09
8.340000000e-06 1.138810665e-09
8.341285390e-06 1.139545115e-09
8.365000000e-06 1.153225482e-09
8.390000000e-06 1.167802805e-09
8.392454950e-06 1.169248230e-09
8.420000000e-06 1.185645135e-09
8.439976310e-06 1.197659555e-09
8.460000000e-06 1.209838069e-09
8.485651120e-06 1.225592989e-09
8.511380000e-06 1.241620589e-09
8.535655390e-06 1.256904317e-09
8.560000000e-06 1.272434070e-09
8.579976690e-06 1.285297043e-09
8.600000000e-06 1.298327627e-09
8.617482240e-06 1.309794056e-09
8.635000000e-06 1.321389484e-09
8.657470770e-06 1.336387859e-09
8.680000000e-06 1.351600621e-09
8.699977020e-06 1.365208980e-09
8.720000000e-06 1.378987644e-09
8.737482480e-06 1.391111326e-09
8.755000000e-06 1.403365963e-09
8.772482550e-06 1.415684121e-09
8.790000000e-06 1.428133711e-09
8.804987230e-06 1.438856138e-09
8.820000000e-06 1.449675391e-09
8.834987270e-06 1.460542502e-09
8.850000000e-06 1.471506672e-09
8.864987310e-06 1.482519488e-09
8.880000000e-06 1.493629516e-09
8.896239660e-06 1.505724300e-09
8.901123530e-06 1.509381621e-09
8.912509000e-06 1.517996511e-09
8.926243920e-06 1.528443751e-09
8.940000000e-06 1.538973552e-09
8.954987440e-06 1.550513914e-09
8.970000000e-06 1.562152529e-09
8.984987480e-06 1.573843706e-09
9.000000000e-06 1.585632970e-09
9.008737280e-06 1.592527415e-09
9.021252690e-06 1.602449561e-09
9.021859090e-06 1.602933979e-09
9.035000000e-06 1.613467424e-09
9.051206350e-06 1.626537852e-09
9.063380190e-06 1.636415803e-09
9.072521310e-06 1.643866506e-09
9.086250270e-06 1.655110446e-09
9.100000000e-06 1.666435885e-09
9.113989250e-06 1.678027467e-09
9.128000000e-06 1.689702958e-09
9.138993390e-06 1.698913628e-09
9.150000000e-06 1.708175662e-09
9.165000000e-06 1.720867675e-09
9.177000000e-06 1.731078103e-09
9.193000000e-06 1.744770763e-09
9.205000000e-06 1.755099489e-09
9.220000000e-06 1.768081966e-09
9.230000000e-06 1.776781244e-09
9.240000000e-06 1.785516045e-09
9.250000000e-06 1.794286419e-09
9.260000000e-06 1.803092440e-09
9.270000000e-06 1.811934189e-09
9.283000000e-06 1.823481963e-09
9.295000000e-06 1.834195270e-09
9.306000000e-06 1.844061243e-09
9.320000000e-06 1.856681067e-09
9.335000000e-06 1.870280893e-09
9.350000000e-06 1.883962253e-09
9.365000000e-06 1.897725384e-09
9.380000000e-06 1.911570523e-09
9.400000000e-06 1.930158609e-09
9.420000000e-06 1.948893528e-09
9.434988080e-06 1.963031019e-09
9.450000000e-06 1.977272330e-09
9.467451610e-06 1.993934117e-09
9.480561460e-06 2.006524631e-09
9.500000000e-06 2.025311288e-09
9.500260270e-06 2.025562598e-09
9.520000000e-06 2.044704101e-09
9.539979040e-06 2.064222862e-09
9.560000000e-06 2.083936000e-09
9.572491840e-06 2.096309916e-09
9.585000000e-06 2.108760831e-09
9.602484060e-06 2.126260070e-09
9.620000000e-06 2.143911936e-09
9.634988330e-06 2.159105201e-09
9.650000000e-06 2.174411894e-09
9.667484170e-06 2.192342925e-09
9.685000000e-06 2.210429967e-09
9.699988410e-06 2.225995736e-09
9.700000000e-06 2.226007813e-09
9.715000000e-06 2.241640177e-09
9.732484270e-06 2.259964868e-09
9.750000000e-06 2.278447962e-09
9.769979530e-06 2.299667503e-09
9.790000000e-06 2.321095971e-09
9.809979620e-06 2.342626953e-09
9.830000000e-06 2.364368914e-09
9.849979700e-06 2.386214007e-09
9.870000000e-06 2.408272080e-09
9.889979780e-06 2.430433421e-09
9.910000000e-06 2.452809658e-09
9.934968550e-06 2.480926198e-09
9.960000000e-06 2.509381851e-09
1.000000000e-05 2.555365380e-09
1.002496890e-05 2.584389788e-09
1.005000000e-05 2.613759542e-09
1.007496900e-05 2.643295137e-09
1.010000000e-05 2.673179710e-09
1.012496920e-05 2.703231157e-09
1.015000000e-05 2.733634921e-09
1.018244820e-05 2.773411702e-09
1.021500000e-05 2.813790681e-09
1.023293000e-05 2.836219525e-09
1.027000000e-05 2.882701203e-09
1.033000000e-05 2.959174111e-09
1.039000000e-05 3.037184739e-09
1.043056590e-05 3.090783737e-09
1.047129000e-05 3.145359426e-09
1.051057140e-05 3.198364083e-09
1.055000000e-05 3.252290348e-09
1.062000000e-05 3.349679469e-09
1.066748890e-05 3.416960181e-09
1.071519000e-05 3.485626982e-09
1.081000000e-05 3.625117272e-09
1.086486080e-05 3.707679717e-09
1.092000000e-05 3.792158104e-09
1.100000000e-05 3.917213552e-09
1.102000000e-05 3.948637544e-09
1.110000000e-05 4.076229926e-09
1.122018000e-05 4.273654087e-09
1.123000000e-05 4.290004000e-09
1.135011000e-05 4.493775709e-09
1.150000000e-05 4.758055491e-09
1.165000000e-05 5.033891904e-09
1.180000000e-05 5.321383856e-09
1.195000000e-05 5.617470162e-09
1.202264000e-05 5.765115726e-09
1.215000000e-05 6.028978622e-09
1.230269000e-05 6.356899165e-09
1.250000000e-05 6.799883008e-09
1.273503000e-05 7.356730472e-09
1.288250000e-05 7.718207272e-09
1.300000000e-05 8.013169202e-09
1.330000000e-05 8.803567466e-09
1.357000000e-05 9.562619628e-09
1.364583000e-05 9.784057719e-09
1.380384000e-05 1.025171277e-08
1.390000000e-05 1.054198232e-08
1.420000000e-05 1.148593556e-08
1.460000000e-05 1.283936806e-08
1.462177000e-05 1.291618162e-08
1.479108000e-05 1.351670312e-08
1.500000000e-05 1.427917191e-08
1.550000000e-05 1.623116924e-08
1.570000000e-05 1.706392632e-08
1.584893000e-05 1.769412038e-08
1.603245000e-05 1.848611806e-08
1.659587000e-05 2.107905624e-08
1.690000000e-05 2.258430163e-08
1.698244000e-05 2.299807816e-08
1.717908000e-05 2.399669905e-08
1.778279000e-05 2.725963799e-08
1.800000000e-05 2.850880745e-08
1.819701000e-05 2.966385265e-08
1.850000000e-05 3.147166289e-08
1.927525000e-05 3.645989432e-08
2.018366000e-05 4.278861600e-08
2.041738000e-05 4.453681066e-08
2.113489000e-05 5.002208597e-08
2.162719000e-05 5.405211019e-08
2.238721000e-05 6.045889366e-08
2.290868000e-05 6.514849002e-08
2.371374000e-05 7.254970112e-08
2.426610000e-05 7.794467265e-08
2.511886000e-05 8.642507180e-08
2.540973000e-05 8.944926714e-08
2.570396000e-05 9.250920939e-08
2.660725000e-05 1.021528682e-07
2.691535000e-05 1.054995775e-07
2.818383000e-05 1.197081792e-07
2.851018000e-05 1.234428023e-07
2.900000000e-05 1.290694513e-07
2.985383000e-05 1.391936580e-07
3.019952000e-05 1.433125576e-07
3.126079000e-05 1.561265003e-07
3.162278000e-05 1.606115542e-07
3.198895000e-05 1.651208655e-07
3.350000000e-05 1.840164256e-07
3.400000000e-05 1.903590335e-07
3.570000000e-05 2.122168929e-07
3.589219000e-05 2.147154581e-07
3.672823000e-05 2.256291099e-07
3.800000000e-05 2.423999775e-07
3.800000000e-05 3.921976299e-07
3.801894000e-05 3.924432757e-07
3.832922130e-05 3.963814519e-07
3.845918000e-05 3.979960480e-07
3.874877410e-05 4.015061520e-07
3.900000000e-05 4.047015854e-07
3.900000000e-05 4.792339490e-07
3.935500890e-05 4.836829852e-07
3.941604470e-05 4.844401332e-07
3.971491160e-05 4.882947054e-07
3.981071710e-05 4.895325384e-07
4.000000000e-05 4.919640461e-07
4.000932570e-05 4.920821389e-07
4.035120130e-05 4.965470457e-07
4.053576730e-05 4.989327092e-07
4.073803000e-05 5.016568753e-07
4.091631170e-05 5.039880910e-07
4.120975000e-05 5.078262189e-07
4.147376260e-05 5.111366413e-07
4.178592110e-05 5.151963693e-07
4.192436520e-05 5.169459789e-07
4.219147590e-05 5.203484395e-07
4.241309730e-05 5.232365013e-07
4.265794870e-05 5.264250544e-07
4.269667030e-05 5.269286447e-07
4.273789990e-05 5.274757073e-07
4.328522130e-05 5.348906250e-07
4.357083330e-05 5.386705069e-07
4.365158000e-05 5.397858179e-07
4.415704000e-05 5.465376455e-07
4.418329420e-05 5.468766920e-07
4.442000000e-05 5.499806973e-07
4.495000000e-05 5.569810866e-07
4.510000000e-05 5.587474905e-07
4.540000000e-05 5.622500742e-07
4.544645410e-05 5.627513075e-07
4.550000000e-05 5.633250503e-07
4.570881850e-05 5.653681510e-07
4.597269680e-05 5.679304394e-07
4.601000000e-05 5.682929802e-07
4.623810000e-05 5.703699057e-07
4.677351000e-05 5.748355713e-07
4.700000000e-05 5.764703521e-07
4.723448350e-05 5.781017051e-07
4.731513000e-05 5.786636136e-07
4.754681910e-05 5.802069687e-07
4.770000000e-05 5.812990247e-07
4.786301000e-05 5.824144535e-07
4.810000000e-05 5.839367133e-07
4.850000000e-05 5.864708867e-07
4.873700150e-05 5.878535089e-07
4.891250910e-05 5.889500454e-07
4.922028270e-05 5.908558767e-07
4.926063730e-05 5.911266705e-07
4.936323730e-05 5.918556377e-07
4.964286030e-05 5.937380231e-07
4.964821270e-05 5.937751994e-07
4.995420460e-05 5.959058051e-07
5.019777150e-05 5.977212645e-07
5.061802180e-05 6.007354401e-07
5.069907000e-05 6.013074761e-07
5.125500300e-05 6.057229337e-07
5.128614000e-05 6.059670932e-07
5.129602070e-05 6.060449421e-07
5.150000000e-05 6.077547742e-07
5.190000000e-05 6.109088920e-07
5.249085670e-05 6.163152115e-07
5.270000000e-05 6.181605828e-07
5.308844000e-05 6.219975587e-07
5.311061760e-05 6.222248721e-07
5.350614120e-05 6.263797403e-07
5.361758300e-05 6.275551928e-07
5.370318000e-05 6.284668170e-07
5.381503230e-05 6.298082630e-07
5.415200000e-05 6.337620725e-07
5.450000000e-05 6.379313404e-07
5.500000000e-05 6.443188670e-07
5.540000000e-05 6.495126091e-07
5.559043000e-05 6.521618039e-07
5.580000000e-05 6.550455442e-07
5.623413000e-05 6.611253208e-07
5.650000000e-05 6.650250174e-07
5.690000000e-05 6.709840266e-07
5.696490150e-05 6.719926640e-07
5.726984700e-05 6.768871548e-07
5.730000000e-05 6.773783649e-07
5.760000000e-05 6.824086921e-07
5.830000000e-05 6.945546018e-07
5.850000000e-05 6.980813625e-07
5.888436420e-05 7.051740803e-07
5.900000000e-05 7.072959356e-07
5.920000000e-05 7.109832071e-07
5.950000000e-05 7.166148843e-07
6.000000000e-05 7.263234814e-07
6.030000000e-05 7.322230287e-07
6.095369000e-05 7.453779537e-07
6.101350730e-05 7.465993348e-07
6.110000000e-05 7.484682683e-07
6.165950000e-05 7.609016368e-07
6.201600000e-05 7.687903804e-07
6.220000000e-05 7.729257503e-07
6.309573000e-05 7.936509200e-07
6.357300000e-05 8.048976904e-07
6.400000000e-05 8.152312001e-07
6.400000000e-05 9.306931410e-07
6.493816010e-05 9.579078184e-07
6.493816090e-05 9.579078429e-07
6.500000000e-05 9.597774187e-07
6.531306000e-05 9.694395385e-07
6.683439000e-05 1.017050538e-06
6.839116000e-05 1.067988351e-06
6.861000000e-05 1.075182991e-06
6.878599110e-05 1.080989299e-06
6.900000000e-05 1.088170150e-06
6.918309570e-05 1.094371237e-06
6.918310000e-05 1.094371388e-06
7.038821950e-05 1.137019427e-06
7.079458000e-05 1.151509942e-06
7.161434000e-05 1.181072857e-06
7.245600000e-05 1.212226157e-06
7.328245540e-05 1.243109118e-06
7.349367980e-05 1.251184827e-06
7.370551830e-05 1.259310157e-06
7.500000000e-05 1.310503075e-06
7.585776000e-05 1.345084152e-06
7.673615000e-05 1.381342910e-06
7.740161180e-05 1.408805534e-06
7.852356400e-05 1.456476748e-06
7.900000000e-05 1.477261251e-06
7.966177890e-05 1.506143811e-06
7.977650190e-05 1.511175980e-06
8.000000000e-05 1.521225708e-06
8.035261000e-05 1.537217493e-06
8.128305000e-05 1.579145984e-06
8.192897020e-05 1.608695552e-06
8.222426000e-05 1.622286226e-06
8.293731990e-05 1.655507735e-06
8.317638000e-05 1.666846985e-06
8.389768470e-05 1.700971227e-06
8.413951000e-05 1.712691947e-06
8.545131270e-05 1.775672079e-06
8.548206510e-05 1.777160263e-06
8.647189550e-05 1.826042123e-06
8.709636000e-05 1.857841637e-06
8.810489000e-05 1.909191461e-06
8.912509000e-05 1.960909567e-06
9.015711640e-05 2.014358244e-06
9.093896120e-05 2.055612861e-06
9.120108000e-05 2.069765689e-06
9.172759610e-05 2.098022626e-06
9.225714000e-05 2.126883021e-06
9.305720720e-05 2.169553982e-06
9.372921920e-05 2.205655226e-06
9.413475810e-05 2.228007397e-06
9.500000000e-05 2.276555129e-06
9.611972940e-05 2.339271216e-06
9.650000000e-05 2.360730873e-06
9.660509000e-05 2.366541455e-06
9.800000000e-05 2.445593519e-06
9.857120260e-05 2.478005455e-06
9.900000000e-05 2.502708919e-06
9.933583510e-05 2.521873411e-06
1.000000000e-04 2.560562230e-06
1.009035230e-04 2.612262787e-06
1.014344320e-04 2.642811872e-06
1.015956520e-04 2.652272793e-06
1.035142000e-04 2.767209109e-06
1.046657480e-04 2.835537202e-06
1.047129000e-04 2.838401926e-06
1.059254000e-04 2.910980424e-06
1.071950190e-04 2.987490081e-06
1.080000000e-04 3.036683389e-06
1.083927000e-04 3.061004641e-06
1.087051480e-04 3.080031797e-06
1.090951430e-04 3.103837844e-06
1.096478000e-04 3.137963197e-06
1.106508000e-04 3.198509875e-06
1.120086670e-04 3.281939481e-06
1.126815110e-04 3.323876039e-06
1.135011000e-04 3.375840774e-06
1.137463850e-04 3.391241835e-06
1.148154000e-04 3.458556168e-06
1.150000000e-04 3.470143454e-06
1.157976680e-04 3.519431508e-06
1.176565260e-04 3.636554253e-06
1.176801530e-04 3.638058056e-06
1.190000000e-04 3.722210779e-06
1.196891140e-04 3.766113568e-06
1.205000000e-04 3.818287696e-06
1.207195030e-04 3.832146369e-06
1.213836690e-04 3.874113017e-06
1.220000000e-04 3.913694561e-06
1.228040250e-04 3.965267940e-06
1.244515000e-04 4.072100402e-06
1.250489960e-04 4.110460775e-06
1.254263430e-04 4.135146836e-06
1.260000000e-04 4.172710602e-06
1.273503000e-04 4.261561366e-06
1.285369230e-04 4.338247043e-06
1.288250000e-04 4.357042197e-06
1.303167000e-04 4.455252768e-06
1.314468210e-04 4.529595744e-06
1.318257000e-04 4.554770838e-06
1.324384010e-04 4.595110517e-06
1.334481450e-04 4.662329347e-06
1.337365380e-04 4.681732648e-06
1.350000000e-04 4.766676126e-06
1.364583000e-04 4.863168183e-06
1.364583280e-04 4.863170033e-06
1.365074060e-04 4.866457736e-06
1.370240980e-04 4.901541660e-06
1.392354880e-04 5.051329861e-06
1.396368000e-04 5.078615306e-06
1.400000000e-04 5.103497027e-06
1.413554080e-04 5.195617484e-06
1.428893580e-04 5.300186241e-06
1.428894000e-04 5.300189135e-06
1.430000000e-04 5.307822578e-06
1.434076580e-04 5.335728982e-06
1.445959600e-04 5.416939718e-06
1.453784000e-04 5.470711750e-06
1.479108000e-04 5.645982251e-06
1.480000000e-04 5.652164394e-06
1.491934920e-04 5.734335596e-06
1.492367590e-04 5.737353442e-06
1.504873450e-04 5.824442756e-06
1.513561000e-04 5.885267766e-06
1.517923660e-04 5.915587555e-06
1.531087000e-04 6.007566055e-06
1.545312590e-04 6.107061480e-06
1.547702430e-04 6.123723635e-06
1.553516760e-04 6.164460689e-06
1.570419270e-04 6.283665511e-06
1.580000000e-04 6.351266038e-06
1.584893000e-04 6.385578008e-06
1.593178040e-04 6.443677690e-06
1.593562390e-04 6.446368691e-06
1.603245000e-04 6.514899231e-06
1.605121230e-04 6.528136051e-06
1.624272600e-04 6.663614386e-06
1.636274950e-04 6.748589506e-06
1.640590000e-04 6.779023406e-06
1.647693020e-04 6.829283404e-06
1.659586890e-04 6.913831314e-06
1.678804000e-04 7.050552776e-06
1.683458350e-04 7.083421196e-06
1.683643180e-04 7.084740583e-06
1.698244000e-04 7.189426660e-06
1.714518700e-04 7.305545744e-06
1.716672900e-04 7.320839898e-06
1.720000000e-04 7.344574556e-06
1.737801000e-04 7.471872012e-06
1.741869740e-04 7.500827792e-06
1.764600320e-04 7.662139455e-06
1.775647220e-04 7.740561320e-06
1.778279000e-04 7.759164605e-06
1.780360110e-04 7.773840532e-06
1.798807890e-04 7.903957579e-06
1.800000000e-04 7.912380192e-06
1.817091610e-04 8.032412640e-06
1.819701000e-04 8.050811774e-06
1.822919670e-04 8.073603636e-06
1.824898040e-04 8.087598134e-06
1.840771930e-04 8.200208992e-06
1.862671470e-04 8.354903307e-06
1.864744500e-04 8.369764534e-06
1.867454410e-04 8.389387506e-06
1.896198490e-04 8.596761649e-06
1.900000000e-04 8.623858150e-06
1.904090070e-04 8.653049293e-06
1.905461000e-04 8.662873759e-06
1.927525000e-04 8.820613248e-06
1.932037710e-04 8.852504223e-06
1.955465000e-04 9.017030671e-06
1.972422910e-04 9.135338581e-06
1.972423000e-04 9.135339218e-06
1.974730170e-04 9.151521448e-06
1.992401170e-04 9.275263319e-06
1.993827290e-04 9.285313012e-06
2.006781080e-04 9.376840289e-06
2.018366000e-04 9.460693820e-06
2.023092090e-04 9.494855936e-06
2.030018800e-04 9.545156581e-06
2.041738000e-04 9.629671602e-06
2.066989100e-04 9.809095823e-06
2.067796630e-04 9.814804827e-06
2.089296000e-04 9.966925913e-06
2.104223590e-04 1.007233845e-05
2.113489000e-04 1.013748891e-05
2.119581200e-04 1.018038456e-05
2.129004080e-04 1.024630853e-05
2.156502640e-04 1.043890095e-05
2.161336710e-04 1.047267911e-05
2.168952310e-04 1.052605555e-05
2.175203820e-04 1.057009800e-05
2.211502900e-04 1.083125290e-05
2.213095000e-04 1.084259445e-05
2.220000000e-04 1.089161300e-05
2.243962760e-04 1.106109250e-05
2.251302490e-04 1.111263303e-05
2.261387700e-04 1.118327148e-05
2.264644000e-04 1.120634223e-05
2.284283620e-04 1.134607279e-05
2.293548040e-04 1.141105898e-05
2.307147630e-04 1.150634658e-05
2.308246090e-04 1.151403947e-05
2.339173860e-04 1.173168932e-05
2.344229000e-04 1.176660064e-05
2.349938710e-04 1.180606870e-05
2.357762080e-04 1.186003177e-05
2.371374000e-04 1.195749856e-05
2.381634050e-04 1.203071896e-05
2.382552060e-04 1.203728181e-05
2.400000000e-04 1.216154091e-05
2.414852740e-04 1.226636421e-05
2.423992180e-04 1.233063774e-05
2.432322690e-04 1.238874457e-05
2.447654130e-04 1.249498834e-05
2.454709000e-04 1.254410272e-05
2.474104210e-04 1.268006367e-05
2.483133000e-04 1.274302025e-05
2.498076060e-04 1.284626411e-05
2.511886000e-04 1.294262383e-05
2.519494940e-04 1.299511376e-05
2.526387600e-04 1.304263758e-05
2.554083640e-04 1.323069771e-05
2.555641920e-04 1.324117543e-05
2.564853000e-04 1.330635031e-05
2.566699590e-04 1.331939829e-05
2.598990340e-04 1.354828165e-05
2.600159350e-04 1.355646360e-05
2.600160000e-04 1.355646815e-05
2.606859070e-04 1.360376202e-05
2.659827610e-04 1.396874280e-05
2.660725000e-04 1.397476622e-05
2.668394230e-04 1.402770126e-05
2.691535000e-04 1.418473439e-05
2.700941320e-04 1.424786291e-05
2.706388310e-04 1.428433102e-05
2.707073470e-04 1.428892334e-05
2.736628930e-04 1.448957532e-05
2.741842930e-04 1.452451632e-05
2.765542510e-04 1.468121970e-05
2.770129250e-04 1.471153350e-05
2.774118670e-04 1.473954333e-05
2.795897630e-04 1.489053186e-05
2.800220630e-04 1.492022842e-05
2.818383000e-04 1.504452617e-05
2.848882270e-04 1.525059232e-05
2.851018000e-04 1.526483161e-05
2.880386700e-04 1.545736010e-05
2.884032000e-04 1.548127284e-05
2.885932650e-04 1.549401400e-05
2.888184760e-04 1.550918546e-05
2.934269490e-04 1.581190941e-05
2.942413630e-04 1.586540757e-05
2.951209690e-04 1.592307152e-05
2.954396240e-04 1.594491550e-05
2.993987930e-04 1.621108467e-05
3.000000000e-04 1.625042925e-05
3.005049070e-04 1.628381242e-05
3.043607810e-04 1.653270732e-05
3.046008470e-04 1.654784629e-05
3.054921000e-04 1.660399124e-05
3.054921520e-04 1.660399456e-05
3.079197330e-04 1.676628843e-05
3.086844310e-04 1.681650042e-05
3.101636840e-04 1.691304435e-05
3.102375550e-04 1.691790499e-05
3.126159920e-04 1.707285476e-05
3.159628770e-04 1.728890072e-05
3.162278000e-04 1.730574988e-05
3.180117850e-04 1.742107565e-05
3.208115860e-04 1.760017683e-05
3.211579940e-04 1.762195746e-05
3.215341160e-04 1.764554872e-05
3.235936950e-04 1.777343902e-05
3.236145200e-04 1.777479297e-05
3.248768690e-04 1.785904867e-05
3.257769180e-04 1.791864312e-05
3.301578420e-04 1.820124703e-05
3.321154640e-04 1.832536419e-05
3.322463230e-04 1.833359269e-05
3.349654000e-04 1.850273517e-05
3.349654830e-04 1.850274028e-05
3.350000000e-04 1.850501213e-05
3.376500570e-04 1.867902672e-05
3.388442000e-04 1.875603930e-05
3.427678000e-04 1.900204442e-05
3.427943110e-04 1.900368959e-05
3.437558130e-04 1.906489251e-05
3.461253600e-04 1.921332982e-05
3.467369000e-04 1.925114402e-05
3.481118410e-04 1.933782784e-05
3.482370360e-04 1.934570175e-05
3.548134000e-04 1.974143553e-05
3.548134060e-04 1.974143586e-05
3.548134290e-04 1.974143724e-05
3.548271180e-04 1.974230101e-05
3.558681320e-04 1.981010226e-05
3.601699800e-04 2.008342810e-05
3.602803620e-04 2.009027185e-05
3.617985540e-04 2.018357900e-05
3.641246020e-04 2.032366782e-05
3.649232820e-04 2.037188558e-05
3.663111360e-04 2.045482626e-05
3.672823000e-04 2.051227274e-05
3.672823230e-04 2.051227411e-05
3.711594470e-04 2.075773206e-05
3.731857600e-04 2.088145884e-05
3.733930050e-04 2.089402074e-05
3.758373970e-04 2.104035317e-05
3.785515470e-04 2.120294577e-05
3.798740550e-04 2.128235851e-05
3.801894000e-04 2.130116186e-05
3.809477880e-04 2.134796567e-05
3.848085590e-04 2.157942988e-05
3.862557940e-04 2.166339944e-05
3.890451250e-04 2.182125417e-05
3.897241120e-04 2.186046775e-05
3.897735160e-04 2.186331240e-05
3.916432410e-04 2.197606348e-05
3.923307580e-04 2.201714054e-05
3.935501000e-04 2.208944129e-05
3.971198250e-04 2.229798393e-05
4.000000000e-04 2.246935853e-05
4.012527140e-04 2.254207709e-05
4.027170000e-04 2.262620857e-05
4.055719960e-04 2.278889697e-05
4.061416120e-04 2.282063407e-05
4.062094500e-04 2.282441142e-05
4.083997150e-04 2.294742906e-05
4.086142370e-04 2.296022255e-05
4.115928270e-04 2.313527462e-05
4.132853160e-04 2.323209445e-05
4.142238750e-04 2.328656160e-05
4.159704880e-04 2.338674976e-05
4.178794110e-04 2.349635708e-05
4.200000000e-04 2.361493922e-05
4.213090990e-04 2.368936643e-05
4.213931620e-04 2.369412599e-05
4.227830580e-04 2.377478804e-05
4.273544530e-04 2.403150866e-05
4.287465310e-04 2.410650953e-05
4.302164020e-04 2.418430664e-05
4.310535880e-04 2.423082075e-05
4.315191000e-04 2.425730657e-05
4.338541400e-04 2.438834402e-05
4.344106400e-04 2.442028313e-05
4.380414610e-04 2.462369961e-05
4.384045160e-04 2.464484814e-05
4.419713540e-04 2.484856443e-05
4.430474140e-04 2.490827970e-05
4.445193190e-04 2.498892934e-05
4.466836000e-04 2.510504455e-05
4.499396940e-04 2.528175107e-05
4.500467190e-04 2.528745651e-05
4.518559000e-04 2.539088719e-05
4.570881920e-04 2.567723845e-05
4.570882000e-04 2.567723885e-05
4.590000000e-04 2.578159125e-05
4.590000000e-04 6.662250619e-05
4.590658270e-04 6.696269860e-05
4.595848760e-04 6.965493086e-05
4.597754010e-04 7.064755304e-05
4.604549510e-04 7.448679142e-05
4.610503810e-04 7.810961549e-05
4.615720140e-04 8.149629912e-05
4.620289270e-04 8.463629942e-05
4.623810000e-04 8.723263148e-05
4.628296120e-04 9.055847625e-05
4.634310370e-04 9.538394400e-05
4.638826180e-04 9.923494743e-05
4.645608140e-04 1.054106512e-04
4.650000000e-04 1.097305187e-04
4.650000000e-04 1.302008393e-04
4.650503920e-04 1.308296719e-04
4.652400000e-04 1.331996328e-04
4.653800000e-04 1.350127136e-04
4.654688230e-04 1.362972994e-04
4.657000000e-04 1.396473158e-04
4.657729890e-04 1.406315675e-04
4.661000000e-04 1.451222173e-04
4.664504070e-04 1.496124698e-04
4.665000000e-04 1.502595994e-04
4.669542070e-04 1.558007240e-04
4.670000000e-04 1.563610973e-04
4.670439570e-04 1.568593143e-04
4.675000000e-04 1.621310803e-04
4.675639330e-04 1.628142832e-04
4.680193860e-04 1.677776978e-04
4.682000000e-04 1.697831899e-04
4.684182720e-04 1.719915551e-04
4.690000000e-04 1.780360297e-04
4.691171390e-04 1.791622049e-04
4.696419740e-04 1.843673361e-04
4.697000000e-04 1.849571583e-04
4.700359850e-04 1.881341566e-04
4.705000000e-04 1.926550211e-04
4.706276210e-04 1.938037395e-04
4.711446620e-04 1.986355674e-04
4.712200000e-04 1.993420521e-04
4.713700000e-04 2.007812224e-04
4.715000000e-04 2.021167505e-04
4.717000000e-04 2.040258283e-04
4.717913780e-04 2.048573732e-04
4.721000000e-04 2.076723628e-04
4.725000000e-04 2.111036255e-04
4.726000000e-04 2.118997493e-04
4.731512510e-04 2.160002367e-04
4.731513000e-04 2.160006025e-04
4.735000000e-04 2.184487381e-04
4.737000000e-04 2.197228924e-04
4.742000000e-04 2.227063814e-04
4.745150470e-04 2.244708315e-04
4.750000000e-04 2.272002650e-04
4.757000000e-04 2.304053797e-04
4.765000000e-04 2.337777344e-04
4.775000000e-04 2.370520972e-04
4.782303540e-04 2.391773382e-04
4.785000000e-04 2.399653463e-04
4.786301000e-04 2.402921765e-04
4.793194140e-04 2.417599587e-04
4.800000000e-04 2.432167465e-04
4.812444240e-04 2.450110781e-04
4.815600000e-04 2.454674962e-04
4.830000000e-04 2.471037683e-04
4.831283160e-04 2.472107908e-04
4.838240980e-04 2.477905279e-04
4.845000000e-04 2.483554893e-04
4.870000000e-04 2.498739827e-04
4.889610740e-04 2.507472305e-04
4.897788000e-04 2.511033488e-04
4.903077680e-04 2.513322133e-04
4.943440550e-04 2.530173719e-04
4.948296550e-04 2.532330727e-04
4.975938340e-04 2.544295724e-04
4.981312120e-04 2.546559687e-04
5.006465530e-04 2.557007421e-04
5.020000000e-04 2.562439042e-04
5.026318230e-04 2.565091185e-04
5.030266050e-04 2.566741983e-04
5.037648560e-04 2.570138193e-04
5.045342120e-04 2.573640379e-04
5.072644230e-04 2.585751053e-04
5.106864070e-04 2.600268014e-04
5.124924600e-04 2.607600888e-04
5.128614000e-04 2.609078026e-04
5.163371970e-04 2.622621824e-04
5.182373980e-04 2.630706775e-04
5.188000000e-04 2.633241441e-04
5.210447340e-04 2.643149036e-04
5.216338100e-04 2.645694617e-04
5.248075000e-04 2.659015851e-04
5.276473100e-04 2.670385720e-04
5.278372110e-04 2.671130866e-04
5.283121930e-04 2.673005981e-04
5.293585990e-04 2.677082573e-04
5.299980950e-04 2.679536649e-04
5.300000000e-04 2.679543911e-04
5.347543220e-04 2.697373600e-04
5.350000000e-04 2.698251138e-04
5.363592070e-04 2.703085617e-04
5.393553570e-04 2.713268480e-04
5.432503000e-04 2.725689312e-04
5.432503660e-04 2.725689503e-04
5.459312130e-04 2.733656435e-04
5.460443120e-04 2.734059425e-04
5.462176440e-04 2.734675798e-04
5.483558490e-04 2.742107715e-04
5.497954170e-04 2.746927939e-04
5.549761130e-04 2.764739535e-04
5.559043000e-04 2.767728871e-04
5.571055490e-04 2.771506637e-04
5.575066140e-04 2.772768262e-04
5.591135050e-04 2.777736387e-04
5.616370060e-04 2.785212984e-04
5.623413000e-04 2.787215645e-04
5.630498680e-04 2.789891690e-04
5.639622400e-04 2.793289991e-04
5.650000000e-04 2.797090843e-04
5.670000000e-04 2.805224256e-04
5.670000000e-04 3.182224222e-04
5.711086930e-04 3.203108452e-04
5.713141590e-04 3.204124545e-04
5.717785400e-04 3.206422541e-04
5.743282080e-04 3.218789962e-04
5.754399000e-04 3.224047291e-04
5.795955170e-04 3.243123776e-04
5.808655440e-04 3.248746174e-04
5.821032000e-04 3.254987147e-04
5.834776560e-04 3.261805482e-04
5.838335830e-04 3.263674928e-04
5.856918990e-04 3.273315296e-04
5.901161430e-04 3.295671901e-04
5.913913730e-04 3.301925723e-04
5.916707160e-04 3.303282251e-04
5.935629690e-04 3.312341975e-04
5.939501380e-04 3.314167977e-04
5.996400180e-04 3.340173236e-04
6.000000000e-04 3.341746368e-04
6.009662650e-04 3.346282453e-04
6.025596000e-04 3.353634181e-04
6.050000000e-04 3.365059459e-04
6.069519060e-04 3.373743073e-04
6.082225240e-04 3.379261971e-04
6.095369000e-04 3.384909450e-04
6.122447010e-04 3.396234233e-04
6.148228650e-04 3.406556614e-04
6.167826360e-04 3.414128275e-04
6.191514330e-04 3.424246238e-04
6.199629010e-04 3.427660880e-04
6.201546610e-04 3.428461782e-04
6.237348000e-04 3.444016045e-04
6.273356880e-04 3.458820261e-04
6.286048150e-04 3.463862701e-04
6.296769640e-04 3.468143861e-04
6.299038590e-04 3.469171734e-04
6.300499770e-04 3.469832190e-04
6.336872660e-04 3.485849697e-04
6.336873150e-04 3.485849895e-04
6.359141040e-04 3.495731689e-04
6.368871860e-04 3.500002078e-04
6.374640450e-04 3.502517665e-04
6.410250320e-04 3.517587571e-04
6.425258570e-04 3.523735442e-04
6.440302470e-04 3.529754748e-04
6.485644250e-04 3.548044194e-04
6.489747980e-04 3.549634540e-04
6.495256470e-04 3.551752919e-04
6.503606930e-04 3.555508793e-04
6.531306000e-04 3.567674987e-04
6.539535260e-04 3.571336555e-04
6.598620330e-04 3.596558903e-04
6.606934000e-04 3.600162764e-04
6.621211790e-04 3.606257109e-04
6.643022400e-04 3.615396888e-04
6.652103240e-04 3.619119221e-04
6.700000000e-04 3.637913364e-04
6.712355850e-04 3.642999259e-04
6.722023390e-04 3.646915551e-04
6.741398780e-04 3.654689496e-04
6.749541790e-04 3.657968795e-04
6.760830000e-04 3.662450187e-04
6.801255760e-04 3.678433722e-04
6.804143250e-04 3.679537508e-04
6.805978940e-04 3.680241424e-04
6.830550720e-04 3.689466202e-04
6.839116000e-04 3.692595021e-04
6.851822400e-04 3.697178113e-04
6.868707300e-04 3.703889342e-04
6.888969710e-04 3.711792620e-04
6.898425960e-04 3.715397723e-04
6.934505010e-04 3.729712761e-04
6.953890780e-04 3.737087626e-04
6.967942670e-04 3.742294908e-04
6.980817000e-04 3.747581958e-04
7.036646040e-04 3.769621388e-04
7.038821950e-04 3.770443866e-04
7.069276970e-04 3.781737240e-04
7.079458000e-04 3.785514554e-04
7.110088300e-04 3.796554662e-04
7.145823330e-04 3.809974555e-04
7.149477080e-04 3.811514849e-04
7.152421780e-04 3.812751332e-04
7.174003690e-04 3.821770460e-04
7.192419110e-04 3.829268246e-04
7.192419460e-04 3.829268396e-04
7.223538820e-04 3.841575977e-04
7.235286080e-04 3.846104063e-04
7.292738320e-04 3.867123310e-04
7.309812580e-04 3.873003583e-04
7.328245000e-04 3.879194444e-04
7.359040490e-04 3.890750039e-04
7.365934480e-04 3.893265309e-04
7.381664470e-04 3.898905920e-04
7.413102000e-04 3.909760984e-04
7.445176280e-04 3.920481555e-04
7.477389110e-04 3.930779597e-04
7.482772000e-04 3.932553579e-04
7.489505160e-04 3.934763923e-04
7.490701350e-04 3.935156665e-04
7.498942000e-04 3.938215988e-04
7.539902380e-04 3.952874208e-04
7.591235790e-04 3.969930159e-04
7.614902710e-04 3.977810830e-04
7.629568890e-04 3.983238518e-04
7.645582640e-04 3.989036008e-04
7.654313450e-04 3.992140655e-04
7.660802910e-04 3.994452640e-04
7.673614520e-04 3.998952367e-04
7.673615000e-04 3.998952535e-04
7.683284030e-04 4.002403620e-04
7.745732640e-04 4.023578340e-04
7.752748840e-04 4.025824226e-04
7.765264110e-04 4.029764283e-04
7.805076670e-04 4.042772637e-04
7.815012670e-04 4.046450607e-04
7.837186300e-04 4.054554749e-04
7.848825850e-04 4.058728105e-04
7.892741000e-04 4.073841313e-04
7.897688690e-04 4.075481196e-04
7.937747300e-04 4.088376582e-04
7.940157370e-04 4.089133781e-04
7.943282000e-04 4.090111164e-04
8.000000000e-04 4.107802854e-04
8.035261000e-04 4.118889566e-04
8.070027500e-04 4.129171372e-04
8.073839150e-04 4.130265664e-04
8.081648950e-04 4.132499802e-04
8.102552220e-04 4.138726862e-04
8.125472830e-04 4.145286565e-04
8.143830720e-04 4.150415881e-04
8.163473510e-04 4.156490562e-04
8.201745090e-04 4.167748920e-04
8.204695770e-04 4.168590319e-04
8.226524310e-04 4.175209617e-04
8.246126310e-04 4.180943213e-04
8.269894820e-04 4.187627379e-04
8.271802260e-04 4.188173161e-04
8.277336520e-04 4.190023597e-04
8.317638000e-04 4.203046730e-04
8.320746590e-04 4.204028237e-04
8.378268690e-04 4.221313057e-04
8.403363420e-04 4.228325238e-04
8.424552810e-04 4.234039508e-04
8.450356190e-04 4.241391317e-04
8.464107300e-04 4.245227892e-04
8.479036020e-04 4.249284336e-04
8.480812940e-04 4.249762981e-04
8.500610270e-04 4.254987539e-04
8.523637860e-04 4.262103709e-04
8.557870470e-04 4.272509885e-04
8.593303260e-04 4.282679321e-04
8.609938000e-04 4.287576034e-04
8.661200860e-04 4.301873754e-04
8.676360250e-04 4.305852079e-04
8.687728980e-04 4.309230480e-04
8.695093910e-04 4.311420851e-04
8.719041460e-04 4.318365728e-04
8.722080680e-04 4.319256230e-04
8.747320120e-04 4.327020150e-04
8.769055010e-04 4.333514196e-04
8.799453560e-04 4.342288814e-04
8.810553230e-04 4.345383913e-04
8.869326490e-04 4.363364042e-04
8.870124210e-04 4.363597143e-04
8.918874250e-04 4.377446491e-04
8.939002300e-04 4.383349008e-04
8.958346210e-04 4.388847843e-04
8.977477210e-04 4.394116839e-04
8.993034580e-04 4.398275644e-04
8.993060800e-04 4.398282622e-04
9.009429250e-04 4.402611883e-04
9.015744250e-04 4.404271313e-04
9.020578110e-04 4.405778291e-04
9.120108000e-04 4.435672841e-04
9.169923900e-04 4.449905672e-04
9.181839470e-04 4.453144939e-04
9.222499600e-04 4.463779483e-04
9.225714000e-04 4.464601729e-04
9.265630460e-04 4.475942885e-04
9.316961410e-04 4.489484619e-04
9.326039910e-04 4.491755574e-04
9.332542710e-04 4.493371011e-04
9.332543000e-04 4.493371088e-04
9.339844210e-04 4.495372683e-04
9.394866110e-04 4.509853192e-04
9.428784730e-04 4.518102795e-04
9.440607500e-04 4.520855367e-04
9.440609000e-04 4.520855780e-04
9.454203970e-04 4.524599042e-04
9.495109770e-04 4.535381502e-04
9.509425100e-04 4.539329341e-04
9.546597900e-04 4.549172917e-04
9.591245220e-04 4.560295907e-04
9.599041200e-04 4.562180026e-04
9.605056150e-04 4.563615878e-04
9.658770020e-04 4.578326046e-04
9.700000000e-04 4.588790637e-04
9.713274890e-04 4.592026612e-04
9.716277340e-04 4.592748366e-04
9.744285390e-04 4.599733273e-04
9.772372000e-04 4.607215613e-04
9.841393050e-04 4.624280545e-04
9.857115760e-04 4.627885335e-04
9.860665270e-04 4.628886110e-04
9.869024870e-04 4.631261995e-04
9.908604620e-04 4.642135470e-04
9.928302540e-04 4.647356468e-04
9.987474110e-04 4.662213238e-04
1.000000000e-03 4.665173580e-04
1.006678140e-03 4.680972482e-04
1.006768540e-03 4.681173637e-04
1.011579000e-03 4.691544517e-04
1.016781890e-03 4.703911282e-04
1.016933120e-03 4.704254387e-04
1.018884660e-03 4.708600769e-04
1.018953400e-03 4.708764680e-04
1.020719170e-03 4.712911228e-04
1.022579770e-03 4.717186831e-04
1.028451550e-03 4.729961709e-04
1.030682380e-03 4.734499536e-04
1.035142000e-03 4.744709735e-04
1.035701050e-03 4.745933911e-04
1.040796360e-03 4.757394582e-04
1.042148780e-03 4.760262945e-04
1.042243640e-03 4.760462989e-04
1.046763420e-03 4.769578853e-04
1.047693550e-03 4.771390956e-04
1.050146520e-03 4.776832888e-04
1.050642910e-03 4.777975066e-04
1.051659050e-03 4.780502958e-04
1.057485310e-03 4.794245761e-04
1.057577840e-03 4.794453571e-04
1.058515730e-03 4.796559776e-04
1.062808480e-03 4.805841600e-04
1.066327520e-03 4.814412639e-04
1.070177410e-03 4.823261518e-04
1.071519000e-03 4.826214026e-04
1.077311740e-03 4.838378430e-04
1.079330160e-03 4.842798552e-04
1.079962610e-03 4.844152595e-04
1.080034100e-03 4.844306188e-04
1.081395460e-03 4.847338788e-04
1.083549350e-03 4.851999611e-04
1.089501740e-03 4.864093460e-04
1.089786200e-03 4.864637662e-04
1.097756660e-03 4.882433302e-04
1.102467460e-03 4.892689406e-04
1.102807910e-03 4.893399498e-04
1.103006690e-03 4.893821499e-04
1.109175000e-03 4.906896377e-04
1.110467930e-03 4.909476079e-04
1.113344580e-03 4.915998600e-04
1.114431250e-03 4.918588031e-04
1.120145350e-03 4.931670947e-04
1.122018000e-03 4.935709856e-04
1.126236400e-03 4.944354424e-04
1.126872720e-03 4.945834084e-04
1.126873200e-03 4.945835224e-04
1.133589530e-03 4.960977829e-04
1.137142460e-03 4.968355697e-04
1.138384980e-03 4.971105631e-04
1.142590620e-03 4.980602060e-04
1.145265330e-03 4.986328229e-04
1.148153240e-03 4.992338402e-04
1.150000000e-03 4.996032292e-04
1.150309920e-03 4.996645300e-04
1.154058960e-03 5.005428745e-04
1.156523090e-03 5.010950706e-04
1.158527250e-03 5.015293272e-04
1.161449000e-03 5.021447218e-04
1.171520470e-03 5.041715494e-04
1.173418630e-03 5.045148962e-04
1.174858620e-03 5.047732635e-04
1.174898000e-03 5.047802946e-04
1.177926110e-03 5.054010316e-04
1.181314940e-03 5.061282118e-04
1.182849950e-03 5.064453135e-04
1.191928370e-03 5.081754041e-04
1.193644850e-03 5.085405514e-04
1.197050310e-03 5.092371184e-04
1.200256980e-03 5.098652987e-04
1.201426510e-03 5.100860669e-04
1.202264000e-03 5.102428482e-04
1.202264890e-03 5.102430168e-04
1.207325510e-03 5.112223015e-04
1.210293560e-03 5.118246611e-04
1.213563270e-03 5.124557586e-04
1.214662570e-03 5.126603808e-04
1.219691140e-03 5.135462552e-04
1.222327670e-03 5.139866902e-04
1.225051560e-03 5.145400403e-04
1.229839780e-03 5.154566258e-04
1.229855600e-03 5.154595657e-04
1.236595760e-03 5.167528240e-04
1.236899160e-03 5.168076911e-04
1.244515070e-03 5.181071178e-04
1.245634870e-03 5.183007942e-04
1.246082590e-03 5.183918852e-04
1.247028660e-03 5.185825119e-04
1.250798680e-03 5.193808927e-04
1.251312390e-03 5.194884270e-04
1.258925000e-03 5.209898442e-04
1.263406450e-03 5.217967883e-04
1.267653950e-03 5.226519393e-04
1.271042680e-03 5.233018770e-04
1.271376780e-03 5.233641458e-04
1.273238890e-03 5.237051875e-04
1.274648890e-03 5.239855728e-04
1.277173490e-03 5.244833824e-04
1.279012770e-03 5.248343286e-04
1.286635930e-03 5.261962589e-04
1.288250000e-03 5.264622846e-04
1.290540360e-03 5.268502890e-04
1.291220840e-03 5.269904176e-04
1.293357780e-03 5.274260355e-04
1.300000000e-03 5.286967904e-04
1.307687180e-03 5.301210776e-04
1.309423370e-03 5.304191177e-04
1.309868710e-03 5.304942256e-04
1.311279610e-03 5.307284656e-04
1.314940690e-03 5.313268135e-04
1.318257000e-03 5.318417638e-04
1.324952860e-03 5.329739261e-04
1.327395200e-03 5.333979210e-04
1.333146680e-03 5.343422186e-04
1.333521000e-03 5.344003853e-04
1.333521700e-03 5.344004917e-04
1.342547410e-03 5.358221973e-04
1.343151690e-03 5.359099252e-04
1.347179200e-03 5.366051446e-04
1.348963000e-03 5.369259020e-04
1.352566070e-03 5.375578320e-04
1.353275710e-03 5.376780980e-04
1.363632140e-03 5.392733476e-04
1.364583000e-03 5.394061480e-04
1.365319880e-03 5.395083625e-04
1.366932880e-03 5.397739964e-04
1.367316030e-03 5.398433583e-04
1.368516500e-03 5.400581894e-04
1.370487310e-03 5.404255959e-04
1.370801000e-03 5.404842981e-04
1.378399230e-03 5.418268731e-04
1.385016990e-03 5.428703603e-04
1.386321700e-03 5.431097319e-04
1.389743090e-03 5.437166131e-04
1.394360150e-03 5.444869389e-04
1.395363970e-03 5.446487000e-04
1.395881730e-03 5.447375045e-04
1.402201340e-03 5.457772515e-04
1.404682380e-03 5.462093333e-04
1.408984560e-03 5.469214254e-04
1.412538000e-03 5.474878394e-04
1.413906960e-03 5.476972434e-04
1.420173140e-03 5.485926847e-04
1.420947690e-03 5.487275235e-04
1.428894000e-03 5.500406976e-04
1.429248570e-03 5.500959369e-04
1.433012960e-03 5.507215055e-04
1.434955530e-03 5.510303405e-04
1.436625910e-03 5.512882949e-04
1.438565510e-03 5.516081146e-04
1.447124650e-03 5.529320876e-04
1.449875830e-03 5.534004785e-04
1.450947330e-03 5.535953467e-04
1.451171860e-03 5.536358448e-04
1.451693760e-03 5.537295281e-04
1.451889540e-03 5.537648651e-04
1.461158080e-03 5.553331136e-04
1.467249570e-03 5.562681754e-04
1.467673410e-03 5.563298172e-04
1.468701590e-03 5.565096073e-04
1.475269810e-03 5.576152027e-04
1.479108000e-03 5.582133131e-04
1.481376230e-03 5.585708070e-04
1.488333160e-03 5.597255164e-04
1.492472210e-03 5.603582353e-04
1.495713930e-03 5.608315541e-04
1.495815330e-03 5.608463340e-04
1.499044920e-03 5.613041402e-04
1.500000000e-03 5.614700726e-04
1.505567280e-03 5.623956278e-04
1.513561000e-03 5.636128655e-04
1.516264940e-03 5.640239248e-04
1.517604040e-03 5.642213357e-04
1.520095600e-03 5.645774464e-04
1.523455820e-03 5.650788189e-04
1.523806020e-03 5.651295711e-04
1.531087000e-03 5.661302821e-04
1.533822560e-03 5.665467885e-04
1.534153610e-03 5.665966906e-04
1.539926330e-03 5.674263605e-04
1.544280350e-03 5.680650430e-04
1.547737340e-03 5.685411962e-04
1.551579970e-03 5.690439489e-04
1.555517470e-03 5.695784295e-04
1.557757680e-03 5.698719969e-04
1.559148550e-03 5.700880643e-04
1.559316940e-03 5.701139642e-04
1.562735190e-03 5.706261808e-04
1.563372470e-03 5.707188160e-04
1.577202840e-03 5.726812481e-04
1.577213690e-03 5.726826463e-04
1.579063990e-03 5.729225928e-04
1.581475350e-03 5.732237519e-04
1.584180490e-03 5.736124484e-04
1.584340840e-03 5.736375222e-04
1.584893000e-03 5.737244753e-04
1.600033430e-03 5.758509543e-04
1.602524350e-03 5.761945701e-04
1.603245000e-03 5.763135827e-04
1.607866340e-03 5.770516176e-04
1.608051010e-03 5.770801864e-04
1.615912790e-03 5.782300719e-04
1.621263140e-03 5.789553898e-04
1.621810000e-03 5.790356584e-04
1.628241020e-03 5.799492564e-04
1.630139950e-03 5.802023292e-04
1.635874220e-03 5.809199901e-04
1.640036460e-03 5.813970872e-04
1.645558970e-03 5.821612209e-04
1.646280540e-03 5.822589171e-04
1.647688000e-03 5.824464068e-04
1.649643660e-03 5.827024163e-04
1.650000000e-03 5.827546885e-04
1.654817050e-03 5.834976454e-04
1.663843560e-03 5.847861256e-04
1.668745680e-03 5.854163930e-04
1.670669750e-03 5.857182479e-04
1.678331940e-03 5.868597499e-04
1.691051160e-03 5.884955387e-04
1.693148670e-03 5.887424269e-04
1.694581370e-03 5.889368109e-04
1.698244000e-03 5.894159689e-04
1.702779340e-03 5.899722649e-04
1.710460210e-03 5.908193440e-04
1.711661800e-03 5.909631184e-04
1.712754530e-03 5.910932081e-04
1.714204020e-03 5.913226928e-04
1.721348300e-03 5.924164856e-04
1.722860400e-03 5.926357296e-04
1.737801000e-03 5.945671744e-04
1.739990260e-03 5.948493435e-04
1.743064550e-03 5.952305273e-04
1.744692270e-03 5.954278249e-04
1.749582110e-03 5.959898088e-04
1.757254850e-03 5.967773128e-04
1.757924000e-03 5.968497092e-04
1.760138730e-03 5.971419446e-04
1.764021980e-03 5.976403361e-04
1.765529780e-03 5.978263011e-04
1.774843680e-03 5.990163771e-04
1.778279000e-03 5.994149382e-04
1.786503350e-03 6.002781879e-04
1.790155160e-03 6.007081533e-04
1.791252200e-03 6.008523403e-04
1.793189060e-03 6.011056504e-04
1.795395750e-03 6.014183084e-04
1.798365710e-03 6.018320625e-04
1.804590490e-03 6.026486254e-04
1.811891160e-03 6.035174627e-04
1.824561590e-03 6.051804585e-04
1.827932200e-03 6.055750339e-04
1.828437190e-03 6.056324049e-04
1.834078930e-03 6.062431269e-04
1.840772000e-03 6.070279605e-04
1.844458610e-03 6.074305406e-04
1.848472840e-03 6.078412681e-04
1.848603720e-03 6.078564841e-04
1.849609850e-03 6.079724830e-04
1.857191050e-03 6.088093572e-04
1.867454360e-03 6.101255118e-04
1.867727590e-03 6.101585094e-04
1.874711700e-03 6.110625767e-04
1.883649000e-03 6.120994475e-04
1.885342980e-03 6.122807376e-04
1.891907660e-03 6.129364333e-04
1.893368580e-03 6.131078585e-04
1.905461000e-03 6.145774922e-04
1.913375800e-03 6.155181381e-04
1.915082520e-03 6.157074084e-04
1.918370350e-03 6.160637835e-04
1.921984990e-03 6.165271922e-04
1.927525160e-03 6.171972727e-04
1.932491590e-03 6.177555858e-04
1.934673610e-03 6.180280483e-04
1.941444880e-03 6.188250912e-04
1.947040770e-03 6.194409256e-04
1.951599110e-03 6.199049328e-04
1.956168450e-03 6.203412602e-04
1.958759990e-03 6.205737433e-04
1.966754140e-03 6.214639906e-04
1.967065640e-03 6.215019433e-04
1.972423000e-03 6.221311154e-04
1.979442780e-03 6.229783392e-04
1.981669750e-03 6.232339845e-04
2.000000000e-03 6.250413392e-04
2.003895400e-03 6.254389438e-04
2.006059520e-03 6.256541940e-04
2.008045060e-03 6.258504965e-04
2.009671440e-03 6.260067477e-04
2.014014440e-03 6.264608312e-04
2.017458940e-03 6.268625133e-04
2.021954880e-03 6.273607096e-04
2.031310160e-03 6.283128202e-04
2.031845430e-03 6.283632375e-04
2.035247490e-03 6.286824479e-04
2.042840400e-03 6.295110545e-04
2.048267690e-03 6.301118724e-04
2.055927880e-03 6.308854901e-04
2.059108380e-03 6.311870295e-04
2.064683770e-03 6.316786614e-04
2.065380000e-03 6.317368142e-04
2.066598240e-03 6.318379344e-04
2.072312010e-03 6.323986727e-04
2.081699290e-03 6.333473337e-04
2.083743700e-03 6.335428008e-04
2.087042720e-03 6.338452299e-04
2.089296000e-03 6.340917583e-04
2.094141020e-03 6.345973373e-04
2.094426040e-03 6.346266208e-04
2.098335740e-03 6.351160807e-04
2.100826440e-03 6.354195731e-04
2.105541260e-03 6.359712272e-04
2.119890800e-03 6.374581662e-04
2.122633360e-03 6.377149469e-04
2.124914090e-03 6.379203302e-04
2.127603080e-03 6.381947939e-04
2.144029380e-03 6.396706174e-04
2.144237090e-03 6.396926269e-04
2.148993550e-03 6.401804972e-04
2.152239610e-03 6.405029221e-04
2.152796560e-03 6.405567921e-04
2.156230160e-03 6.408880733e-04
2.162719000e-03 6.414703948e-04
2.165240040e-03 6.417208990e-04
2.173724950e-03 6.425977017e-04
2.178483630e-03 6.430467066e-04
2.179806630e-03 6.431660544e-04
2.182001330e-03 6.433619782e-04
2.193398510e-03 6.445105469e-04
2.195985940e-03 6.447540165e-04
2.196106660e-03 6.447665906e-04
2.201709530e-03 6.453290586e-04
2.210920970e-03 6.461628678e-04
2.213095000e-03 6.463898168e-04
2.219798160e-03 6.470616098e-04
2.230112060e-03 6.479908743e-04
2.232287240e-03 6.481688026e-04
2.238721000e-03 6.487727439e-04
2.242925310e-03 6.491453350e-04
2.242952270e-03 6.491480285e-04
2.250272560e-03 6.498450926e-04
2.254888420e-03 6.502542120e-04
2.255020670e-03 6.502658410e-04
2.258135820e-03 6.506128559e-04
2.264644000e-03 6.512998034e-04
2.274390530e-03 6.522291347e-04
2.274442620e-03 6.522337783e-04
2.285928080e-03 6.531955789e-04
2.290868000e-03 6.536225466e-04
2.296770390e-03 6.541517159e-04
2.298258070e-03 6.542801841e-04
2.298297870e-03 6.542835833e-04
2.300000000e-03 6.544273902e-04
2.300779260e-03 6.545063474e-04
2.306166290e-03 6.550319669e-04
2.327002910e-03 6.567780025e-04
2.329934990e-03 6.570209471e-04
2.332870290e-03 6.572614189e-04
2.334130090e-03 6.573613679e-04
2.334529810e-03 6.573973090e-04
2.341087210e-03 6.579592735e-04
2.344229000e-03 6.582769119e-04
2.361316890e-03 6.598132929e-04
2.362751120e-03 6.599262424e-04
2.370307850e-03 6.605006527e-04
2.371374000e-03 6.605762670e-04
2.372654090e-03 6.606652370e-04
2.377640170e-03 6.610424822e-04
2.381634050e-03 6.613962149e-04
2.386492070e-03 6.618058749e-04
2.387854510e-03 6.619157619e-04
2.390003140e-03 6.620889008e-04
2.406099030e-03 6.634864699e-04
2.406883800e-03 6.635484311e-04
2.409212190e-03 6.637569643e-04
2.410091880e-03 6.638341518e-04
2.414852740e-03 6.643455069e-04
2.425792150e-03 6.654387549e-04
2.431196190e-03 6.659300757e-04
2.432237090e-03 6.660209360e-04
2.439131060e-03 6.666062781e-04
2.442815550e-03 6.669046229e-04
2.454709000e-03 6.677611920e-04
2.465272980e-03 6.684788622e-04
2.467951770e-03 6.686402361e-04
2.467978330e-03 6.686424640e-04
2.468256040e-03 6.686695172e-04
2.472602750e-03 6.690827413e-04
2.474104210e-03 6.692207410e-04
2.489531320e-03 6.705165134e-04
2.491143660e-03 6.706407536e-04
2.498964340e-03 6.712022982e-04
2.500362480e-03 6.712954815e-04
2.501065180e-03 6.713432816e-04
2.512256460e-03 6.722187935e-04
2.514814780e-03 6.724470472e-04
2.519494940e-03 6.728938695e-04
2.530459590e-03 6.738614171e-04
2.533349690e-03 6.740952263e-04
2.540973000e-03 6.746702600e-04
2.545775210e-03 6.750079341e-04
2.546006150e-03 6.750235486e-04
2.550524520e-03 6.754048337e-04
2.554083640e-03 6.757274449e-04
2.570396000e-03 6.770546485e-04
2.581457920e-03 6.778122192e-04
2.581517390e-03 6.778159404e-04
2.584304880e-03 6.779911277e-04
2.597482690e-03 6.789583095e-04
2.600160000e-03 6.791937982e-04
2.605042110e-03 6.796052206e-04
2.606859070e-03 6.797747167e-04
2.608547780e-03 6.799314270e-04
2.615170630e-03 6.805189118e-04
2.617524070e-03 6.807172009e-04
2.620536360e-03 6.809697362e-04
2.648547720e-03 6.829271853e-04
2.649716530e-03 6.830078162e-04
2.650000000e-03 6.830271701e-04
2.654987760e-03 6.834382687e-04
2.656899080e-03 6.835893643e-04
2.660725000e-03 6.838815461e-04
2.665210860e-03 6.842487184e-04
2.681748420e-03 6.854682996e-04
2.690324740e-03 6.860155106e-04
2.691535000e-03 6.860868197e-04
2.697522890e-03 6.864180296e-04
2.697775730e-03 6.864359669e-04
2.703180200e-03 6.868851842e-04
2.707073150e-03 6.871951255e-04
2.707560500e-03 6.872374831e-04
2.721630190e-03 6.883667778e-04
2.730948710e-03 6.890112404e-04
2.739804000e-03 6.895623595e-04
2.740883840e-03 6.896417977e-04
2.742363520e-03 6.897505339e-04
2.745231640e-03 6.899555072e-04
2.748289580e-03 6.901730340e-04
2.749321140e-03 6.902527491e-04
2.768440400e-03 6.915500390e-04
2.773338630e-03 6.918360416e-04
2.777343260e-03 6.921247514e-04
2.784868410e-03 6.927794544e-04
2.787625250e-03 6.930344727e-04
2.798459960e-03 6.939723929e-04
2.798553490e-03 6.939800389e-04
2.806820000e-03 6.946267823e-04
2.808135010e-03 6.947274235e-04
2.825645190e-03 6.959410278e-04
2.827841650e-03 6.960785926e-04
2.835889570e-03 6.965450171e-04
2.844278810e-03 6.969675649e-04
2.850056740e-03 6.973493467e-04
2.851018000e-03 6.974206506e-04
2.859654060e-03 6.981054376e-04
2.863506640e-03 6.983936814e-04
2.864289950e-03 6.984507267e-04
2.868799490e-03 6.987687856e-04
2.884032000e-03 6.997131963e-04
2.895082310e-03 7.002852744e-04
2.895537020e-03 7.003064680e-04
2.898912690e-03 7.005130450e-04
2.899947440e-03 7.005753565e-04
2.900680970e-03 7.006249406e-04
2.901802890e-03 7.007176160e-04
2.907424690e-03 7.011838218e-04
2.922638710e-03 7.023136943e-04
2.930050240e-03 7.027945416e-04
2.934585980e-03 7.030731456e-04
2.937937770e-03 7.033246313e-04
2.951179840e-03 7.043407833e-04
2.951209000e-03 7.043428620e-04
2.958813480e-03 7.048612354e-04
2.970918150e-03 7.056004772e-04
2.989681870e-03 7.065397298e-04
2.993965180e-03 7.067883023e-04
2.994149020e-03 7.067986330e-04
2.995858440e-03 7.069276027e-04
3.000000000e-03 7.072721793e-04
3.005297960e-03 7.077028983e-04
3.006941470e-03 7.078323802e-04
3.019952000e-03 7.087825224e-04
3.026460760e-03 7.092121720e-04
3.043813350e-03 7.101907713e-04
3.054788220e-03 7.107073358e-04
3.054921000e-03 7.107132871e-04
3.056570070e-03 7.108237629e-04
3.058220080e-03 7.109321907e-04
3.068139050e-03 7.116715818e-04
3.075866620e-03 7.122016155e-04
3.090295000e-03 7.130672351e-04
3.099656120e-03 7.135420783e-04
3.100666550e-03 7.135908374e-04
3.108135840e-03 7.139260104e-04
3.110652910e-03 7.140495715e-04
3.110933030e-03 7.140669255e-04
3.112612010e-03 7.141714023e-04
3.126079000e-03 7.151657438e-04
3.139772530e-03 7.160383051e-04
3.142209520e-03 7.161787582e-04
3.148654020e-03 7.165395589e-04
3.153086220e-03 7.167698315e-04
3.155458680e-03 7.168932005e-04
3.163984650e-03 7.173614646e-04
3.174394620e-03 7.180132225e-04
3.185113870e-03 7.186002013e-04
3.187263740e-03 7.187075724e-04
3.190992490e-03 7.188897186e-04
3.197456840e-03 7.192897879e-04
3.200621520e-03 7.195023803e-04
3.207137460e-03 7.199184262e-04
3.209630770e-03 7.200746212e-04
3.228879970e-03 7.213766765e-04
3.235904470e-03 7.217999482e-04
3.237683190e-03 7.219015246e-04
3.245738350e-03 7.223330037e-04
3.250111000e-03 7.225510730e-04
3.272303120e-03 7.237987655e-04
3.273407000e-03 7.238623373e-04
3.282817760e-03 7.245181620e-04
3.284392600e-03 7.246220180e-04
3.286918550e-03 7.247850763e-04
3.290297260e-03 7.250033532e-04
3.293636990e-03 7.252142758e-04
3.318448530e-03 7.265429281e-04
3.322183750e-03 7.267054235e-04
3.325638220e-03 7.269073807e-04
3.325815780e-03 7.269178055e-04
3.329585370e-03 7.271340331e-04
3.358285210e-03 7.286667374e-04
3.362489400e-03 7.288477925e-04
3.365168300e-03 7.289567464e-04
3.372023750e-03 7.292138877e-04
3.372621090e-03 7.292358240e-04
3.373204140e-03 7.292569959e-04
3.375938320e-03 7.293733824e-04
3.377285230e-03 7.294321763e-04
3.378702850e-03 7.295109005e-04
3.394910400e-03 7.306248430e-04
3.419210280e-03 7.319750771e-04
3.427678000e-03 7.324674865e-04
3.439706040e-03 7.330953967e-04
3.452401140e-03 7.337669301e-04
3.454760620e-03 7.338802062e-04
3.459891590e-03 7.341243971e-04
3.462382270e-03 7.342717193e-04
3.467369000e-03 7.345549002e-04
3.475388620e-03 7.349894337e-04
3.483075690e-03 7.353690036e-04
3.487386000e-03 7.356334832e-04
3.496157210e-03 7.361429683e-04
3.507519000e-03 7.367312341e-04
3.518142800e-03 7.372811258e-04
3.522060890e-03 7.374718220e-04
3.528402610e-03 7.378539522e-04
3.532848800e-03 7.381072494e-04
3.540483070e-03 7.385266823e-04
3.548134000e-03 7.389161929e-04
3.562833310e-03 7.397498482e-04
3.566441380e-03 7.399344300e-04
3.573757110e-03 7.402955421e-04
3.587202260e-03 7.409779941e-04
3.587605740e-03 7.409967720e-04
3.589219000e-03 7.410722469e-04
3.591157190e-03 7.411610747e-04
3.615139080e-03 7.421195028e-04
3.617415660e-03 7.422255029e-04
3.630781000e-03 7.430239147e-04
3.632740760e-03 7.431322775e-04
3.639455200e-03 7.435311484e-04
3.640135320e-03 7.435701054e-04
3.657000050e-03 7.444811846e-04
3.667541620e-03 7.449673503e-04
3.671584610e-03 7.451363667e-04
3.674805710e-03 7.452670972e-04
3.685149490e-03 7.457765846e-04
3.685800520e-03 7.458102776e-04
3.695522100e-03 7.462843374e-04
3.702342650e-03 7.466005060e-04
3.715352000e-03 7.471285086e-04
3.717357670e-03 7.472246754e-04
3.726836540e-03 7.476494235e-04
3.727821280e-03 7.476905854e-04
3.731626990e-03 7.478857788e-04
3.735856300e-03 7.481231933e-04
3.763117660e-03 7.494326452e-04
3.768487090e-03 7.496409932e-04
3.774836940e-03 7.498660971e-04
3.775781410e-03 7.499103573e-04
3.780071100e-03 7.501158575e-04
3.784797340e-03 7.504128718e-04
3.814377530e-03 7.520218490e-04
3.825390430e-03 7.525862844e-04
3.827332130e-03 7.526793607e-04
3.827461580e-03 7.526854910e-04
3.837624440e-03 7.531386793e-04
3.858545650e-03 7.539188431e-04
3.859413660e-03 7.539589167e-04
3.876440490e-03 7.546776182e-04
3.877642470e-03 7.547224316e-04
3.879574820e-03 7.548039240e-04
3.888701980e-03 7.551617489e-04
3.896054050e-03 7.554284771e-04
3.899450430e-03 7.556028392e-04
3.908470430e-03 7.560639643e-04
3.913585560e-03 7.563073990e-04
3.922543130e-03 7.567008391e-04
3.925778840e-03 7.568680450e-04
3.925871800e-03 7.568733222e-04
3.935501000e-03 7.573967684e-04
3.966834650e-03 7.587917741e-04
3.969971590e-03 7.589034304e-04
3.971236870e-03 7.589470134e-04
3.971962390e-03 7.589798911e-04
3.979728930e-03 7.593160500e-04
3.985370720e-03 7.595504595e-04
3.999106110e-03 7.602375963e-04
4.004054860e-03 7.604971891e-04
4.027170000e-03 7.615655219e-04
4.039550760e-03 7.620503114e-04
4.045413190e-03 7.622528824e-04
4.049394740e-03 7.624341723e-04
4.053699400e-03 7.626267623e-04
4.065018370e-03 7.632495542e-04
4.069139450e-03 7.634636606e-04
4.070872180e-03 7.635515487e-04
4.073803000e-03 7.636969499e-04
4.094961270e-03 7.647461573e-04
4.102443250e-03 7.650658267e-04
4.103221520e-03 7.650985299e-04
4.112273600e-03 7.654724107e-04
4.119122370e-03 7.657288757e-04
4.120975000e-03 7.657957061e-04
4.137017370e-03 7.664821441e-04
4.150735180e-03 7.669711423e-04
4.151469750e-03 7.669995827e-04
4.158395200e-03 7.672550658e-04
4.168694000e-03 7.677667685e-04
4.170943810e-03 7.678722915e-04
4.183321880e-03 7.684368857e-04
4.200298330e-03 7.691213041e-04
4.200912770e-03 7.691513758e-04
4.215542870e-03 7.698167575e-04
4.219241690e-03 7.699725309e-04
4.225972290e-03 7.702778876e-04
4.247418160e-03 7.711127851e-04
4.265795000e-03 7.716605639e-04
4.270957760e-03 7.718451525e-04
4.280111760e-03 7.722427600e-04
4.289336550e-03 7.726503708e-04
4.292158450e-03 7.727692343e-04
4.292257970e-03 7.727735950e-04
4.312086680e-03 7.735546591e-04
4.317520380e-03 7.737379452e-04
4.333759160e-03 7.742082907e-04
4.334093000e-03 7.742198186e-04
4.340102460e-03 7.744551268e-04
4.345528300e-03 7.746607189e-04
4.346352890e-03 7.746913499e-04
4.351110280e-03 7.749188560e-04
4.355941270e-03 7.751400252e-04
4.385375650e-03 7.762699211e-04
4.389467430e-03 7.764041565e-04
4.397459920e-03 7.767386002e-04
4.403267610e-03 7.769645588e-04
4.406182520e-03 7.770725248e-04
4.418088020e-03 7.774882862e-04
4.430203540e-03 7.780306196e-04
4.431199170e-03 7.780790828e-04
4.442994810e-03 7.786311170e-04
4.449417900e-03 7.789086975e-04
4.456614730e-03 7.791993797e-04
4.464827360e-03 7.795197392e-04
4.476376980e-03 7.799379422e-04
4.488685560e-03 7.803217953e-04
4.503682540e-03 7.808964142e-04
4.518559000e-03 7.814473056e-04
4.531347830e-03 7.818551271e-04
4.539487890e-03 7.820791765e-04
4.546485140e-03 7.822503792e-04
4.546590310e-03 7.822545579e-04
4.559590470e-03 7.827368323e-04
4.564568170e-03 7.829286495e-04
4.565649070e-03 7.829791494e-04
4.569340260e-03 7.831562975e-04
4.593783810e-03 7.842317534e-04
4.603890310e-03 7.846078356e-04
4.608929810e-03 7.847835360e-04
4.613230500e-03 7.849254907e-04
4.622320800e-03 7.852023589e-04
4.641174710e-03 7.858563476e-04
4.644756360e-03 7.859646902e-04
4.645225850e-03 7.859813228e-04
4.649327310e-03 7.861741565e-04
4.664177640e-03 7.868353648e-04
4.677351000e-03 7.873518064e-04
4.679876060e-03 7.874468007e-04
4.710235130e-03 7.884133319e-04
4.710322690e-03 7.884156981e-04
4.713062480e-03 7.885198553e-04
4.713179310e-03 7.885242343e-04
4.720686160e-03 7.887948098e-04
4.726096580e-03 7.890476193e-04
4.731513000e-03 7.892908716e-04
4.747391660e-03 7.900201401e-04
4.765680950e-03 7.907546309e-04
4.786301000e-03 7.914675655e-04
4.799847030e-03 7.918491263e-04
4.800000000e-03 7.918530395e-04
4.803096200e-03 7.919599319e-04
4.807266340e-03 7.921038460e-04
4.821368990e-03 7.925514765e-04
4.836181250e-03 7.930252499e-04
4.841724000e-03 7.932689965e-04
4.844336930e-03 7.933804378e-04
4.852186730e-03 7.937168248e-04
4.865982540e-03 7.942552367e-04
4.895939930e-03 7.951892326e-04
4.897788000e-03 7.952566932e-04
4.901391700e-03 7.953885063e-04
4.913869830e-03 7.958694595e-04
4.914778050e-03 7.959029485e-04
4.916181500e-03 7.959541327e-04
4.940262470e-03 7.967241451e-04
4.954502000e-03 7.970839028e-04
4.970000000e-03 7.975462578e-04
4.970000000e-03 6.706613191e-03
