7.430000000e-06 6.544000000e-03 1711
1711
7.430000000e-06 5.101479074e-10
7.500000000e-06 4.913130937e-10
7.549507650e-06 4.778730438e-10
7.624382530e-06 4.583991763e-10
7.700000000e-06 4.397188896e-10
7.749520240e-06 4.272098500e-10
7.824398380e-06 4.091103474e-10
7.900000000e-06 3.917776641e-10
7.949532210e-06 3.801781391e-10
8.024413440e-06 3.634196012e-10
8.100000000e-06 3.473997931e-10
8.184558640e-06 3.294554767e-10
8.270000000e-06 3.124380431e-10
8.344662970e-06 2.975987174e-10
8.420000000e-06 2.834641913e-10
8.464643690e-06 2.749977393e-10
8.532053440e-06 2.627698348e-10
8.600000000e-06 2.510856502e-10
8.642188550e-06 2.436827837e-10
8.705859730e-06 2.329857074e-10
8.770000000e-06 2.227582083e-10
8.844682020e-06 2.107936278e-10
8.920000000e-06 1.994716790e-10
8.984764890e-06 1.897698307e-10
9.000000000e-06 1.876604193e-10
9.000000000e-06 2.160799098e-09
9.050000000e-06 2.189872912e-09
9.124691780e-06 2.234292393e-09
9.200000000e-06 2.280857583e-09
9.266034520e-06 2.322629681e-09
9.332543000e-06 2.366091729e-09
9.396055390e-06 2.408438725e-09
9.460000000e-06 2.452361906e-09
9.504893480e-06 2.483707955e-09
9.550000000e-06 2.515845502e-09
9.605095580e-06 2.555682657e-09
9.660509000e-06 2.596721146e-09
9.716279520e-06 2.638685731e-09
9.772372000e-06 2.681890808e-09
9.831010080e-06 2.727788251e-09
9.890000000e-06 2.775068127e-09
9.944847920e-06 2.819715358e-09
1.000000000e-05 2.865581350e-09
1.004987570e-05 2.907646146e-09
1.010000000e-05 2.950725490e-09
1.014987690e-05 2.994158867e-09
1.020000000e-05 3.038613981e-09
1.023494020e-05 3.069945556e-09
1.027000000e-05 3.101780719e-09
1.027034570e-05 3.102096406e-09
1.031062970e-05 3.138823395e-09
1.032714870e-05 3.154062504e-09
1.035142000e-05 3.176465968e-09
1.038565340e-05 3.208310298e-09
1.042000000e-05 3.240636295e-09
1.045992360e-05 3.278556948e-09
1.050000000e-05 3.317136028e-09
1.053494190e-05 3.351081721e-09
1.057000000e-05 3.385533929e-09
1.060992460e-05 3.425125826e-09
1.065000000e-05 3.465382385e-09
1.068254530e-05 3.498360084e-09
1.071519000e-05 3.531780955e-09
1.074256010e-05 3.560002428e-09
1.077000000e-05 3.588538109e-09
1.080457950e-05 3.624762866e-09
1.083927000e-05 3.661491274e-09
1.086959260e-05 3.693841241e-09
1.090000000e-05 3.726579491e-09
1.093234210e-05 3.761656651e-09
1.096478000e-05 3.797176609e-09
1.099235540e-05 3.827583645e-09
1.102000000e-05 3.858313029e-09
1.104497180e-05 3.886240928e-09
1.107000000e-05 3.914433424e-09
1.109497190e-05 3.942725836e-09
1.112000000e-05 3.971283120e-09
1.114497200e-05 3.999941331e-09
1.117000000e-05 4.028864583e-09
1.119506190e-05 4.057995167e-09
1.122018000e-05 4.087392663e-09
1.124506250e-05 4.116683426e-09
1.127000000e-05 4.146236784e-09
1.128497020e-05 4.164055426e-09
1.130746270e-05 4.190961856e-09
1.133000000e-05 4.218081928e-09
1.135497250e-05 4.248295830e-09
1.138000000e-05 4.278772731e-09
1.139497050e-05 4.297085839e-09
1.141746310e-05 4.324732141e-09
1.144000000e-05 4.352590023e-09
1.145616990e-05 4.372667211e-09
1.147033730e-05 4.390324122e-09
1.149517220e-05 4.421423928e-09
1.151383380e-05 4.444916289e-09
1.152784980e-05 4.462629529e-09
1.154890570e-05 4.489350437e-09
1.157000000e-05 4.516252732e-09
1.159222370e-05 4.544747549e-09
1.161449000e-05 4.573442026e-09
1.163223150e-05 4.596419140e-09
1.165000000e-05 4.619522013e-09
1.168000000e-05 4.658753161e-09
1.170000000e-05 4.685060914e-09
1.172000000e-05 4.711491883e-09
1.174000000e-05 4.737956531e-09
1.176000000e-05 4.764543893e-09
1.178000000e-05 4.791254193e-09
1.180000000e-05 4.818087615e-09
1.182000000e-05 4.845044407e-09
1.183500000e-05 4.865343074e-09
1.185000000e-05 4.885712815e-09
1.185500000e-05 4.892503055e-09
1.187000000e-05 4.912924414e-09
1.189200000e-05 4.943001531e-09
1.191000000e-05 4.967721485e-09
1.192700000e-05 4.991160362e-09
1.195000000e-05 5.023014619e-09
1.197700000e-05 5.060618810e-09
1.200000000e-05 5.092831290e-09
1.203000000e-05 5.135096075e-09
1.206000000e-05 5.177642854e-09
1.208497420e-05 5.213280778e-09
1.211000000e-05 5.249182812e-09
1.214237010e-05 5.295919697e-09
1.216186000e-05 5.324219210e-09
1.216670440e-05 5.331543277e-09
1.218498710e-05 5.359262390e-09
1.220000000e-05 5.382113803e-09
1.221246260e-05 5.401553092e-09
1.224000000e-05 5.444715895e-09
1.227130500e-05 5.494112101e-09
1.230269000e-05 5.544003044e-09
1.232632240e-05 5.581801223e-09
1.235000000e-05 5.619884832e-09
1.237497480e-05 5.660269867e-09
1.240000000e-05 5.700977394e-09
1.242497490e-05 5.741823758e-09
1.245000000e-05 5.782995881e-09
1.247497500e-05 5.824306205e-09
1.250000000e-05 5.865945332e-09
1.252896650e-05 5.914419184e-09
1.255800000e-05 5.963339629e-09
1.258896190e-05 6.015838401e-09
1.258925000e-05 6.016328906e-09
1.260000000e-05 6.035208526e-09
1.262000000e-05 6.071166006e-09
1.267000000e-05 6.161785621e-09
1.270247340e-05 6.221193688e-09
1.273503000e-05 6.281230928e-09
1.276747370e-05 6.341483014e-09
1.280000000e-05 6.402369022e-09
1.283495230e-05 6.468272523e-09
1.287000000e-05 6.534918884e-09
1.290993810e-05 6.611474077e-09
1.295000000e-05 6.689009257e-09
1.299077090e-05 6.768593013e-09
1.303167000e-05 6.849208928e-09
1.310000000e-05 6.991242320e-09
1.314122020e-05 7.077993079e-09
1.318257000e-05 7.165896951e-09
1.325000000e-05 7.311003122e-09
1.329990610e-05 7.419808468e-09
1.335000000e-05 7.530340558e-09
1.339990680e-05 7.641637200e-09
1.345000000e-05 7.754682876e-09
1.348963000e-05 7.844958012e-09
1.350000000e-05 7.869069990e-09
1.350986680e-05 7.892580752e-09
1.357000000e-05 8.037143359e-09
1.363136130e-05 8.186616946e-09
1.369300000e-05 8.338991500e-09
1.380384000e-05 8.618291113e-09
1.387672760e-05 8.805700772e-09
1.395000000e-05 8.997339770e-09
1.402479950e-05 9.196043000e-09
1.410000000e-05 9.399286128e-09
1.412538000e-05 9.468612773e-09
1.420000000e-05 9.677462014e-09
1.425000000e-05 9.822275565e-09
1.440000000e-05 1.026647030e-08
1.455000000e-05 1.072551072e-08
1.470000000e-05 1.119969531e-08
1.480000000e-05 1.152436448e-08
1.490000000e-05 1.185989395e-08
1.507000000e-05 1.244684730e-08
1.513561000e-05 1.267901174e-08
1.531087000e-05 1.332665181e-08
1.550000000e-05 1.405261583e-08
1.570000000e-05 1.485167203e-08
1.584893000e-05 1.546808966e-08
1.590000000e-05 1.568576850e-08
1.621810000e-05 1.709264489e-08
1.650000000e-05 1.841526124e-08
1.678804000e-05 1.984304293e-08
1.680000000e-05 1.990446781e-08
1.717908000e-05 2.192424290e-08
1.757924000e-05 2.421601982e-08
1.780389290e-05 2.557713309e-08
1.800000000e-05 2.681636199e-08
1.809328000e-05 2.742066670e-08
1.850000000e-05 3.018597065e-08
1.905461000e-05 3.428099213e-08
1.950000000e-05 3.785515711e-08
2.000000000e-05 4.216064640e-08
2.070000000e-05 4.876008647e-08
2.150000000e-05 5.720626911e-08
2.187762000e-05 6.150438710e-08
2.238721000e-05 6.764079590e-08
2.330000000e-05 7.975251012e-08
2.331800000e-05 8.000636260e-08
2.371374000e-05 8.566452657e-08
2.426610000e-05 9.398079130e-08
2.511886000e-05 1.079782189e-07
2.540973000e-05 1.130075494e-07
2.660725000e-05 1.353181374e-07
2.691535000e-05 1.415518562e-07
2.818383000e-05 1.686273513e-07
2.851018000e-05 1.761735652e-07
3.000000000e-05 2.125440662e-07
3.019952000e-05 2.178050789e-07
3.162278000e-05 2.566175601e-07
3.198895000e-05 2.672227222e-07
3.311311000e-05 3.009325216e-07
3.350000000e-05 3.130187603e-07
3.427678000e-05 3.377337393e-07
3.500000000e-05 3.619670305e-07
3.507519000e-05 3.645118906e-07
3.672823000e-05 4.221685675e-07
3.682900000e-05 4.258153557e-07
3.850000000e-05 4.876118521e-07
3.890451000e-05 5.031717788e-07
3.981072000e-05 5.382676759e-07
4.027170000e-05 5.567108734e-07
4.073803000e-05 5.754698729e-07
4.220000000e-05 6.352827668e-07
4.300000000e-05 6.689924688e-07
4.315191000e-05 6.753544060e-07
4.466836000e-05 7.407406292e-07
4.518559000e-05 7.634757413e-07
4.677351000e-05 8.340123807e-07
4.731513000e-05 8.587944881e-07
4.800000000e-05 8.902417718e-07
4.869675000e-05 9.222436417e-07
5.011872000e-05 9.891274721e-07
5.069907000e-05 1.016747320e-06
5.128614000e-05 1.044996106e-06
5.280576540e-05 1.118584762e-06
5.300000000e-05 1.128123642e-06
5.300000000e-05 1.324616337e-06
5.370318000e-05 1.360806932e-06
5.391523140e-05 1.371692526e-06
5.495409000e-05 1.425842538e-06
5.500000000e-05 1.428230853e-06
5.500000000e-05 1.527135310e-06
5.555508030e-05 1.556862939e-06
5.669273810e-05 1.618493301e-06
5.681761630e-05 1.625278548e-06
5.744562650e-05 1.659718894e-06
5.754399000e-05 1.665105146e-06
5.778331210e-05 1.678138096e-06
5.799639380e-05 1.689861049e-06
5.899377100e-05 1.744773417e-06
5.900000000e-05 1.745116788e-06
5.926271770e-05 1.759548379e-06
5.973045610e-05 1.785527763e-06
6.000000000e-05 1.800613575e-06
6.052208890e-05 1.829745915e-06
6.078000000e-05 1.844174368e-06
6.113149770e-05 1.863995721e-06
6.160000000e-05 1.890756454e-06
6.200000000e-05 1.912922394e-06
6.209000000e-05 1.917866430e-06
6.240000000e-05 1.934927521e-06
6.260018850e-05 1.945712727e-06
6.280000000e-05 1.956451831e-06
6.334000000e-05 1.984814905e-06
6.350000000e-05 1.993081496e-06
6.420000000e-05 2.028157208e-06
6.424562250e-05 2.030407118e-06
6.437182760e-05 2.036710945e-06
6.500000000e-05 2.068261875e-06
6.531306000e-05 2.083868141e-06
6.573735810e-05 2.104719685e-06
6.581714120e-05 2.108686030e-06
6.606934640e-05 2.121482575e-06
6.683439000e-05 2.160116730e-06
6.685910820e-05 2.161349547e-06
6.761211200e-05 2.199335812e-06
6.799860780e-05 2.218734744e-06
6.800000000e-05 2.218804309e-06
6.839116000e-05 2.238871086e-06
6.874590900e-05 2.256782070e-06
6.879569640e-05 2.259311175e-06
6.918309570e-05 2.279104013e-06
6.950000000e-05 2.295421058e-06
7.000000000e-05 2.321772437e-06
7.074602470e-05 2.361178713e-06
7.079457440e-05 2.363734341e-06
7.079458000e-05 2.363734643e-06
7.150000000e-05 2.402814517e-06
7.161434000e-05 2.409197630e-06
7.190000000e-05 2.425000302e-06
7.270000000e-05 2.470096620e-06
7.300000000e-05 2.487070541e-06
7.328245000e-05 2.503405118e-06
7.350000000e-05 2.515835146e-06
7.413102000e-05 2.552096928e-06
7.413102420e-05 2.552097174e-06
7.431000770e-05 2.562735573e-06
7.470000000e-05 2.585849596e-06
7.500000000e-05 2.603792275e-06
7.560443840e-05 2.640488867e-06
7.585776000e-05 2.656175097e-06
7.620000000e-05 2.677548732e-06
7.673615000e-05 2.711574554e-06
7.690000000e-05 2.721902449e-06
7.730000000e-05 2.747309333e-06
7.800000000e-05 2.792368270e-06
7.852356000e-05 2.826034588e-06
7.897688480e-05 2.855597317e-06
7.900000000e-05 2.857125841e-06
8.000000000e-05 2.923626061e-06
8.018090500e-05 2.935806883e-06
8.040000000e-05 2.950549177e-06
8.054661790e-05 2.960486354e-06
8.128305000e-05 3.011660623e-06
8.150000000e-05 3.026646289e-06
8.300000000e-05 3.132074379e-06
8.317638000e-05 3.144507943e-06
8.356712850e-05 3.172251896e-06
8.365656110e-05 3.178599118e-06
8.450000000e-05 3.239378566e-06
8.511380000e-05 3.283759080e-06
8.560517400e-05 3.319612050e-06
8.609938000e-05 3.356582597e-06
8.650000000e-05 3.386465371e-06
8.709636000e-05 3.431154369e-06
8.810489000e-05 3.506519115e-06
8.861352300e-05 3.544712628e-06
8.900000000e-05 3.574236644e-06
8.900000000e-05 3.852632850e-06
8.912509000e-05 3.862895157e-06
8.989799480e-05 3.926509420e-06
9.067759790e-05 3.990513072e-06
9.120108000e-05 4.034575456e-06
9.258000000e-05 4.150363923e-06
9.300000000e-05 4.185618396e-06
9.332543000e-05 4.212952966e-06
9.386420270e-05 4.258312504e-06
9.427032490e-05 4.293099605e-06
9.500000000e-05 4.355508323e-06
9.612084880e-05 4.452242497e-06
9.660509000e-05 4.495194154e-06
9.772372000e-05 4.594527097e-06
9.885531000e-05 4.695748174e-06
9.900000000e-05 4.708666551e-06
9.999999310e-05 4.797905227e-06
1.011579000e-04 4.903421850e-06
1.024402270e-04 5.020451855e-06
1.026654850e-04 5.041740044e-06
1.035142000e-04 5.121894221e-06
1.040000000e-04 5.168133070e-06
1.047129000e-04 5.235244649e-06
1.056191850e-04 5.320933091e-06
1.060000000e-04 5.356877302e-06
1.071519310e-04 5.465595460e-06
1.081382750e-04 5.560793293e-06
1.083927000e-04 5.586019509e-06
1.100000000e-04 5.743088323e-06
1.102098290e-04 5.763636507e-06
1.109175000e-04 5.832872362e-06
1.114268340e-04 5.882618680e-06
1.131748740e-04 6.058739520e-06
1.135011000e-04 6.092165511e-06
1.148154000e-04 6.224749223e-06
1.150000000e-04 6.243461678e-06
1.166473650e-04 6.408782021e-06
1.171521180e-04 6.460428334e-06
1.174898000e-04 6.495994631e-06
1.178627630e-04 6.534729948e-06
1.202264000e-04 6.779091659e-06
1.207466640e-04 6.832603756e-06
1.220000000e-04 6.965859295e-06
1.226732590e-04 7.036024202e-06
1.230451430e-04 7.075502512e-06
1.244515000e-04 7.224343979e-06
1.264372350e-04 7.434249020e-06
1.270087220e-04 7.495783681e-06
1.270809250e-04 7.503793340e-06
1.273503000e-04 7.533683019e-06
1.300000000e-04 7.819494710e-06
1.303167000e-04 7.853083718e-06
1.309434140e-04 7.920043832e-06
1.330000000e-04 8.146773466e-06
1.333521620e-04 8.184675141e-06
1.333841430e-04 8.188199060e-06
1.350000000e-04 8.365630893e-06
1.380384000e-04 8.694937736e-06
1.380384390e-04 8.694941844e-06
1.381388250e-04 8.705830521e-06
1.400000000e-04 8.914239293e-06
1.412538000e-04 9.053406704e-06
1.428894000e-04 9.231221952e-06
1.429844270e-04 9.241602129e-06
1.430000000e-04 9.243380078e-06
1.445440000e-04 9.417987050e-06
1.446645230e-04 9.431291658e-06
1.457974870e-04 9.555842063e-06
1.480000000e-04 9.800432659e-06
1.488732910e-04 9.896961119e-06
1.502709650e-04 1.005007118e-05
1.509893310e-04 1.013023218e-05
1.513561000e-04 1.017239615e-05
1.526562880e-04 1.031799522e-05
1.548817000e-04 1.056366589e-05
1.555869190e-04 1.064069091e-05
1.575796340e-04 1.086493216e-05
1.584893000e-04 1.096810147e-05
1.595093090e-04 1.108106162e-05
1.603245000e-04 1.117061432e-05
1.617149080e-04 1.132399377e-05
1.621810000e-04 1.137621060e-05
1.631668890e-04 1.148501689e-05
1.648502220e-04 1.167434109e-05
1.659587000e-04 1.179741761e-05
1.660596700e-04 1.180867559e-05
1.675252370e-04 1.197144595e-05
1.678804000e-04 1.201203432e-05
1.689729410e-04 1.213446764e-05
1.693628470e-04 1.217786621e-05
1.720000000e-04 1.247435938e-05
1.746004370e-04 1.276170710e-05
1.753511420e-04 1.284564323e-05
1.759528610e-04 1.291249287e-05
1.778279000e-04 1.312446319e-05
1.789770090e-04 1.325102858e-05
1.800000000e-04 1.336596737e-05
1.807761050e-04 1.345357046e-05
1.819701000e-04 1.358787181e-05
1.820000000e-04 1.359121539e-05
1.836109650e-04 1.376872231e-05
1.836382030e-04 1.377181053e-05
1.883649000e-04 1.430802766e-05
1.891799160e-04 1.439899550e-05
1.892338490e-04 1.440499048e-05
1.900000000e-04 1.449239180e-05
1.927525000e-04 1.480115661e-05
1.933080680e-04 1.486203475e-05
1.950000000e-04 1.505168336e-05
1.957224530e-04 1.513292761e-05
1.971003880e-04 1.528610788e-05
1.989646660e-04 1.549717301e-05
2.000000000e-04 1.561460176e-05
2.003903470e-04 1.565832993e-05
2.016325160e-04 1.579742794e-05
2.019909760e-04 1.583721245e-05
2.029288190e-04 1.594253030e-05
2.041738000e-04 1.608680174e-05
2.066169660e-04 1.636352689e-05
2.069500320e-04 1.640150669e-05
2.089296000e-04 1.662443361e-05
2.113489000e-04 1.689740434e-05
2.120000000e-04 1.697094820e-05
2.144124490e-04 1.723656725e-05
2.162719000e-04 1.744312459e-05
2.165953450e-04 1.747852931e-05
2.168952310e-04 1.751125681e-05
2.186188050e-04 1.770151437e-05
2.191128770e-04 1.775733772e-05
2.211502900e-04 1.798760126e-05
2.213094860e-04 1.800580052e-05
2.241232110e-04 1.832501980e-05
2.250835680e-04 1.843158383e-05
2.264644000e-04 1.858946518e-05
2.276899040e-04 1.872608454e-05
2.299403160e-04 1.897906620e-05
2.300000000e-04 1.898568586e-05
2.317395000e-04 1.917604762e-05
2.344228620e-04 1.947069341e-05
2.344229000e-04 1.947069760e-05
2.376095690e-04 1.982109783e-05
2.380427600e-04 1.986803504e-05
2.389502860e-04 1.996922729e-05
2.401070730e-04 2.009666647e-05
2.412681510e-04 2.022551475e-05
2.426610000e-04 2.037916616e-05
2.428824640e-04 2.040322636e-05
2.444604700e-04 2.057742934e-05
2.454709000e-04 2.068970164e-05
2.465767070e-04 2.081065413e-05
2.483133000e-04 2.100259251e-05
2.511390080e-04 2.130575814e-05
2.511886000e-04 2.131112220e-05
2.511886600e-04 2.131112875e-05
2.522236920e-04 2.142570327e-05
2.550486010e-04 2.174157153e-05
2.577804670e-04 2.204039314e-05
2.580000000e-04 2.206396098e-05
2.600160000e-04 2.228624782e-05
2.645238110e-04 2.276417455e-05
2.645452390e-04 2.276650696e-05
2.650000000e-04 2.281665212e-05
2.651169680e-04 2.282952234e-05
2.695246980e-04 2.330058872e-05
2.707073470e-04 2.342755213e-05
2.733373110e-04 2.371266873e-05
2.748671990e-04 2.388143836e-05
2.765150670e-04 2.406235649e-05
2.786121000e-04 2.428732331e-05
2.791575890e-04 2.434520088e-05
2.818383000e-04 2.463910472e-05
2.851018000e-04 2.498726973e-05
2.875742480e-04 2.525288247e-05
2.884032000e-04 2.534122648e-05
2.925836020e-04 2.577166310e-05
2.934269490e-04 2.586064665e-05
2.972903600e-04 2.627253801e-05
2.983235230e-04 2.638138408e-05
3.002617510e-04 2.659061178e-05
3.015608930e-04 2.672811042e-05
3.027022420e-04 2.684909271e-05
3.054921000e-04 2.715088919e-05
3.093911190e-04 2.756088287e-05
3.100000000e-04 2.762648115e-05
3.126079000e-04 2.790370078e-05
3.162278000e-04 2.827275468e-05
3.180533530e-04 2.846008137e-05
3.208115860e-04 2.874831389e-05
3.222576610e-04 2.889969629e-05
3.235936210e-04 2.904021995e-05
3.245264090e-04 2.913698715e-05
3.254618130e-04 2.923508640e-05
3.289936660e-04 2.960018192e-05
3.308929710e-04 2.979586982e-05
3.311311000e-04 2.982047312e-05
3.320855320e-04 2.992043535e-05
3.350000000e-04 3.021826626e-05
3.352668830e-04 3.024518867e-05
3.357497250e-04 3.029487967e-05
3.398208540e-04 3.070858708e-05
3.400501710e-04 3.073164608e-05
3.431688420e-04 3.104629866e-05
3.447465790e-04 3.120373811e-05
3.452430600e-04 3.125547258e-05
3.473533610e-04 3.147202121e-05
3.487565970e-04 3.161712276e-05
3.507519000e-04 3.182472603e-05
3.548134000e-04 3.223591685e-05
3.558361220e-04 3.233849649e-05
3.589219000e-04 3.264543480e-05
3.599564970e-04 3.274705751e-05
3.630781000e-04 3.305386105e-05
3.641245970e-04 3.315447559e-05
3.649114850e-04 3.323040797e-05
3.672822800e-04 3.345917377e-05
3.691369520e-04 3.364136090e-05
3.715352710e-04 3.387782152e-05
3.718695830e-04 3.391093356e-05
3.736800980e-04 3.409060043e-05
3.761756240e-04 3.433137019e-05
3.771750880e-04 3.442778002e-05
3.785515450e-04 3.456064718e-05
3.801893980e-04 3.471872096e-05
3.815425660e-04 3.485436323e-05
3.845918190e-04 3.515894333e-05
3.851456320e-04 3.521452886e-05
3.852756080e-04 3.522753395e-05
3.897368900e-04 3.566969490e-05
3.935501000e-04 3.603818884e-05
3.939750620e-04 3.607987106e-05
3.981072000e-04 3.647331827e-05
3.986805240e-04 3.652750091e-05
4.027170590e-04 3.690328404e-05
4.032970300e-04 3.695846784e-05
4.073802880e-04 3.734466087e-05
4.073802940e-04 3.734466144e-05
4.076001780e-04 3.736578684e-05
4.078202230e-04 3.738690238e-05
4.125425570e-04 3.783381631e-05
4.148122390e-04 3.804442888e-05
4.168694080e-04 3.823340578e-05
4.180709560e-04 3.834884175e-05
4.196155330e-04 3.849748981e-05
4.216964970e-04 3.869723875e-05
4.216965000e-04 3.869723905e-05
4.249997320e-04 3.901410011e-05
4.255256710e-04 3.906439742e-05
4.315191000e-04 3.962688712e-05
4.332058430e-04 3.978104706e-05
4.346352820e-04 3.991240684e-05
4.365158000e-04 4.008565598e-05
4.365158340e-04 4.008565919e-05
4.415704000e-04 4.054264716e-05
4.415704750e-04 4.054265379e-05
4.428431900e-04 4.066173399e-05
4.466835700e-04 4.101357761e-05
4.479710630e-04 4.113106973e-05
4.484548480e-04 4.117554114e-05
4.499093380e-04 4.130970106e-05
4.518559000e-04 4.148546417e-05
4.536477050e-04 4.164564221e-05
4.570882240e-04 4.194953809e-05
4.584468980e-04 4.207492205e-05
4.619653330e-04 4.239516096e-05
4.623810140e-04 4.243205628e-05
4.637554660e-04 4.255732189e-05
4.660867700e-04 4.277033047e-05
4.663907970e-04 4.279815233e-05
4.714838090e-04 4.325715281e-05
4.727790430e-04 4.337216357e-05
4.731513000e-04 4.340490639e-05
4.775979820e-04 4.379518930e-05
4.777859560e-04 4.381152056e-05
4.786301000e-04 4.388604587e-05
4.832833530e-04 4.428750287e-05
4.833184750e-04 4.429063302e-05
4.897788000e-04 4.486129201e-05
4.897788350e-04 4.486129505e-05
4.923156850e-04 4.508288784e-05
4.949157200e-04 4.530259279e-05
4.954502000e-04 4.534801750e-05
4.968782520e-04 4.547027235e-05
4.988896950e-04 4.564058221e-05
5.026318580e-04 4.597099139e-05
5.031746380e-04 4.601845906e-05
5.069907360e-04 4.634790647e-05
5.074961630e-04 4.639219512e-05
5.090011520e-04 4.652258114e-05
5.128614000e-04 4.685298019e-05
5.143859090e-04 4.698093775e-05
5.150000000e-04 4.703264783e-05
5.191879230e-04 4.738824636e-05
5.203422410e-04 4.748291062e-05
5.229579900e-04 4.769751496e-05
5.248075000e-04 4.784650545e-05
5.279653450e-04 4.809751852e-05
5.290135810e-04 4.818361666e-05
5.294806680e-04 4.822233807e-05
5.308844670e-04 4.833885894e-05
5.356117860e-04 4.872544479e-05
5.372325370e-04 4.885487843e-05
5.379031120e-04 4.890767838e-05
5.380926050e-04 4.892352852e-05
5.394175410e-04 4.903669309e-05
5.448162130e-04 4.948554212e-05
5.456637200e-04 4.955508847e-05
5.482766700e-04 4.976981169e-05
5.495409000e-04 4.987448459e-05
5.531615910e-04 5.016780572e-05
5.559043000e-04 5.039850935e-05
5.575066070e-04 5.053189149e-05
5.639153030e-04 5.104422054e-05
5.639622400e-04 5.104796237e-05
5.645712610e-04 5.109718175e-05
5.664023260e-04 5.124504157e-05
5.688529000e-04 5.144446756e-05
5.711086930e-04 5.163051878e-05
5.754399740e-04 5.198073861e-05
5.771504990e-04 5.211389826e-05
5.800000000e-04 5.233262710e-05
5.837810260e-04 5.261590410e-05
5.838335830e-04 5.262002855e-05
5.867685210e-04 5.285165998e-05
5.888437000e-04 5.301207643e-05
5.905409570e-04 5.314344693e-05
5.935629690e-04 5.337041746e-05
5.940472610e-04 5.340659270e-05
5.940870770e-04 5.340966007e-05
5.952336490e-04 5.349847888e-05
6.009662650e-04 5.395703337e-05
6.048055270e-04 5.425138258e-05
6.052364180e-04 5.428466668e-05
6.112938380e-04 5.473998897e-05
6.122447010e-04 5.481052865e-05
6.128352280e-04 5.485493114e-05
6.139387090e-04 5.494494080e-05
6.165950000e-04 5.515743923e-05
6.213093380e-04 5.552137264e-05
6.237348000e-04 5.570818318e-05
6.255326770e-04 5.584502279e-05
6.286913810e-04 5.608048838e-05
6.309573000e-04 5.624779487e-05
6.327938270e-04 5.638660045e-05
6.334593550e-04 5.643695241e-05
6.382635000e-04 5.679290026e-05
6.408283410e-04 5.697841217e-05
6.420637080e-04 5.706743243e-05
6.450000000e-04 5.727922540e-05
6.450000000e-04 1.001034580e-04
6.454489000e-04 1.031463146e-04
6.456542020e-04 1.046291209e-04
6.458700280e-04 1.061924590e-04
6.462650850e-04 1.092293990e-04
6.466356700e-04 1.122442505e-04
6.469832860e-04 1.152265853e-04
6.473093460e-04 1.181669528e-04
6.475735040e-04 1.207169796e-04
6.479211510e-04 1.240825400e-04
6.484569550e-04 1.297222529e-04
6.489261460e-04 1.350416807e-04
6.493369680e-04 1.400123673e-04
6.496966490e-04 1.446193134e-04
6.500115340e-04 1.488586330e-04
6.505629500e-04 1.567748088e-04
6.509768180e-04 1.631549055e-04
6.512873920e-04 1.682055271e-04
6.517535300e-04 1.762344197e-04
6.522200000e-04 1.848417799e-04
6.523800000e-04 1.879333001e-04
6.527000000e-04 1.954587277e-04
6.530000000e-04 2.021601122e-04
6.531674250e-04 2.057616766e-04
6.533000000e-04 2.086178802e-04
6.538000000e-04 2.187417556e-04
6.543000000e-04 2.281644362e-04
6.547000000e-04 2.352907838e-04
6.551349870e-04 2.426061354e-04
6.552000000e-04 2.437019974e-04
6.558000000e-04 2.530752316e-04
6.560000000e-04 2.559845448e-04
6.560000000e-04 2.776157755e-04
6.563000000e-04 2.830463890e-04
6.564334710e-04 2.853064470e-04
6.568401100e-04 2.922998089e-04
6.571000000e-04 2.968407623e-04
6.572215630e-04 2.988026493e-04
6.575793770e-04 3.046693970e-04
6.579000000e-04 3.100128761e-04
6.579150040e-04 3.102443001e-04
6.582298100e-04 3.151757761e-04
6.583651110e-04 3.173285421e-04
6.585250770e-04 3.198771164e-04
6.587000000e-04 3.227237085e-04
6.590790600e-04 3.284657984e-04
6.595000000e-04 3.350400608e-04
6.595641760e-04 3.359679063e-04
6.599889470e-04 3.422895153e-04
6.603608450e-04 3.479801146e-04
6.605000000e-04 3.501615420e-04
6.606864280e-04 3.528644064e-04
6.606934520e-04 3.529696110e-04
6.612565830e-04 3.614244252e-04
6.615000000e-04 3.652274778e-04
6.616845220e-04 3.679177923e-04
6.620056590e-04 3.727538965e-04
6.624876540e-04 3.802838229e-04
6.625000000e-04 3.804851902e-04
6.626573920e-04 3.828816372e-04
6.629700000e-04 3.876515755e-04
6.632000000e-04 3.912875279e-04
6.636000000e-04 3.982720463e-04
6.638000000e-04 4.016227140e-04
6.639500000e-04 4.039661545e-04
6.643000000e-04 4.092433068e-04
6.647000000e-04 4.150573425e-04
6.653000000e-04 4.234286847e-04
6.658500000e-04 4.301048324e-04
6.660741900e-04 4.326775063e-04
6.665000000e-04 4.375771108e-04
6.665766730e-04 4.384101151e-04
6.670000000e-04 4.430187976e-04
6.672000000e-04 4.450004367e-04
6.680000000e-04 4.523885590e-04
6.683439180e-04 4.553412307e-04
6.687000000e-04 4.584096255e-04
6.690100000e-04 4.608956286e-04
6.695300000e-04 4.646123036e-04
6.705000000e-04 4.709417731e-04
6.715000000e-04 4.768706721e-04
6.725000000e-04 4.814806879e-04
6.737500000e-04 4.865408442e-04
6.743982960e-04 4.887914141e-04
6.750000000e-04 4.908878383e-04
6.761783780e-04 4.938129341e-04
6.765000000e-04 4.946149524e-04
6.780000000e-04 4.975981750e-04
6.780316980e-04 4.976464430e-04
6.790864500e-04 4.992530342e-04
6.800000000e-04 5.006459724e-04
6.822000000e-04 5.030825281e-04
6.839116000e-04 5.043770800e-04
6.850000000e-04 5.051926022e-04
6.870799140e-04 5.061770609e-04
6.918310000e-04 5.082897628e-04
6.928525240e-04 5.087239837e-04
7.000000000e-04 5.121321578e-04
7.018592300e-04 5.129536528e-04
7.047221640e-04 5.141613850e-04
7.048959080e-04 5.142398255e-04
7.079457410e-04 5.155751111e-04
7.088603840e-04 5.159622322e-04
7.101266040e-04 5.165815633e-04
7.107531000e-04 5.168838585e-04
7.120328190e-04 5.174925480e-04
7.183292120e-04 5.203322354e-04
7.191074840e-04 5.206623716e-04
7.198855400e-04 5.209883435e-04
7.231703630e-04 5.224134589e-04
7.265240170e-04 5.239951396e-04
7.265894210e-04 5.240252691e-04
7.275703750e-04 5.244740522e-04
7.314718030e-04 5.262095203e-04
7.323904020e-04 5.266309573e-04
7.328245000e-04 5.268291727e-04
7.350981880e-04 5.278428316e-04
7.359283690e-04 5.282037712e-04
7.386977920e-04 5.295957232e-04
7.473241380e-04 5.335579879e-04
7.479113060e-04 5.338069289e-04
7.492017760e-04 5.343453251e-04
7.498941830e-04 5.346566564e-04
7.515147330e-04 5.353708482e-04
7.539999510e-04 5.364475439e-04
7.553095550e-04 5.370003776e-04
7.566268570e-04 5.375472501e-04
7.587988480e-04 5.384211273e-04
7.619474940e-04 5.399122142e-04
7.651560020e-04 5.413580575e-04
7.673615000e-04 5.423067005e-04
7.707985110e-04 5.437844784e-04
7.729200000e-04 5.446541339e-04
7.729200000e-04 6.174565356e-04
7.762471000e-04 6.193477290e-04
7.764169380e-04 6.194433883e-04
7.807284290e-04 6.220921079e-04
7.852356000e-04 6.248465086e-04
7.874989670e-04 6.261797526e-04
7.898984380e-04 6.275517849e-04
7.926153810e-04 6.292469281e-04
7.943282000e-04 6.302880457e-04
7.966177620e-04 6.317578177e-04
7.966177880e-04 6.317578341e-04
7.971999440e-04 6.321280342e-04
7.974780620e-04 6.323060259e-04
7.989139320e-04 6.332174344e-04
8.067124130e-04 6.379628213e-04
8.105608720e-04 6.401437870e-04
8.122458590e-04 6.412081993e-04
8.138546990e-04 6.422113052e-04
8.151733660e-04 6.430200441e-04
8.152467200e-04 6.430648969e-04
8.163473690e-04 6.437343613e-04
8.175230000e-04 6.444486453e-04
8.222426000e-04 6.474438649e-04
8.246868280e-04 6.488706325e-04
8.288325470e-04 6.511968617e-04
8.301568580e-04 6.519141211e-04
8.317638000e-04 6.527671293e-04
8.362647010e-04 6.553666080e-04
8.383733830e-04 6.565429786e-04
8.384299770e-04 6.565742419e-04
8.391702890e-04 6.569817868e-04
8.413951000e-04 6.581841025e-04
8.432134040e-04 6.592058452e-04
8.462525480e-04 6.608879603e-04
8.488874280e-04 6.623205302e-04
8.549191640e-04 6.654156851e-04
8.552244080e-04 6.655654150e-04
8.560517350e-04 6.659679043e-04
8.562056850e-04 6.660553517e-04
8.609938000e-04 6.687046874e-04
8.648186720e-04 6.707153171e-04
8.673230440e-04 6.719779133e-04
8.709636000e-04 6.738975620e-04
8.747319890e-04 6.758872711e-04
8.810489000e-04 6.794038210e-04
8.836678290e-04 6.807847517e-04
8.848609000e-04 6.814017436e-04
8.870394850e-04 6.825042276e-04
8.872920000e-04 6.826308164e-04
8.890092030e-04 6.835373826e-04
8.951071210e-04 6.870043199e-04
8.972028200e-04 6.881414789e-04
8.981710690e-04 6.886575350e-04
9.002746790e-04 6.897734264e-04
9.025698590e-04 6.909574758e-04
9.070895170e-04 6.933444452e-04
9.075919520e-04 6.936027913e-04
9.081431300e-04 6.938847084e-04
9.108631420e-04 6.952478423e-04
9.120108000e-04 6.958991624e-04
9.186589420e-04 6.995716274e-04
9.191329900e-04 6.998231583e-04
9.224238950e-04 7.015480812e-04
9.259812990e-04 7.033434452e-04
9.276106530e-04 7.042062859e-04
9.332543000e-04 7.070665991e-04
9.349347970e-04 7.079678800e-04
9.351748610e-04 7.080952372e-04
9.383518840e-04 7.097656319e-04
9.424846740e-04 7.118468478e-04
9.459128820e-04 7.134911292e-04
9.467820480e-04 7.138988259e-04
9.500000000e-04 7.154182244e-04
9.533981350e-04 7.170401301e-04
9.537964980e-04 7.172256804e-04
9.565535910e-04 7.184829852e-04
9.597641580e-04 7.201192432e-04
9.618028070e-04 7.211396762e-04
9.648409420e-04 7.226125104e-04
9.700000000e-04 7.249831310e-04
9.710193020e-04 7.254337962e-04
9.734031590e-04 7.264629436e-04
9.737277350e-04 7.266118876e-04
9.744089990e-04 7.269336285e-04
9.822631740e-04 7.310401760e-04
9.824593230e-04 7.311382182e-04
9.850000000e-04 7.323875451e-04
9.885531000e-04 7.340881193e-04
9.913331100e-04 7.353658032e-04
9.944390840e-04 7.368542023e-04
9.973068700e-04 7.381839392e-04
1.000000000e-03 7.393961310e-04
1.001818990e-03 7.401907215e-04
1.004326640e-03 7.414809082e-04
1.014278890e-03 7.462440956e-04
1.014864170e-03 7.465059519e-04
1.015590970e-03 7.468337322e-04
1.015956260e-03 7.470036177e-04
1.018290330e-03 7.480722817e-04
1.018334820e-03 7.480924997e-04
1.018849180e-03 7.483256398e-04
1.026335030e-03 7.518815347e-04
1.030000000e-03 7.535143209e-04
1.030126710e-03 7.535763318e-04
1.030752150e-03 7.538815286e-04
1.037855020e-03 7.571943954e-04
1.042687890e-03 7.593075162e-04
1.047129000e-03 7.611308957e-04
1.050596210e-03 7.625631885e-04
1.052271670e-03 7.632370402e-04
1.052847930e-03 7.635011051e-04
1.055439310e-03 7.646670002e-04
1.059254000e-03 7.663358949e-04
1.065039630e-03 7.687478498e-04
1.068440060e-03 7.700772373e-04
1.068440100e-03 7.700772542e-04
1.069290890e-03 7.704247119e-04
1.069730050e-03 7.706312669e-04
1.082117320e-03 7.760234907e-04
1.082375920e-03 7.761270223e-04
1.082569040e-03 7.762054483e-04
1.083927000e-03 7.767515804e-04
1.084707500e-03 7.770624372e-04
1.090184420e-03 7.793184365e-04
1.095105050e-03 7.812678344e-04
1.095337230e-03 7.813565853e-04
1.099638930e-03 7.832852905e-04
1.101222420e-03 7.839759384e-04
1.102117040e-03 7.843629646e-04
1.106783450e-03 7.863140159e-04
1.109574220e-03 7.874243841e-04
1.110000000e-03 7.876058659e-04
1.114879490e-03 7.896329907e-04
1.122018000e-03 7.923700105e-04
1.127606560e-03 7.946356499e-04
1.130934890e-03 7.959253832e-04
1.132156090e-03 7.963867707e-04
1.135011000e-03 7.974436199e-04
1.136441320e-03 7.979888540e-04
1.139921240e-03 7.992695757e-04
1.144853350e-03 8.009729695e-04
1.153121540e-03 8.040557277e-04
1.154990000e-03 8.047026596e-04
1.155820760e-03 8.049865505e-04
1.155925250e-03 8.050220335e-04
1.158110630e-03 8.057561636e-04
1.159092680e-03 8.061088942e-04
1.159205100e-03 8.061497180e-04
1.161448370e-03 8.069506556e-04
1.165215200e-03 8.082924295e-04
1.169205150e-03 8.098507362e-04
1.169914650e-03 8.101197005e-04
1.174079050e-03 8.116478583e-04
1.178708120e-03 8.132525353e-04
1.183282900e-03 8.148538227e-04
1.183328670e-03 8.148695212e-04
1.183462230e-03 8.149243982e-04
1.191927860e-03 8.182288812e-04
1.192035410e-03 8.182702969e-04
1.194208570e-03 8.191023338e-04
1.194993740e-03 8.193973420e-04
1.197031220e-03 8.201495969e-04
1.201756300e-03 8.219781227e-04
1.201845690e-03 8.220121328e-04
1.208831710e-03 8.245705256e-04
1.214155240e-03 8.263596663e-04
1.215707410e-03 8.268546914e-04
1.228215070e-03 8.313660494e-04
1.228727730e-03 8.315348049e-04
1.229784670e-03 8.318790182e-04
1.230008560e-03 8.319598220e-04
1.230269000e-03 8.320551795e-04
1.239153370e-03 8.351541616e-04
1.240571570e-03 8.356413407e-04
1.242956290e-03 8.365731812e-04
1.250915050e-03 8.394959379e-04
1.254936570e-03 8.408605168e-04
1.255307380e-03 8.409929538e-04
1.257115170e-03 8.416350322e-04
1.258925000e-03 8.422626963e-04
1.259552840e-03 8.424801197e-04
1.265400510e-03 8.447635679e-04
1.266193390e-03 8.450618682e-04
1.273503000e-03 8.477030478e-04
1.274137500e-03 8.479209176e-04
1.281085690e-03 8.503928688e-04
1.288250000e-03 8.527092925e-04
1.288570670e-03 8.528109253e-04
1.293823360e-03 8.547787708e-04
1.293823440e-03 8.547787994e-04
1.295686490e-03 8.554531882e-04
1.300356940e-03 8.571090217e-04
1.303491130e-03 8.581765700e-04
1.308805550e-03 8.600751892e-04
1.311869470e-03 8.611147474e-04
1.314940920e-03 8.621156855e-04
1.318257000e-03 8.631577536e-04
1.323960370e-03 8.651359605e-04
1.324139150e-03 8.651966045e-04
1.327060530e-03 8.661683276e-04
1.327866180e-03 8.664300798e-04
1.333521000e-03 8.681882944e-04
1.335201940e-03 8.687251491e-04
1.342963150e-03 8.710616614e-04
1.343242390e-03 8.711473599e-04
1.345569940e-03 8.718496932e-04
1.347265170e-03 8.723553778e-04
1.350025800e-03 8.731607448e-04
1.356331200e-03 8.752863271e-04
1.357376130e-03 8.756227352e-04
1.361947090e-03 8.770398841e-04
1.364582770e-03 8.778232863e-04
1.372036870e-03 8.801149921e-04
1.374353820e-03 8.807800886e-04
1.378079690e-03 8.820537492e-04
1.378647410e-03 8.822430136e-04
1.380384000e-03 8.828251004e-04
1.382850230e-03 8.836372965e-04
1.388353000e-03 8.853595280e-04
1.394037080e-03 8.871956366e-04
1.394619620e-03 8.873765891e-04
1.400000000e-03 8.889830123e-04
1.403072630e-03 8.898947863e-04
1.410768430e-03 8.920311244e-04
1.411670310e-03 8.922655200e-04
1.412538000e-03 8.925573637e-04
1.419802450e-03 8.949238158e-04
1.420963310e-03 8.952829648e-04
1.421960550e-03 8.955907206e-04
1.424786940e-03 8.964418465e-04
1.436242730e-03 9.000197279e-04
1.445440000e-03 9.025163562e-04
1.450000000e-03 9.036360860e-04
1.452178740e-03 9.042526066e-04
1.452432710e-03 9.043239084e-04
1.453784700e-03 9.047264317e-04
1.462177000e-03 9.071225257e-04
1.468503790e-03 9.089120528e-04
1.476039510e-03 9.108393935e-04
1.476981480e-03 9.110668904e-04
1.479249480e-03 9.116054708e-04
1.485507880e-03 9.133404212e-04
1.485508220e-03 9.133405107e-04
1.488986280e-03 9.142584383e-04
1.489789700e-03 9.144640000e-04
1.493041960e-03 9.153579458e-04
1.494083820e-03 9.156515549e-04
1.505144370e-03 9.185138356e-04
1.505326380e-03 9.185575272e-04
1.506227580e-03 9.188158473e-04
1.507142680e-03 9.190754389e-04
1.509754330e-03 9.198000152e-04
1.512567770e-03 9.205669434e-04
1.514378240e-03 9.210506826e-04
1.522572920e-03 9.232772655e-04
1.524242280e-03 9.237003692e-04
1.524594250e-03 9.237939060e-04
1.528520480e-03 9.248079490e-04
1.536225890e-03 9.271033981e-04
1.539450730e-03 9.280947607e-04
1.546867510e-03 9.302381378e-04
1.550000000e-03 9.311042246e-04
1.555727750e-03 9.326072485e-04
1.557276450e-03 9.329985846e-04
1.564135460e-03 9.346298467e-04
1.569973390e-03 9.358821791e-04
1.572269500e-03 9.364951011e-04
1.573742190e-03 9.369073741e-04
1.574581880e-03 9.371392718e-04
1.575220420e-03 9.373158327e-04
1.582247050e-03 9.393936077e-04
1.582908420e-03 9.395807838e-04
1.584893000e-03 9.401340204e-04
1.594777780e-03 9.427230874e-04
1.601237410e-03 9.442465302e-04
1.601799170e-03 9.443722322e-04
1.605114520e-03 9.452566510e-04
1.610181970e-03 9.466569855e-04
1.611491150e-03 9.470121495e-04
1.613244540e-03 9.474793692e-04
1.618541960e-03 9.488284592e-04
1.621810000e-03 9.496234047e-04
1.624707220e-03 9.503240450e-04
1.626091180e-03 9.506523886e-04
1.627906820e-03 9.511675175e-04
1.630151160e-03 9.518452971e-04
1.640590000e-03 9.547897255e-04
1.643520650e-03 9.555531416e-04
1.652315580e-03 9.576742682e-04
1.655412480e-03 9.583665696e-04
1.659586740e-03 9.592746540e-04
1.659587000e-03 9.592747163e-04
1.662703520e-03 9.599757825e-04
1.663221670e-03 9.601044784e-04
1.666767600e-03 9.611811850e-04
1.670657820e-03 9.623189862e-04
1.678107490e-03 9.643915000e-04
1.686067750e-03 9.664326379e-04
1.690003510e-03 9.673684867e-04
1.690015420e-03 9.673712481e-04
1.690167230e-03 9.674064101e-04
1.698244000e-03 9.692069494e-04
1.701200000e-03 9.698627616e-04
1.709584780e-03 9.718681637e-04
1.710623100e-03 9.721013124e-04
1.716711290e-03 9.733998155e-04
1.717552170e-03 9.735738478e-04
1.717908000e-03 9.736478679e-04
1.717908110e-03 9.736478876e-04
1.722860400e-03 9.747637399e-04
1.725484100e-03 9.753958586e-04
1.728860850e-03 9.763571848e-04
1.730431100e-03 9.767931846e-04
1.737801000e-03 9.787437357e-04
1.748880050e-03 9.813687913e-04
1.755395250e-03 9.827381279e-04
1.757311070e-03 9.831203772e-04
1.757924000e-03 9.832438080e-04
1.761246010e-03 9.838981353e-04
1.766800790e-03 9.849159316e-04
1.768818370e-03 9.853231567e-04
1.775722250e-03 9.870299908e-04
1.778279000e-03 9.876269360e-04
1.781640240e-03 9.884393070e-04
1.785932380e-03 9.894300961e-04
1.786503350e-03 9.895579510e-04
1.788867020e-03 9.900836963e-04
1.798871000e-03 9.921561499e-04
1.800489970e-03 9.924685329e-04
1.802031790e-03 9.927934074e-04
1.806612480e-03 9.939159655e-04
1.809581530e-03 9.946127739e-04
1.823612210e-03 9.975622793e-04
1.824945970e-03 9.978129183e-04
1.826177750e-03 9.980457529e-04
1.827350490e-03 9.982908441e-04
1.837639750e-03 1.000740247e-03
1.844728660e-03 1.002276957e-03
1.847108950e-03 1.002761967e-03
1.848985680e-03 1.003178967e-03
1.862087000e-03 1.005860751e-03
1.865398220e-03 1.006461598e-03
1.865997080e-03 1.006583609e-03
1.870396190e-03 1.007685897e-03
1.871489910e-03 1.007952231e-03
1.876950340e-03 1.009264030e-03
1.883649000e-03 1.010779397e-03
1.891798920e-03 1.012460613e-03
1.895396900e-03 1.013145178e-03
1.900474180e-03 1.014063460e-03
1.905461000e-03 1.014986941e-03
1.906984170e-03 1.015345024e-03
1.907175240e-03 1.015389982e-03
1.910952900e-03 1.016274643e-03
1.917344710e-03 1.017688134e-03
1.918185490e-03 1.017866183e-03
1.930968230e-03 1.020341934e-03
1.934385070e-03 1.020938385e-03
1.935168280e-03 1.021073925e-03
1.938652940e-03 1.021657446e-03
1.941444880e-03 1.022160213e-03
1.941507480e-03 1.022174045e-03
1.941575480e-03 1.022190379e-03
1.952938390e-03 1.024757644e-03
1.953327860e-03 1.024840931e-03
1.956608320e-03 1.025527608e-03
1.962275560e-03 1.026650053e-03
1.968169830e-03 1.027729541e-03
1.973487780e-03 1.028766108e-03
1.975929420e-03 1.029311889e-03
1.985580830e-03 1.031372419e-03
1.994701530e-03 1.033135239e-03
1.999033150e-03 1.033899359e-03
2.000000000e-03 1.034063512e-03
2.001958840e-03 1.034392001e-03
2.004724540e-03 1.034972319e-03
2.008572700e-03 1.035839689e-03
2.018366000e-03 1.037887048e-03
2.020909880e-03 1.038388187e-03
2.023757350e-03 1.039013900e-03
2.027052500e-03 1.039714516e-03
2.031310160e-03 1.040581575e-03
2.041738000e-03 1.042545126e-03
2.045826640e-03 1.043250328e-03
2.048324440e-03 1.043661266e-03
2.050571620e-03 1.044017963e-03
2.052775120e-03 1.044363236e-03
2.061390310e-03 1.046060320e-03
2.065380000e-03 1.046872219e-03
2.070000000e-03 1.047766030e-03
2.079172790e-03 1.049520987e-03
2.079382630e-03 1.049559727e-03
2.080651630e-03 1.049792180e-03
2.083418030e-03 1.050286153e-03
2.087287000e-03 1.050959984e-03
2.091732030e-03 1.051702613e-03
2.092281880e-03 1.051812739e-03
2.110449550e-03 1.055472436e-03
2.113489000e-03 1.056010907e-03
2.121434130e-03 1.057319068e-03
2.129255500e-03 1.058783681e-03
2.130188110e-03 1.058967131e-03
2.130279620e-03 1.058985477e-03
2.139489380e-03 1.060755775e-03
2.147212350e-03 1.062299705e-03
2.150691440e-03 1.062953505e-03
2.158415870e-03 1.064309524e-03
2.163104230e-03 1.065085380e-03
2.166779930e-03 1.065666753e-03
2.169269370e-03 1.066164114e-03
2.174807640e-03 1.067250958e-03
2.177161400e-03 1.067741143e-03
2.187762000e-03 1.069805590e-03
2.203709280e-03 1.072733185e-03
2.213095000e-03 1.074199185e-03
2.213291900e-03 1.074234488e-03
2.216430690e-03 1.074794370e-03
2.222969920e-03 1.075912372e-03
2.225871340e-03 1.076379524e-03
2.227204100e-03 1.076613759e-03
2.229239740e-03 1.076965058e-03
2.244969570e-03 1.079476022e-03
2.254888420e-03 1.081032179e-03
2.259761180e-03 1.081916407e-03
2.260962860e-03 1.082146959e-03
2.264644000e-03 1.082846612e-03
2.268924360e-03 1.083632277e-03
2.278768430e-03 1.085300584e-03
2.289837780e-03 1.086936777e-03
2.290868000e-03 1.087097328e-03
2.292104590e-03 1.087291597e-03
2.300726620e-03 1.088859516e-03
2.300779260e-03 1.088868649e-03
2.317395000e-03 1.091498589e-03
2.321534550e-03 1.092144732e-03
2.324870510e-03 1.092640717e-03
2.325172260e-03 1.092684561e-03
2.327421640e-03 1.093102905e-03
2.329444330e-03 1.093477449e-03
2.332870290e-03 1.094106810e-03
2.343438280e-03 1.095926698e-03
2.359884220e-03 1.098704942e-03
2.361562220e-03 1.098965610e-03
2.384192730e-03 1.101940838e-03
2.384460450e-03 1.101982633e-03
2.387193280e-03 1.102447912e-03
2.390110360e-03 1.102929627e-03
2.398833000e-03 1.104294041e-03
2.398833180e-03 1.104294068e-03
2.400000000e-03 1.104495098e-03
2.415697640e-03 1.106987467e-03
2.417787020e-03 1.107321002e-03
2.429439180e-03 1.109084480e-03
2.433960220e-03 1.109858949e-03
2.437109310e-03 1.110381861e-03
2.448695820e-03 1.112152239e-03
2.454709000e-03 1.112987083e-03
2.461784510e-03 1.113882909e-03
2.462144570e-03 1.113932688e-03
2.463322370e-03 1.114097864e-03
2.463936630e-03 1.114195926e-03
2.467374760e-03 1.114858534e-03
2.471101750e-03 1.115560588e-03
2.492114470e-03 1.119068143e-03
2.495945980e-03 1.119634736e-03
2.501233830e-03 1.120392073e-03
2.504667170e-03 1.120857568e-03
2.510079780e-03 1.121548580e-03
2.511886000e-03 1.121802988e-03
2.516603440e-03 1.122508944e-03
2.518358640e-03 1.122837800e-03
2.527900660e-03 1.124555896e-03
2.547520150e-03 1.127605197e-03
2.549213920e-03 1.127844224e-03
2.551966280e-03 1.128222508e-03
2.569957810e-03 1.130656669e-03
2.570396000e-03 1.130710413e-03
2.575253530e-03 1.131435344e-03
2.584304940e-03 1.132681715e-03
2.587560790e-03 1.133173589e-03
2.600160000e-03 1.135161759e-03
2.611349390e-03 1.136735029e-03
2.611409820e-03 1.136742968e-03
2.615170630e-03 1.137230913e-03
2.629085630e-03 1.139293068e-03
2.629931880e-03 1.139408357e-03
2.638752910e-03 1.140571985e-03
2.641648690e-03 1.140926340e-03
2.647833400e-03 1.141654982e-03
2.651049960e-03 1.142014810e-03
2.654987760e-03 1.142518406e-03
2.660725000e-03 1.143370307e-03
2.678493990e-03 1.145983425e-03
2.680398330e-03 1.146240802e-03
2.690324740e-03 1.147490430e-03
2.690627450e-03 1.147536770e-03
2.699687060e-03 1.148858839e-03
2.712801350e-03 1.150757167e-03
2.722527380e-03 1.152012009e-03
2.722701000e-03 1.152033827e-03
2.736749580e-03 1.153642960e-03
2.737727360e-03 1.153759625e-03
2.744214150e-03 1.154496332e-03
2.746312820e-03 1.154729336e-03
2.753299920e-03 1.155623093e-03
2.762167150e-03 1.156999623e-03
2.762571290e-03 1.157059680e-03
2.793299540e-03 1.160951236e-03
2.794560350e-03 1.161105044e-03
2.797169030e-03 1.161423881e-03
2.800497060e-03 1.161816366e-03
2.801496820e-03 1.161932692e-03
2.809927640e-03 1.163098603e-03
2.812305620e-03 1.163408979e-03
2.818383000e-03 1.164273462e-03
2.828159320e-03 1.165576959e-03
2.832925230e-03 1.166162593e-03
2.838197370e-03 1.166788542e-03
2.851018000e-03 1.168528592e-03
2.858364180e-03 1.169527705e-03
2.862838810e-03 1.170107376e-03
2.875742570e-03 1.171863533e-03
2.883220790e-03 1.172791348e-03
2.884032000e-03 1.172887406e-03
2.891462340e-03 1.173723918e-03
2.894151630e-03 1.174017434e-03
2.904858370e-03 1.175467783e-03
2.917427000e-03 1.177180757e-03
2.925219250e-03 1.178142393e-03
2.926889010e-03 1.178337732e-03
2.940346210e-03 1.179811222e-03
2.942727680e-03 1.180099616e-03
2.951209000e-03 1.181063907e-03
2.952802090e-03 1.181277701e-03
2.957119080e-03 1.181903071e-03
2.963978140e-03 1.182847148e-03
2.995065490e-03 1.186370690e-03
2.995401510e-03 1.186401547e-03
2.998299180e-03 1.186713903e-03
3.005319290e-03 1.187633610e-03
3.005622270e-03 1.187672403e-03
3.018593860e-03 1.189222411e-03
3.019952000e-03 1.189376602e-03
3.040119040e-03 1.191754020e-03
3.054921000e-03 1.193710653e-03
3.071434640e-03 1.195562373e-03
3.079058630e-03 1.196450534e-03
3.088906460e-03 1.197506666e-03
3.089253220e-03 1.197541636e-03
3.103666120e-03 1.198894344e-03
3.114712250e-03 1.199747000e-03
3.117094980e-03 1.200007548e-03
3.129723370e-03 1.201582701e-03
3.135548070e-03 1.202328766e-03
3.143331060e-03 1.203272464e-03
3.146955700e-03 1.203696754e-03
3.161211720e-03 1.205209793e-03
3.171855810e-03 1.206174409e-03
3.174164700e-03 1.206434342e-03
3.178594230e-03 1.206982978e-03
3.185329100e-03 1.207782592e-03
3.191997420e-03 1.208521316e-03
3.215400430e-03 1.211121271e-03
3.216549230e-03 1.211267895e-03
3.219289480e-03 1.211611944e-03
3.226227950e-03 1.212445211e-03
3.242012730e-03 1.214183035e-03
3.244274050e-03 1.214448807e-03
3.249353070e-03 1.215033548e-03
3.279593670e-03 1.218485872e-03
3.281840790e-03 1.218700281e-03
3.301377070e-03 1.221048886e-03
3.311311000e-03 1.222078406e-03
3.325561970e-03 1.223593497e-03
3.337324690e-03 1.224670279e-03
3.349654000e-03 1.225917636e-03
3.360460550e-03 1.227170100e-03
3.364147090e-03 1.227568530e-03
3.373843850e-03 1.228557564e-03
3.388442000e-03 1.230118571e-03
3.403101930e-03 1.231450536e-03
3.411069780e-03 1.232093865e-03
3.412910900e-03 1.232235435e-03
3.413496270e-03 1.232296276e-03
3.427678000e-03 1.233658894e-03
3.429528060e-03 1.233843574e-03
3.450567990e-03 1.235954897e-03
3.467368930e-03 1.237350300e-03
3.467369000e-03 1.237350304e-03
3.469239850e-03 1.237487163e-03
3.479005130e-03 1.238378379e-03
3.486131300e-03 1.239042900e-03
3.487386000e-03 1.239159175e-03
3.494764800e-03 1.239967446e-03
3.519289800e-03 1.242292975e-03
3.522695130e-03 1.242637319e-03
3.522882750e-03 1.242655979e-03
3.535232200e-03 1.243975732e-03
3.537936640e-03 1.244253792e-03
3.558880980e-03 1.246156298e-03
3.563675460e-03 1.246534388e-03
3.571829180e-03 1.247336759e-03
3.572792640e-03 1.247427285e-03
3.594388550e-03 1.249270589e-03
3.600090840e-03 1.249815033e-03
3.600860510e-03 1.249888071e-03
3.601004360e-03 1.249901690e-03
3.607738890e-03 1.250619099e-03
3.615383320e-03 1.251390662e-03
3.639199500e-03 1.253425566e-03
3.642701610e-03 1.253687332e-03
3.649514530e-03 1.254359119e-03
3.653928630e-03 1.254782537e-03
3.660730370e-03 1.255399002e-03
3.676789560e-03 1.256930001e-03
3.682286260e-03 1.257495688e-03
3.703119160e-03 1.259414264e-03
3.713682150e-03 1.260453344e-03
3.722374400e-03 1.261231478e-03
3.724925160e-03 1.261446652e-03
3.739827650e-03 1.262628198e-03
3.741131230e-03 1.262746076e-03
3.749089030e-03 1.263460328e-03
3.752181880e-03 1.263790590e-03
3.758374000e-03 1.264541167e-03
3.774548830e-03 1.266359722e-03
3.800612170e-03 1.268796833e-03
3.801894000e-03 1.268900856e-03
3.814159000e-03 1.269845837e-03
3.818343490e-03 1.270136740e-03
3.819116020e-03 1.270189614e-03
3.836417010e-03 1.271686205e-03
3.845918000e-03 1.272610024e-03
3.862557940e-03 1.274294521e-03
3.867142470e-03 1.274726958e-03
3.871601220e-03 1.275130669e-03
3.874354990e-03 1.275375523e-03
3.890451000e-03 1.276674719e-03
3.916432410e-03 1.278822395e-03
3.918546630e-03 1.278977168e-03
3.935501000e-03 1.280355722e-03
3.963920650e-03 1.282462094e-03
3.966595910e-03 1.282689716e-03
3.969127950e-03 1.282903910e-03
3.983220920e-03 1.283999302e-03
3.998296770e-03 1.285150661e-03
4.004054860e-03 1.285539526e-03
4.012527140e-03 1.286244793e-03
4.029343830e-03 1.287521337e-03
4.039368420e-03 1.288381106e-03
4.040685940e-03 1.288489619e-03
4.048962620e-03 1.289217982e-03
4.054064460e-03 1.289659003e-03
4.065018370e-03 1.290534774e-03
4.073803000e-03 1.291166068e-03
4.086142370e-03 1.291945668e-03
4.087474280e-03 1.292025364e-03
4.091647500e-03 1.292341223e-03
4.094822640e-03 1.292609928e-03
4.103498890e-03 1.293314304e-03
4.119122370e-03 1.294429967e-03
4.126910060e-03 1.294911833e-03
4.139025950e-03 1.295859926e-03
4.142238750e-03 1.296164372e-03
4.144766000e-03 1.296404592e-03
4.147248240e-03 1.296636286e-03
4.149615220e-03 1.296852997e-03
4.167053750e-03 1.298366591e-03
4.179434650e-03 1.299297594e-03
4.182381660e-03 1.299505975e-03
4.209451020e-03 1.301459272e-03
4.221518950e-03 1.302144176e-03
4.224934950e-03 1.302379088e-03
4.226743310e-03 1.302499917e-03
4.227830580e-03 1.302574651e-03
4.230810780e-03 1.302783606e-03
4.251750280e-03 1.304586465e-03
4.265795000e-03 1.305747613e-03
4.271938620e-03 1.306215477e-03
4.284153500e-03 1.307063882e-03
4.284686840e-03 1.307098375e-03
4.293896260e-03 1.307660085e-03
4.300982660e-03 1.308184113e-03
4.304530750e-03 1.308497470e-03
4.315191000e-03 1.309492068e-03
4.329111480e-03 1.310695647e-03
4.333861100e-03 1.311074501e-03
4.341994850e-03 1.311694209e-03
4.345131670e-03 1.311920384e-03
4.354374310e-03 1.312578637e-03
4.369872280e-03 1.313839535e-03
4.384045160e-03 1.314843583e-03
4.384932490e-03 1.314903469e-03
4.385478320e-03 1.314946539e-03
4.394309270e-03 1.315614074e-03
4.397434600e-03 1.315841300e-03
4.404795530e-03 1.316349251e-03
4.435707080e-03 1.318777209e-03
4.444793090e-03 1.319568391e-03
4.445193190e-03 1.319602006e-03
4.451521380e-03 1.320135848e-03
4.466836000e-03 1.321314077e-03
4.502129390e-03 1.323816443e-03
4.518559000e-03 1.324708906e-03
4.544645470e-03 1.326572908e-03
4.551190390e-03 1.327035609e-03
4.554261640e-03 1.327250053e-03
4.559589620e-03 1.327622573e-03
4.564308160e-03 1.327937538e-03
4.584727070e-03 1.329126301e-03
4.597269460e-03 1.329728186e-03
4.610520520e-03 1.330535649e-03
4.613839790e-03 1.330794699e-03
4.626306210e-03 1.331815234e-03
4.637815620e-03 1.332703119e-03
4.647668280e-03 1.333416289e-03
4.651339990e-03 1.333670262e-03
4.675248500e-03 1.335109045e-03
4.677351000e-03 1.335240724e-03
4.692520840e-03 1.336107055e-03
4.701485550e-03 1.336722295e-03
4.728853070e-03 1.338341981e-03
4.729651210e-03 1.338381948e-03
4.738326270e-03 1.338789870e-03
4.743703940e-03 1.339149965e-03
4.760754360e-03 1.340194606e-03
4.765466600e-03 1.340466581e-03
4.765680950e-03 1.340482183e-03
4.777772620e-03 1.341318052e-03
4.784686950e-03 1.341755543e-03
4.797735920e-03 1.342658892e-03
4.798633090e-03 1.342717185e-03
4.830223740e-03 1.344534376e-03
4.841724000e-03 1.345279342e-03
4.844336930e-03 1.345439934e-03
4.846951950e-03 1.345597001e-03
4.858830990e-03 1.346475374e-03
4.863166200e-03 1.346775124e-03
4.864148470e-03 1.346841544e-03
4.868443680e-03 1.347140336e-03
4.897788000e-03 1.349149800e-03
4.912927050e-03 1.350013408e-03
4.926063780e-03 1.350650474e-03
4.928211500e-03 1.350746948e-03
4.930052320e-03 1.350827453e-03
4.932222010e-03 1.350961293e-03
4.945673330e-03 1.351853939e-03
4.960754920e-03 1.353075003e-03
4.977565780e-03 1.354284580e-03
4.983104370e-03 1.354647889e-03
4.985121530e-03 1.354779982e-03
5.001065370e-03 1.355745003e-03
5.023465170e-03 1.356871163e-03
5.029459500e-03 1.357147749e-03
5.034067820e-03 1.357396371e-03
5.045576800e-03 1.358156549e-03
5.052525460e-03 1.358579568e-03
5.057381880e-03 1.358859187e-03
5.058974420e-03 1.358984618e-03
5.067627920e-03 1.359657456e-03
5.093388540e-03 1.361447903e-03
5.101398950e-03 1.361931163e-03
5.110143630e-03 1.362569933e-03
5.126307710e-03 1.363641575e-03
5.128614000e-03 1.363787910e-03
5.159110410e-03 1.365724520e-03
5.176129100e-03 1.366583522e-03
5.186251210e-03 1.367019605e-03
5.188000000e-03 1.367091381e-03
5.204087940e-03 1.367932811e-03
5.210447350e-03 1.368356654e-03
5.230207500e-03 1.369537445e-03
5.233441730e-03 1.369743405e-03
5.246304570e-03 1.370508144e-03
5.277037380e-03 1.372052759e-03
5.278371680e-03 1.372109550e-03
5.285973400e-03 1.372579998e-03
5.288351600e-03 1.372726595e-03
5.302766910e-03 1.373552785e-03
5.308844000e-03 1.373869745e-03
5.320751310e-03 1.374639078e-03
5.338141980e-03 1.375783023e-03
5.346168430e-03 1.376273514e-03
5.362444380e-03 1.377182992e-03
5.373216670e-03 1.377710217e-03
5.401262050e-03 1.378882188e-03
5.408073510e-03 1.379154897e-03
5.409099480e-03 1.379195788e-03
5.423661010e-03 1.379717301e-03
5.432503000e-03 1.380158433e-03
5.432848870e-03 1.380174929e-03
5.440326550e-03 1.380516990e-03
5.451566770e-03 1.381252645e-03
5.472707650e-03 1.382493612e-03
5.498374900e-03 1.383941618e-03
5.499692360e-03 1.384007247e-03
5.514692280e-03 1.384694207e-03
5.526161080e-03 1.385168980e-03
5.529371480e-03 1.385345324e-03
5.535093670e-03 1.385666300e-03
5.559043000e-03 1.386841039e-03
5.563104850e-03 1.387015930e-03
5.565045500e-03 1.387096689e-03
5.577698760e-03 1.387807910e-03
5.600018990e-03 1.388876075e-03
5.617436430e-03 1.389719803e-03
5.623217950e-03 1.390052974e-03
5.623413000e-03 1.390063949e-03
5.626448520e-03 1.390237360e-03
5.648045330e-03 1.391350802e-03
5.649458590e-03 1.391416027e-03
5.655877980e-03 1.391716240e-03
5.660457480e-03 1.391922874e-03
5.680163780e-03 1.393076413e-03
5.697442330e-03 1.393941092e-03
5.698538220e-03 1.393999389e-03
5.710326000e-03 1.394741164e-03
5.721369300e-03 1.395379604e-03
5.734074130e-03 1.396068743e-03
5.741232370e-03 1.396424934e-03
5.741991280e-03 1.396463293e-03
5.765384690e-03 1.397535757e-03
5.770462210e-03 1.397735382e-03
5.771620490e-03 1.397797450e-03
5.789962560e-03 1.398842701e-03
5.806651350e-03 1.399667257e-03
5.808479780e-03 1.399791692e-03
5.818415270e-03 1.400458265e-03
5.836538930e-03 1.401583519e-03
5.863017870e-03 1.402971988e-03
5.881695920e-03 1.403765828e-03
5.884702460e-03 1.403888426e-03
5.885788740e-03 1.403941625e-03
5.898520440e-03 1.404551330e-03
5.915709090e-03 1.405561886e-03
5.927696510e-03 1.406194266e-03
5.937326250e-03 1.406657964e-03
5.954612970e-03 1.407389965e-03
5.956621000e-03 1.407468822e-03
5.993674940e-03 1.409126824e-03
5.996425670e-03 1.409226394e-03
6.000000000e-03 1.409396285e-03
6.008626540e-03 1.409848106e-03
6.011807970e-03 1.410006994e-03
6.023563570e-03 1.410559331e-03
6.025596000e-03 1.410653249e-03
6.058849390e-03 1.412010113e-03
6.060381570e-03 1.412062573e-03
6.070919570e-03 1.412622499e-03
6.079202250e-03 1.413140441e-03
6.080346190e-03 1.413209858e-03
6.116734070e-03 1.415144239e-03
6.129007020e-03 1.415777579e-03
6.138222410e-03 1.416227560e-03
6.139560230e-03 1.416291186e-03
6.143802770e-03 1.416497950e-03
6.158891240e-03 1.417174821e-03
6.165950000e-03 1.417461174e-03
6.184399190e-03 1.418113420e-03
6.209299170e-03 1.419162385e-03
6.220737930e-03 1.419578796e-03
6.241045690e-03 1.420331910e-03
6.246330650e-03 1.420515884e-03
6.250827290e-03 1.420771623e-03
6.256449470e-03 1.421080609e-03
6.259235840e-03 1.421229350e-03
6.300000000e-03 1.423103446e-03
6.309573000e-03 1.423570466e-03
6.313190910e-03 1.423738334e-03
6.331460580e-03 1.424620826e-03
6.331713900e-03 1.424632170e-03
6.342287850e-03 1.425103969e-03
6.382635000e-03 1.426507422e-03
6.389527160e-03 1.426688613e-03
6.395213730e-03 1.426925414e-03
6.407438620e-03 1.427485703e-03
6.407998680e-03 1.427510043e-03
6.420191450e-03 1.428010793e-03
6.422698450e-03 1.428143435e-03
6.437985150e-03 1.428952253e-03
6.456542000e-03 1.429821917e-03
6.480593250e-03 1.430793463e-03
6.493816410e-03 1.431235478e-03
6.499074770e-03 1.431397258e-03
6.506421760e-03 1.431743457e-03
6.527238470e-03 1.432618145e-03
6.541326210e-03 1.433296703e-03
6.544000000e-03 1.433439742e-03
6.544000000e-03 1.157022357e-02
