5.990000000e-06 1.564000000e-03 1217
1217
5.990000000e-06 2.619599579e-09
6.000000000e-06 2.621187950e-09
6.025596000e-06 2.624523211e-09
6.085648570e-06 2.630154947e-09
6.112938270e-06 2.633253773e-09
6.216419270e-06 2.642825439e-09
6.246331230e-06 2.645995350e-09
6.350000000e-06 2.655401868e-09
6.382635000e-06 2.657315767e-09
6.435747480e-06 2.659732045e-09
6.539392520e-06 2.663951104e-09
6.566544610e-06 2.664783126e-09
6.700000000e-06 2.669679460e-09
6.792913820e-06 2.669041247e-09
6.848357470e-06 2.668795262e-09
6.934706060e-06 2.667194724e-09
7.000000000e-06 2.666853634e-09
7.079458000e-06 2.664239548e-09
7.172865540e-06 2.658962921e-09
7.244359480e-06 2.653767902e-09
7.350000000e-06 2.647852395e-09
7.413102000e-06 2.642307825e-09
7.522964850e-06 2.631235666e-09
7.585775460e-06 2.623788115e-09
7.700000000e-06 2.612597194e-09
7.762471000e-06 2.603859998e-09
7.798108960e-06 2.598695361e-09
7.852356190e-06 2.590762817e-09
7.947621190e-06 2.577090566e-09
7.989139260e-06 2.570711183e-09
8.100000000e-06 2.555058484e-09
8.128305000e-06 2.550155464e-09
8.198199750e-06 2.537196922e-09
8.222426290e-06 2.532647420e-09
8.347736100e-06 2.509851051e-09
8.365655670e-06 2.506390406e-09
8.500000000e-06 2.482542173e-09
8.511380000e-06 2.480259202e-09
8.609937150e-06 2.459228887e-09
8.673234700e-06 2.445980416e-09
8.759916800e-06 2.427303733e-09
8.850000000e-06 2.408862995e-09
8.912509000e-06 2.394356177e-09
8.942469140e-06 2.387226491e-09
9.015711090e-06 2.369461395e-09
9.070000000e-06 2.357152669e-09
9.070000000e-06 3.006625086e-09
9.082987550e-06 2.993097315e-09
9.102223350e-06 2.973212217e-09
9.133548890e-06 2.941639481e-09
9.163998310e-06 2.911449739e-09
9.172759210e-06 2.902985745e-09
9.193592990e-06 2.883719435e-09
9.222353970e-06 2.857644088e-09
9.225714000e-06 2.854678801e-09
9.250301970e-06 2.832855769e-09
9.304692450e-06 2.785513325e-09
9.317894720e-06 2.774474523e-09
9.332543000e-06 2.762344523e-09
9.355973950e-06 2.742984166e-09
9.404307000e-06 2.704313765e-09
9.440608710e-06 2.675779181e-09
9.449845990e-06 2.668776981e-09
9.457895610e-06 2.662980407e-09
9.492739040e-06 2.638138932e-09
9.533128080e-06 2.609745215e-09
9.571148860e-06 2.583195052e-09
9.600000000e-06 2.563213477e-09
9.605058060e-06 2.559686838e-09
9.606931040e-06 2.558480106e-09
9.640598330e-06 2.537311388e-09
9.672268560e-06 2.517460357e-09
9.698474430e-06 2.501094327e-09
9.702053880e-06 2.498896635e-09
9.758148780e-06 2.465002428e-09
9.772372000e-06 2.456562507e-09
9.807497810e-06 2.435841709e-09
9.848083290e-06 2.412047074e-09
9.850882900e-06 2.410434679e-09
9.877568180e-06 2.395448876e-09
9.889002260e-06 2.389384377e-09
9.922477690e-06 2.371834189e-09
9.981332580e-06 2.340748257e-09
1.000000000e-05 2.330924810e-09
1.002570280e-05 2.317462555e-09
1.003748960e-05 2.311370120e-09
1.005910980e-05 2.301080713e-09
1.010942910e-05 2.277044619e-09
1.016000000e-05 2.252523825e-09
1.017419290e-05 2.245636199e-09
1.020000000e-05 2.233543972e-09
1.024987810e-05 2.209849382e-09
1.029856220e-05 2.186429181e-09
1.030000000e-05 2.185772530e-09
1.034987930e-05 2.162662233e-09
1.035142000e-05 2.161957939e-09
1.040000000e-05 2.140031600e-09
1.043558420e-05 2.123411511e-09
1.044819410e-05 2.117537151e-09
1.047129000e-05 2.107593966e-09
1.051057140e-05 2.090257781e-09
1.053173460e-05 2.080913738e-09
1.055000000e-05 2.073167675e-09
1.058494220e-05 2.058092206e-09
1.060000000e-05 2.051604179e-09
1.062000000e-05 2.043175981e-09
1.064497070e-05 2.032454062e-09
1.067000000e-05 2.021635243e-09
1.069497080e-05 2.010617896e-09
1.069861530e-05 2.009016519e-09
1.071519000e-05 2.002241583e-09
1.072000000e-05 2.000312443e-09
1.074497100e-05 1.990203808e-09
1.077000000e-05 1.980005065e-09
1.079497110e-05 1.969615911e-09
1.082000000e-05 1.959130714e-09
1.083438880e-05 1.953006108e-09
1.084497120e-05 1.948666944e-09
1.084826110e-05 1.947334081e-09
1.087000000e-05 1.939307450e-09
1.089497140e-05 1.929896834e-09
1.092000000e-05 1.920405052e-09
1.094497150e-05 1.910731217e-09
1.097000000e-05 1.900970555e-09
1.099995910e-05 1.889013057e-09
1.100000000e-05 1.888996834e-09
1.101567770e-05 1.883023543e-09
1.103000000e-05 1.877832131e-09
1.105497180e-05 1.868638312e-09
1.108000000e-05 1.859362520e-09
1.109998200e-05 1.851812641e-09
1.112000000e-05 1.844207118e-09
1.112292420e-05 1.843086411e-09
1.113998210e-05 1.837176667e-09
1.116000000e-05 1.830216478e-09
1.117998220e-05 1.823144716e-09
1.120000000e-05 1.816022310e-09
1.121748640e-05 1.809877967e-09
1.123500000e-05 1.803694872e-09
1.125248640e-05 1.797425568e-09
1.127000000e-05 1.791115716e-09
1.128998230e-05 1.783798689e-09
1.130989080e-05 1.776466731e-09
1.131000000e-05 1.776431240e-09
1.131084370e-05 1.776157635e-09
1.133003730e-05 1.770211476e-09
1.135011000e-05 1.763964223e-09
1.136754170e-05 1.758445147e-09
1.138500000e-05 1.752892036e-09
1.139749320e-05 1.748864205e-09
1.141000000e-05 1.744818084e-09
1.142249320e-05 1.740731469e-09
1.143500000e-05 1.736625837e-09
1.144999020e-05 1.731644482e-09
1.146500000e-05 1.726634618e-09
1.147749320e-05 1.722414352e-09
1.147916940e-05 1.721849000e-09
1.149000000e-05 1.718398089e-09
1.150000000e-05 1.715183815e-09
1.150499030e-05 1.713675649e-09
1.152000000e-05 1.709143577e-09
1.153099480e-05 1.705784581e-09
1.154200000e-05 1.702411409e-09
1.155099650e-05 1.699629389e-09
1.156000000e-05 1.696837517e-09
1.157249330e-05 1.692926715e-09
1.158500000e-05 1.688996146e-09
1.159599480e-05 1.685505445e-09
1.160700000e-05 1.681998723e-09
1.161849440e-05 1.678300777e-09
1.162849050e-05 1.675074498e-09
1.163000000e-05 1.674625484e-09
1.163999580e-05 1.671639595e-09
1.165000000e-05 1.668640895e-09
1.165999580e-05 1.665717382e-09
1.167000000e-05 1.662781005e-09
1.167999580e-05 1.659822246e-09
1.169000000e-05 1.656849902e-09
1.169999580e-05 1.653855579e-09
1.171000000e-05 1.650846875e-09
1.171999580e-05 1.647816503e-09
1.172579970e-05 1.646053227e-09
1.173000000e-05 1.644888507e-09
1.173999580e-05 1.642102923e-09
1.175000000e-05 1.639302633e-09
1.175749770e-05 1.637189740e-09
1.176500000e-05 1.635068034e-09
1.177249770e-05 1.632935956e-09
1.177590920e-05 1.631964154e-09
1.178000000e-05 1.630869856e-09
1.178686110e-05 1.629027414e-09
1.179286780e-05 1.627408856e-09
1.179812620e-05 1.625987463e-09
1.180733390e-05 1.623487982e-09
1.181424450e-05 1.621602814e-09
1.181943000e-05 1.620182811e-09
1.182721250e-05 1.618042590e-09
1.183500000e-05 1.615889743e-09
1.184249770e-05 1.613808840e-09
1.185000000e-05 1.611715164e-09
1.186000000e-05 1.608910555e-09
1.187000000e-05 1.606088600e-09
1.187329230e-05 1.605156365e-09
1.187700000e-05 1.604223951e-09
1.188502000e-05 1.602200962e-09
1.189200000e-05 1.600431992e-09
1.190000000e-05 1.598394902e-09
1.190700000e-05 1.596604000e-09
1.191300000e-05 1.595062647e-09
1.192000000e-05 1.593257026e-09
1.192700000e-05 1.591443456e-09
1.193300000e-05 1.589882580e-09
1.193900000e-05 1.588315793e-09
1.194600000e-05 1.586480391e-09
1.195200000e-05 1.584900747e-09
1.196000000e-05 1.582785268e-09
1.196700000e-05 1.580925484e-09
1.196732880e-05 1.580838018e-09
1.197300000e-05 1.579445730e-09
1.198100000e-05 1.577473251e-09
1.198900000e-05 1.575490693e-09
1.200000000e-05 1.572748051e-09
1.200749770e-05 1.570868460e-09
1.201500000e-05 1.568976966e-09
1.202123870e-05 1.567398564e-09
1.202264000e-05 1.567043312e-09
1.202670030e-05 1.566079951e-09
1.203626390e-05 1.563800763e-09
1.204344160e-05 1.562080663e-09
1.204882760e-05 1.560784767e-09
1.205691120e-05 1.558831808e-09
1.206500000e-05 1.556868381e-09
1.207499590e-05 1.554425425e-09
1.208500000e-05 1.551967331e-09
1.209499590e-05 1.549492168e-09
1.210500000e-05 1.547002756e-09
1.211249770e-05 1.545123756e-09
1.212000000e-05 1.543237076e-09
1.212749770e-05 1.541339784e-09
1.213500000e-05 1.539435047e-09
1.214499590e-05 1.536878179e-09
1.215500000e-05 1.534308442e-09
1.216185580e-05 1.532534468e-09
1.216186000e-05 1.532533487e-09
1.216249770e-05 1.532391532e-09
1.217000000e-05 1.530722639e-09
1.218099510e-05 1.528255329e-09
1.219200000e-05 1.525775673e-09
1.220349460e-05 1.523157547e-09
1.221500000e-05 1.520526152e-09
1.222499600e-05 1.518215896e-09
1.223500000e-05 1.515895737e-09
1.224749370e-05 1.512966284e-09
1.226000000e-05 1.510021428e-09
1.226732450e-05 1.508279925e-09
1.227249370e-05 1.507182376e-09
1.228500000e-05 1.504526881e-09
1.229649470e-05 1.502055147e-09
1.230268760e-05 1.500722429e-09
1.230800000e-05 1.499641749e-09
1.231899510e-05 1.497385365e-09
1.233000000e-05 1.495119665e-09
1.234499090e-05 1.491989445e-09
1.236000000e-05 1.488841645e-09
1.237499100e-05 1.485646588e-09
1.239000000e-05 1.482433673e-09
1.240499100e-05 1.479172590e-09
1.240937740e-05 1.478219335e-09
1.242000000e-05 1.476036242e-09
1.242724490e-05 1.474531824e-09
1.243499100e-05 1.473153353e-09
1.245000000e-05 1.470483389e-09
1.246499100e-05 1.467768288e-09
1.248000000e-05 1.465039676e-09
1.249499100e-05 1.462264829e-09
1.251000000e-05 1.459475952e-09
1.254000000e-05 1.453791122e-09
1.255998410e-05 1.449918190e-09
1.257114930e-05 1.447752817e-09
1.258000000e-05 1.446156729e-09
1.258925000e-05 1.444467810e-09
1.259998420e-05 1.442680233e-09
1.262000000e-05 1.439348956e-09
1.263998420e-05 1.435937066e-09
1.266000000e-05 1.432503170e-09
1.267998430e-05 1.428987652e-09
1.270000000e-05 1.425448830e-09
1.272497550e-05 1.420909118e-09
1.273502840e-05 1.419084202e-09
1.273503000e-05 1.419083948e-09
1.275000000e-05 1.416826884e-09
1.277497560e-05 1.412953186e-09
1.280000000e-05 1.409049459e-09
1.282497570e-05 1.405020443e-09
1.284546890e-05 1.401702454e-09
1.285000000e-05 1.401069912e-09
1.288249390e-05 1.396459567e-09
1.290000000e-05 1.394111009e-09
1.293495270e-05 1.389291084e-09
1.297000000e-05 1.384420394e-09
1.299421140e-05 1.380904510e-09
1.300079850e-05 1.380011658e-09
1.301292800e-05 1.378397989e-09
1.303167000e-05 1.376393780e-09
1.306579040e-05 1.372564784e-09
1.310000000e-05 1.368700698e-09
1.314122020e-05 1.363742746e-09
1.316360660e-05 1.361057123e-09
1.318257000e-05 1.358993164e-09
1.322621280e-05 1.354884601e-09
1.327000000e-05 1.350730669e-09
1.330993990e-05 1.346628972e-09
1.333521000e-05 1.344036963e-09
1.335000000e-05 1.342589051e-09
1.337365260e-05 1.340210661e-09
1.342000000e-05 1.336575420e-09
1.345085410e-05 1.333997227e-09
1.346990730e-05 1.332515659e-09
1.351878010e-05 1.328778019e-09
1.352000000e-05 1.328704428e-09
1.356018110e-05 1.326165808e-09
1.360000000e-05 1.323943905e-09
1.362865830e-05 1.322292466e-09
1.370000000e-05 1.319213891e-09
1.376756990e-05 1.315942360e-09
1.379515220e-05 1.314858609e-09
1.381000000e-05 1.314585303e-09
1.392000000e-05 1.312127426e-09
1.395163530e-05 1.311261836e-09
1.396368000e-05 1.311049762e-09
1.405000000e-05 1.310775895e-09
1.410673420e-05 1.310155942e-09
1.411471010e-05 1.310182796e-09
1.412480090e-05 1.310309643e-09
1.420000000e-05 1.311496596e-09
1.423310830e-05 1.311813751e-09
1.425896340e-05 1.312379724e-09
1.434461400e-05 1.314653324e-09
1.435000000e-05 1.314875896e-09
1.438639390e-05 1.316346805e-09
1.449882940e-05 1.321201616e-09
1.450000000e-05 1.321258521e-09
1.454185500e-05 1.323236759e-09
1.465000000e-05 1.330018104e-09
1.469156360e-05 1.332440009e-09
1.469771000e-05 1.332876357e-09
1.480485550e-05 1.341242445e-09
1.484865870e-05 1.345156062e-09
1.485000000e-05 1.345283954e-09
1.496288670e-05 1.355668824e-09
1.497643360e-05 1.356979895e-09
1.500000000e-05 1.359640502e-09
1.513587840e-05 1.374405879e-09
1.515000000e-05 1.376025599e-09
1.522000000e-05 1.385357648e-09
1.528566680e-05 1.393847264e-09
1.531087000e-05 1.397442258e-09
1.540000000e-05 1.410984115e-09
1.545607390e-05 1.419244406e-09
1.549144830e-05 1.424695736e-09
1.566751000e-05 1.454610127e-09
1.567646570e-05 1.456083056e-09
1.570000000e-05 1.460152695e-09
1.582795240e-05 1.484812975e-09
1.590000000e-05 1.499501798e-09
1.602183870e-05 1.525174006e-09
1.615096940e-05 1.554171637e-09
1.620000000e-05 1.565629616e-09
1.621810000e-05 1.569730183e-09
1.640589770e-05 1.616227615e-09
1.640590000e-05 1.616228211e-09
1.650000000e-05 1.641746910e-09
1.659587000e-05 1.667176945e-09
1.659587020e-05 1.667177001e-09
1.678804000e-05 1.723210934e-09
1.678804240e-05 1.723211659e-09
1.680000000e-05 1.726943660e-09
1.698243460e-05 1.782647387e-09
1.698244000e-05 1.782649078e-09
1.717908000e-05 1.848263498e-09
1.717908650e-05 1.848265672e-09
1.737801000e-05 1.917065256e-09
1.750000000e-05 1.962303825e-09
1.757924000e-05 1.992862872e-09
1.771400000e-05 2.043685199e-09
1.785000000e-05 2.098195006e-09
1.800000000e-05 2.160938098e-09
1.819701000e-05 2.244967384e-09
1.830000000e-05 2.290652866e-09
1.850000000e-05 2.384198150e-09
1.862087000e-05 2.440536860e-09
1.885000000e-05 2.552757573e-09
1.905461000e-05 2.659971564e-09
1.920000000e-05 2.735306327e-09
1.950000000e-05 2.901220143e-09
1.980000000e-05 3.073381951e-09
2.000000000e-05 3.195496000e-09
2.020000000e-05 3.316426221e-09
2.055000000e-05 3.541747590e-09
2.070000000e-05 3.643870995e-09
2.090000000e-05 3.777909362e-09
2.104000000e-05 3.874483907e-09
2.130000000e-05 4.061294718e-09
2.137962000e-05 4.120136102e-09
2.150000000e-05 4.206936827e-09
2.170000000e-05 4.355823360e-09
2.199400000e-05 4.582845327e-09
2.213095000e-05 4.692559228e-09
2.250000000e-05 4.987444980e-09
2.270000000e-05 5.154282462e-09
2.300000000e-05 5.413435046e-09
2.317395000e-05 5.561948158e-09
2.344229000e-05 5.798706401e-09
2.400000000e-05 6.316506179e-09
2.426610000e-05 6.566351714e-09
2.516400000e-05 7.465919963e-09
2.540973000e-05 7.717491142e-09
2.580000000e-05 8.130260163e-09
2.630268000e-05 8.685623784e-09
2.770000000e-05 1.031139631e-08
2.800000000e-05 1.067426438e-08
2.818383000e-05 1.089987190e-08
2.917427000e-05 1.216995824e-08
2.951209000e-05 1.261148561e-08
2.985383000e-05 1.306644438e-08
3.090295000e-05 1.452758533e-08
3.150000000e-05 1.537487965e-08
3.235937000e-05 1.664527133e-08
3.273407000e-05 1.721533757e-08
3.311311000e-05 1.779036066e-08
3.402400000e-05 1.921482362e-08
3.467369000e-05 2.026340428e-08
3.570000000e-05 2.194596150e-08
3.650000000e-05 2.329890269e-08
3.672823000e-05 2.369146839e-08
3.758374000e-05 2.517052801e-08
3.850000000e-05 2.679124346e-08
3.900000000e-05 2.769350444e-08
3.950000000e-05 2.859985058e-08
4.027170000e-05 3.001187999e-08
4.168694000e-05 3.267021410e-08
4.220000000e-05 3.364266079e-08
4.365158000e-05 3.644160505e-08
4.450000000e-05 3.810098378e-08
4.466836000e-05 3.843163622e-08
4.570882000e-05 4.047690130e-08
4.630422530e-05 4.165108830e-08
4.677351000e-05 4.260162198e-08
4.800000000e-05 4.510177476e-08
4.900000000e-05 4.712239974e-08
4.971921160e-05 4.857859737e-08
5.011872000e-05 4.940967208e-08
5.150000000e-05 5.227705051e-08
5.308844000e-05 5.555525463e-08
5.350614120e-05 5.641211750e-08
5.432503000e-05 5.814452124e-08
5.559043000e-05 6.081085653e-08
5.623413000e-05 6.216364659e-08
5.754399000e-05 6.489021813e-08
5.787620180e-05 6.557636777e-08
5.956621000e-05 6.918111472e-08
6.025596000e-05 7.063375334e-08
6.095369000e-05 7.211165834e-08
6.130557490e-05 7.285176336e-08
6.294433940e-05 7.628018727e-08
6.309573000e-05 7.659419098e-08
6.309573290e-05 7.659419702e-08
6.493816010e-05 8.055716533e-08
6.500000000e-05 8.068967048e-08
6.606934000e-05 8.295740240e-08
6.683439000e-05 8.457492820e-08
6.705894050e-05 8.504524175e-08
6.780316580e-05 8.659841842e-08
6.918309570e-05 8.954851094e-08
6.918310000e-05 8.954852035e-08
7.048958870e-05 9.230905484e-08
7.161434000e-05 9.475801631e-08
7.161434060e-05 9.475801759e-08
7.328245000e-05 9.832743207e-08
7.413102000e-05 1.001341566e-07
7.455898590e-05 1.010343474e-07
7.555858080e-05 1.031421361e-07
7.700000000e-05 1.062803752e-07
7.700000000e-05 3.930139677e-07
7.717914840e-05 4.109000670e-07
7.722799150e-05 4.158163848e-07
7.725601580e-05 4.187510653e-07
7.744234650e-05 4.387620208e-07
7.749680360e-05 4.448669460e-07
7.762471000e-05 4.595413060e-07
7.764384470e-05 4.617480843e-07
7.772322380e-05 4.712362978e-07
7.783322540e-05 4.846828502e-07
7.793609340e-05 4.977403520e-07
7.801118930e-05 5.074759971e-07
7.813618820e-05 5.242636979e-07
7.817839990e-05 5.300466738e-07
7.832424350e-05 5.509734590e-07
7.849288650e-05 5.757592326e-07
7.850095650e-05 5.770120569e-07
7.866698700e-05 6.032581205e-07
7.876909970e-05 6.198373490e-07
7.897924100e-05 6.558133082e-07
7.901158360e-05 6.615168972e-07
7.910601540e-05 6.788706310e-07
7.922436920e-05 7.007987111e-07
7.925347990e-05 7.063999899e-07
7.941102670e-05 7.374696287e-07
7.949422000e-05 7.544907561e-07
7.957471260e-05 7.713211718e-07
7.970546730e-05 7.998901369e-07
7.986197530e-05 8.349138915e-07
7.989076920e-05 8.416683360e-07
8.007810260e-05 8.867488843e-07
8.021608450e-05 9.218341423e-07
8.035261000e-05 9.575856346e-07
8.035261280e-05 9.575863728e-07
8.040339070e-05 9.709707716e-07
8.046094010e-05 9.870198096e-07
8.064507210e-05 1.039570206e-06
8.073000000e-05 1.064440504e-06
8.092206040e-05 1.123686120e-06
8.093972760e-05 1.129284950e-06
8.115000000e-05 1.198712282e-06
8.120000000e-05 1.215394466e-06
8.139975430e-05 1.283765482e-06
8.145000000e-05 1.301367641e-06
8.160000000e-05 1.354231141e-06
8.175000000e-05 1.407710366e-06
8.190000000e-05 1.461711235e-06
8.205000000e-05 1.515906617e-06
8.209975640e-05 1.533886098e-06
8.230000000e-05 1.607782475e-06
8.235000000e-05 1.626220320e-06
8.260000000e-05 1.718706143e-06
8.265000000e-05 1.737375866e-06
8.282000000e-05 1.800481213e-06
8.290000000e-05 1.830423904e-06
8.300000000e-05 1.867825448e-06
8.317638000e-05 1.933084410e-06
8.330000000e-05 1.979260677e-06
8.340000000e-05 2.016507922e-06
8.365655900e-05 2.110687338e-06
8.370000000e-05 2.126783978e-06
8.385000000e-05 2.182101554e-06
8.415000000e-05 2.291189476e-06
8.420000000e-05 2.309326438e-06
8.450000000e-05 2.415893227e-06
8.465000000e-05 2.469005668e-06
8.500000000e-05 2.589720067e-06
8.515000000e-05 2.641047330e-06
8.550000000e-05 2.756733292e-06
8.570000000e-05 2.822316477e-06
8.582255140e-05 2.860663484e-06
8.600000000e-05 2.916669593e-06
8.630000000e-05 3.010173089e-06
8.650000000e-05 3.069693564e-06
8.659643210e-05 3.097739509e-06
8.690000000e-05 3.186971066e-06
8.709636000e-05 3.242057370e-06
8.720000000e-05 3.271355019e-06
8.750000000e-05 3.354135923e-06
8.780000000e-05 3.432648557e-06
8.814568720e-05 3.521516907e-06
8.830000000e-05 3.561676692e-06
8.850000000e-05 3.610268903e-06
8.912509500e-05 3.759684196e-06
8.920000000e-05 3.777867403e-06
9.015711000e-05 3.989449146e-06
9.120108000e-05 4.203910058e-06
9.174883060e-05 4.308683968e-06
9.225714000e-05 4.407733446e-06
9.225714400e-05 4.407734232e-06
9.230000000e-05 4.416165154e-06
9.400000000e-05 4.727055168e-06
9.549925750e-05 4.987954682e-06
9.549926000e-05 4.987955126e-06
9.580000000e-05 5.041573281e-06
9.660509000e-05 5.183560315e-06
9.779064960e-05 5.387930847e-06
9.885531000e-05 5.576223942e-06
9.900000000e-05 5.602166152e-06
9.942599870e-05 5.677516093e-06
1.000000000e-04 5.780233040e-06
1.013312310e-04 6.015402656e-06
1.014495170e-04 6.036606497e-06
1.024766530e-04 6.222892205e-06
1.040000000e-04 6.506467145e-06
1.047129000e-04 6.639757614e-06
1.050000000e-04 6.692229025e-06
1.054690310e-04 6.778521190e-06
1.072290310e-04 7.108724932e-06
1.076817270e-04 7.195366572e-06
1.083927000e-04 7.332807105e-06
1.096478000e-04 7.565349556e-06
1.118332850e-04 7.980414771e-06
1.122018000e-04 8.051678973e-06
1.125000000e-04 8.106961496e-06
1.125252390e-04 8.111536403e-06
1.147327650e-04 8.516617995e-06
1.161449000e-04 8.780787530e-06
1.171520350e-04 8.958301049e-06
1.181255200e-04 9.131248932e-06
1.190000000e-04 9.287623195e-06
1.195363880e-04 9.377149926e-06
1.210000000e-04 9.622191940e-06
1.210000000e-04 1.060636329e-05
1.210075160e-04 1.060777966e-05
1.216186000e-04 1.072314445e-05
1.221448380e-04 1.082269555e-05
1.230269000e-04 1.098994650e-05
1.239821680e-04 1.115876256e-05
1.255307090e-04 1.143231796e-05
1.261646240e-04 1.154416207e-05
1.273503000e-04 1.175303312e-05
1.285195540e-04 1.194679632e-05
1.285471550e-04 1.195136775e-05
1.285818130e-04 1.195710883e-05
1.303167000e-04 1.224328512e-05
1.318257000e-04 1.248955170e-05
1.329688920e-04 1.266857466e-05
1.332082720e-04 1.270581241e-05
1.333521000e-04 1.272815159e-05
1.364583000e-04 1.320248290e-05
1.366900000e-04 1.323667040e-05
1.374437120e-04 1.334603212e-05
1.377407700e-04 1.338884302e-05
1.380384000e-04 1.343154986e-05
1.396908620e-04 1.366504076e-05
1.398094060e-04 1.368224152e-05
1.406840840e-04 1.381070236e-05
1.408477540e-04 1.383466670e-05
1.413935440e-04 1.391419238e-05
1.414317290e-04 1.391973755e-05
1.430000000e-04 1.414468498e-05
1.442647100e-04 1.432112421e-05
1.451995400e-04 1.444898509e-05
1.459024020e-04 1.454371304e-05
1.471187360e-04 1.470454936e-05
1.486209350e-04 1.491629113e-05
1.488606540e-04 1.494957717e-05
1.498120770e-04 1.508037658e-05
1.513561000e-04 1.528765363e-05
1.523767430e-04 1.542697235e-05
1.528129340e-04 1.548575682e-05
1.531087000e-04 1.552533973e-05
1.540000000e-04 1.564319627e-05
1.566750900e-04 1.597944521e-05
1.574273000e-04 1.608252605e-05
1.584892930e-04 1.622560365e-05
1.591947950e-04 1.631899477e-05
1.603245000e-04 1.646591427e-05
1.621810000e-04 1.669652079e-05
1.626484660e-04 1.675700571e-05
1.654103840e-04 1.710136856e-05
1.658393190e-04 1.715284963e-05
1.673978910e-04 1.733498346e-05
1.678804000e-04 1.738977601e-05
1.678804060e-04 1.738977670e-05
1.707433510e-04 1.774950626e-05
1.710477780e-04 1.778634034e-05
1.714203940e-04 1.783110563e-05
1.737801000e-04 1.810454567e-05
1.738346120e-04 1.811112952e-05
1.757924000e-04 1.834329445e-05
1.761378830e-04 1.838302543e-05
1.776361060e-04 1.855108255e-05
1.793023110e-04 1.872925588e-05
1.798870940e-04 1.879644769e-05
1.800000000e-04 1.881003335e-05
1.807158270e-04 1.889532570e-05
1.809256280e-04 1.892006173e-05
1.840772000e-04 1.927517653e-05
1.848190270e-04 1.935410687e-05
1.848736780e-04 1.935985842e-05
1.850000000e-04 1.937311735e-05
1.862087000e-04 1.950087343e-05
1.881677080e-04 1.970103356e-05
1.883649010e-04 1.972214213e-05
1.895647040e-04 1.984788016e-05
1.897366600e-04 1.986628860e-05
1.909578740e-04 1.999628866e-05
1.922250730e-04 2.012602328e-05
1.930212590e-04 2.020491681e-05
1.947124570e-04 2.038308846e-05
1.949844390e-04 2.041236588e-05
1.972423000e-04 2.064644330e-05
1.979737240e-04 2.071869028e-05
1.980000000e-04 2.072125639e-05
2.000000000e-04 2.091792632e-05
2.012565580e-04 2.103747829e-05
2.018366000e-04 2.109084722e-05
2.023977540e-04 2.114137356e-05
2.024179020e-04 2.114317036e-05
2.039494420e-04 2.128867267e-05
2.057958980e-04 2.146340614e-05
2.071333060e-04 2.159481428e-05
2.074316450e-04 2.162335464e-05
2.079768740e-04 2.167477591e-05
2.092198540e-04 2.179017023e-05
2.100203170e-04 2.186190285e-05
2.109688840e-04 2.195015782e-05
2.111968550e-04 2.197335990e-05
2.137962000e-04 2.222671094e-05
2.162719000e-04 2.244788103e-05
2.174421390e-04 2.255760901e-05
2.194067590e-04 2.273207123e-05
2.197517580e-04 2.276140666e-05
2.225871400e-04 2.300148262e-05
2.232287240e-04 2.305935652e-05
2.237110910e-04 2.310210522e-05
2.238721000e-04 2.311621407e-05
2.238721560e-04 2.311621896e-05
2.259767800e-04 2.329644960e-05
2.274442960e-04 2.342171628e-05
2.285928080e-04 2.352466425e-05
2.297470670e-04 2.362424773e-05
2.303264350e-04 2.367267909e-05
2.307609980e-04 2.370831516e-05
2.311565920e-04 2.374250055e-05
2.317395000e-04 2.379716295e-05
2.342542500e-04 2.402133163e-05
2.368389540e-04 2.423165702e-05
2.368815790e-04 2.423539853e-05
2.371374000e-04 2.425780363e-05
2.381279070e-04 2.434273094e-05
2.406966460e-04 2.456718099e-05
2.411813550e-04 2.460836504e-05
2.426610000e-04 2.472982282e-05
2.433604740e-04 2.479046497e-05
2.454709000e-04 2.496477926e-05
2.457300000e-04 2.498530152e-05
2.481347180e-04 2.517732752e-05
2.483133000e-04 2.519089582e-05
2.490290410e-04 2.524431897e-05
2.500000000e-04 2.532420406e-05
2.522808580e-04 2.550157856e-05
2.539145020e-04 2.562756258e-05
2.540972790e-04 2.564310746e-05
2.548296740e-04 2.570463551e-05
2.554722710e-04 2.575741906e-05
2.568650410e-04 2.586784207e-05
2.573083540e-04 2.590277536e-05
2.598289340e-04 2.610458708e-05
2.607654300e-04 2.617501189e-05
2.614229850e-04 2.622309243e-05
2.630268000e-04 2.635573662e-05
2.650380750e-04 2.651215816e-05
2.675123150e-04 2.670531037e-05
2.675176790e-04 2.670571108e-05
2.691535000e-04 2.682856350e-05
2.699292830e-04 2.689016179e-05
2.710971890e-04 2.697987031e-05
2.730000000e-04 2.711856442e-05
2.752247600e-04 2.727641505e-05
2.754228810e-04 2.728980298e-05
2.754229000e-04 2.728980444e-05
2.786121000e-04 2.751980726e-05
2.795131860e-04 2.758075889e-05
2.802205660e-04 2.763035240e-05
2.818383000e-04 2.775425385e-05
2.826506780e-04 2.781408572e-05
2.833633970e-04 2.786518334e-05
2.844998490e-04 2.794388983e-05
2.867477170e-04 2.810047577e-05
2.875742440e-04 2.815681644e-05
2.881957160e-04 2.820508728e-05
2.917427000e-04 2.846221430e-05
2.921471460e-04 2.848948573e-05
2.925836210e-04 2.852100426e-05
2.951209000e-04 2.869528349e-05
2.967179050e-04 2.880890499e-05
2.993987340e-04 2.898524019e-05
2.993987710e-04 2.898524262e-05
3.000000000e-04 2.902419405e-05
3.009106170e-04 2.908529578e-05
3.028656210e-04 2.920972928e-05
3.052723890e-04 2.937447584e-05
3.054921000e-04 2.938880935e-05
3.073110210e-04 2.950287440e-05
3.083913190e-04 2.956684657e-05
3.088072490e-04 2.959295717e-05
3.126079000e-04 2.985323618e-05
3.135089930e-04 2.991080887e-05
3.142995740e-04 2.995972565e-05
3.148384830e-04 2.999220227e-05
3.171677870e-04 3.013382074e-05
3.179389580e-04 3.017794596e-05
3.196594280e-04 3.029325577e-05
3.197621540e-04 3.029992924e-05
3.198894870e-04 3.030870846e-05
3.235937000e-04 3.055695879e-05
3.272924100e-04 3.077292263e-05
3.273407000e-04 3.077576833e-05
3.291120530e-04 3.088969354e-05
3.311311160e-04 3.101092827e-05
3.325638220e-04 3.109543966e-05
3.330428070e-04 3.112720354e-05
3.350000000e-04 3.125181606e-05
3.388442000e-04 3.148868753e-05
3.398208380e-04 3.154362422e-05
3.403102720e-04 3.157047445e-05
3.419056240e-04 3.165416402e-05
3.427678000e-04 3.170612244e-05
3.447732840e-04 3.182265687e-05
3.458647550e-04 3.188842865e-05
3.487386200e-04 3.204919179e-05
3.490837850e-04 3.206728104e-05
3.494922160e-04 3.209155250e-05
3.517628850e-04 3.222043944e-05
3.522899090e-04 3.225035485e-05
3.543669260e-04 3.237103752e-05
3.545661320e-04 3.238213468e-05
3.563485820e-04 3.249246073e-05
3.569259570e-04 3.252682723e-05
3.580347270e-04 3.259114330e-05
3.621648340e-04 3.282606001e-05
3.629515110e-04 3.286677259e-05
3.630781000e-04 3.287444027e-05
3.657000420e-04 3.302604223e-05
3.668280810e-04 3.309119285e-05
3.683740840e-04 3.318429145e-05
3.699346810e-04 3.327392355e-05
3.710676910e-04 3.333595653e-05
3.715352000e-04 3.336081764e-05
3.758374000e-04 3.360116791e-05
3.760403230e-04 3.361237815e-05
3.801894000e-04 3.382359567e-05
3.812852200e-04 3.387611371e-05
3.857003220e-04 3.410654225e-05
3.868120550e-04 3.416391589e-05
3.869686770e-04 3.417181086e-05
3.884856660e-04 3.424582245e-05
3.887652820e-04 3.425904425e-05
3.924189850e-04 3.444413862e-05
3.927014430e-04 3.445819451e-05
3.932670010e-04 3.448590205e-05
3.944714720e-04 3.454719666e-05
3.953728650e-04 3.459804675e-05
3.990392680e-04 3.478962434e-05
4.017955710e-04 3.492754991e-05
4.018486500e-04 3.493006778e-05
4.031881790e-04 3.499603510e-05
4.032244570e-04 3.499809850e-05
4.034421220e-04 3.501044177e-05
4.078569120e-04 3.524416710e-05
4.113013570e-04 3.541772828e-05
4.116257840e-04 3.543298609e-05
4.120975000e-04 3.545483985e-05
4.150361440e-04 3.559591388e-05
4.164197020e-04 3.565724293e-05
4.168694000e-04 3.567812972e-05
4.174650280e-04 3.570670248e-05
4.180709400e-04 3.573514593e-05
4.216965000e-04 3.592163454e-05
4.235210690e-04 3.600694342e-05
4.239497950e-04 3.602746847e-05
4.268841540e-04 3.616008274e-05
4.287335610e-04 3.623589701e-05
4.294282870e-04 3.626907411e-05
4.315191000e-04 3.637216684e-05
4.327628660e-04 3.643237941e-05
4.365158000e-04 3.659829692e-05
4.369086130e-04 3.661427558e-05
4.376804960e-04 3.665005025e-05
4.399648660e-04 3.675078242e-05
4.412528080e-04 3.680927390e-05
4.428432400e-04 3.687771600e-05
4.431420380e-04 3.689120571e-05
4.477293900e-04 3.711253647e-05
4.479710860e-04 3.712326798e-05
4.480366150e-04 3.712616431e-05
4.518559000e-04 3.730030832e-05
4.526593190e-04 3.733412241e-05
4.567594020e-04 3.752494893e-05
4.576229360e-04 3.756179990e-05
4.603890800e-04 3.767181851e-05
4.604227490e-04 3.767323315e-05
4.623810000e-04 3.776295172e-05
4.634635990e-04 3.781587016e-05
4.663907970e-04 3.795026983e-05
4.677351000e-04 3.800800283e-05
4.704353830e-04 3.811553100e-05
4.731513000e-04 3.822960182e-05
4.737048490e-04 3.825318013e-05
4.775979760e-04 3.840596974e-05
4.775979820e-04 3.840596999e-05
4.786300650e-04 3.845109880e-05
4.786301000e-04 3.845110033e-05
4.800097170e-04 3.851237517e-05
4.841724000e-04 3.869653874e-05
4.869675090e-04 3.880604968e-05
4.903959220e-04 3.892434692e-05
4.922520270e-04 3.899739657e-05
4.926063510e-04 3.901227541e-05
4.949157200e-04 3.911232064e-05
4.954502060e-04 3.913460505e-05
4.997467750e-04 3.929910475e-05
5.002189370e-04 3.931556234e-05
5.016382300e-04 3.937236268e-05
5.033557180e-04 3.944271796e-05
5.040806210e-04 3.947364392e-05
5.077151100e-04 3.961798006e-05
5.087951490e-04 3.966470102e-05
5.128614000e-04 3.984010057e-05
5.173089390e-04 4.000766710e-05
5.191705230e-04 4.006978407e-05
5.197224330e-04 4.009172831e-05
5.199211750e-04 4.010030426e-05
5.263201590e-04 4.037617662e-05
5.293586420e-04 4.048871495e-05
5.308844000e-04 4.054105531e-05
5.366455080e-04 4.075151851e-05
5.370318000e-04 4.076407828e-05
5.385796810e-04 4.081680194e-05
5.390684010e-04 4.083281290e-05
5.420789000e-04 4.094855465e-05
5.445222350e-04 4.103484891e-05
5.463328290e-04 4.109387410e-05
5.523157990e-04 4.131910965e-05
5.543065410e-04 4.138427212e-05
5.565546270e-04 4.146032709e-05
5.592819280e-04 4.154411823e-05
5.617346910e-04 4.163856156e-05
5.628473070e-04 4.167948905e-05
5.676262920e-04 4.183848092e-05
5.688529000e-04 4.187967937e-05
5.691947730e-04 4.189084344e-05
5.708775140e-04 4.196302658e-05
5.770985470e-04 4.220264623e-05
5.821032000e-04 4.236311057e-05
5.831381480e-04 4.239285448e-05
5.843944420e-04 4.242727350e-05
5.882084420e-04 4.257227420e-05
5.918170720e-04 4.271238609e-05
5.956621000e-04 4.284613994e-05
6.000000000e-04 4.297724568e-05
6.008277500e-04 4.300695575e-05
6.031017930e-04 4.308550427e-05
6.060381570e-04 4.317862606e-05
6.095369000e-04 4.327715017e-05
6.098981850e-04 4.328756670e-05
6.107765390e-04 4.331685552e-05
6.117063200e-04 4.334961869e-05
6.152653670e-04 4.346665633e-05
6.152653810e-04 4.346665673e-05
6.186929540e-04 4.356780234e-05
6.203646700e-04 4.362337052e-05
6.248438340e-04 4.376897115e-05
6.273356880e-04 4.384089509e-05
6.288776750e-04 4.388776468e-05
6.317523200e-04 4.397739502e-05
6.343900620e-04 4.405219649e-05
6.375749190e-04 4.415587102e-05
6.382635000e-04 4.417722504e-05
6.410250320e-04 4.425805868e-05
6.440574940e-04 4.434967152e-05
6.444068180e-04 4.436081847e-05
6.464237000e-04 4.442287972e-05
6.521913140e-04 4.460896495e-05
6.540637620e-04 4.466240908e-05
6.555984920e-04 4.470365388e-05
6.556823350e-04 4.470630000e-05
6.606934000e-04 4.486491496e-05
6.621211790e-04 4.490602561e-05
6.645384550e-04 4.498257484e-05
6.646272390e-04 4.498551396e-05
6.688211980e-04 4.511604796e-05
6.696054170e-04 4.513864873e-05
6.741398060e-04 4.528792133e-05
6.757030390e-04 4.533553208e-05
6.780474210e-04 4.540271186e-05
6.839116000e-04 4.556660428e-05
6.855456670e-04 4.561895074e-05
6.918310000e-04 4.579802402e-05
6.938250490e-04 4.585142586e-05
6.978305410e-04 4.597210254e-05
6.983328580e-04 4.598625351e-05
7.031165110e-04 4.611144737e-05
7.038822510e-04 4.612957547e-05
7.067627120e-04 4.620022139e-05
7.102417950e-04 4.629101880e-05
7.115206080e-04 4.632172301e-05
7.145991750e-04 4.641034791e-05
7.165895600e-04 4.646764540e-05
7.170457330e-04 4.648031012e-05
7.212825840e-04 4.659056779e-05
7.241102500e-04 4.665552351e-05
7.244007190e-04 4.666257919e-05
7.250878270e-04 4.668125429e-05
7.268635010e-04 4.673641820e-05
7.310839750e-04 4.685728524e-05
7.314087300e-04 4.686598646e-05
7.354327450e-04 4.696765740e-05
7.379174930e-04 4.703637741e-05
7.410602470e-04 4.712715810e-05
7.425512580e-04 4.717192840e-05
7.485579820e-04 4.733448308e-05
7.512275120e-04 4.739742438e-05
7.534944640e-04 4.746005335e-05
7.540326180e-04 4.747451546e-05
7.585776000e-04 4.759762470e-05
7.586670180e-04 4.759988465e-05
7.619370320e-04 4.769216201e-05
7.639107040e-04 4.774391404e-05
7.673615000e-04 4.783507996e-05
7.717915400e-04 4.795744733e-05
7.721280120e-04 4.796613753e-05
7.762471000e-04 4.806555593e-05
7.789709980e-04 4.812461533e-05
7.800000000e-04 4.814820774e-05
7.807284530e-04 4.816661612e-05
7.835424190e-04 4.824695118e-05
7.876706240e-04 4.835433531e-05
7.909062180e-04 4.842969604e-05
7.926154050e-04 4.846682566e-05
7.939711100e-04 4.850004926e-05
7.943282000e-04 4.850857899e-05
8.031648570e-04 4.870650567e-05
8.035261000e-04 4.871512414e-05
8.041201700e-04 4.872910226e-05
8.081648950e-04 4.883497755e-05
8.125564210e-04 4.894673815e-05
8.151733770e-04 4.900685963e-05
8.172289410e-04 4.905067882e-05
8.204695770e-04 4.911462474e-05
8.219653810e-04 4.914443721e-05
8.226985290e-04 4.916245157e-05
8.267803510e-04 4.927457894e-05
8.313897570e-04 4.938770861e-05
8.359638290e-04 4.949667135e-05
8.363540200e-04 4.950531586e-05
8.375443240e-04 4.953581468e-05
8.376114620e-04 4.953752433e-05
8.473105530e-04 4.975261762e-05
8.508509690e-04 4.982989009e-05
8.513739690e-04 4.984198606e-05
8.519039090e-04 4.985695518e-05
8.531115970e-04 4.989044027e-05
8.541247540e-04 4.991810218e-05
8.640150640e-04 5.015372050e-05
8.640581160e-04 5.015481938e-05
8.657452540e-04 5.019700666e-05
8.709636000e-04 5.032643893e-05
8.770067060e-04 5.045470103e-05
8.770868200e-04 5.045626871e-05
8.810489000e-04 5.053676550e-05
8.826153340e-04 5.057780598e-05
8.861352330e-04 5.066470984e-05
8.943783620e-04 5.083831631e-05
8.963961610e-04 5.087919508e-05
8.996270490e-04 5.095264090e-05
9.015711000e-04 5.099378970e-05
9.100441560e-04 5.114739992e-05
9.116007880e-04 5.117617539e-05
9.120107590e-04 5.118350955e-05
9.120108000e-04 5.118351046e-05
9.172758840e-04 5.130448985e-05
9.221565030e-04 5.140344845e-05
9.239000160e-04 5.144300880e-05
9.278975060e-04 5.152717669e-05
9.329395820e-04 5.163015575e-05
9.359441260e-04 5.168445379e-05
9.420252210e-04 5.180110108e-05
9.437423110e-04 5.183309277e-05
9.438909980e-04 5.183650245e-05
9.454203900e-04 5.187090727e-05
9.492708390e-04 5.195302978e-05
9.543054270e-04 5.204782746e-05
9.545633110e-04 5.205331682e-05
9.602626150e-04 5.217765337e-05
9.617066190e-04 5.221148025e-05
9.617376210e-04 5.221219471e-05
9.670940390e-04 5.232799785e-05
9.728423490e-04 5.243685427e-05
9.769078530e-04 5.251799314e-05
9.776300010e-04 5.253318933e-05
9.806664160e-04 5.259410422e-05
9.825249770e-04 5.262896862e-05
9.917511150e-04 5.281941537e-05
9.920216180e-04 5.282432850e-05
9.940088440e-04 5.286798686e-05
1.000000000e-03 5.299793450e-05
1.000539690e-03 5.300874491e-05
1.007030760e-03 5.312965212e-05
1.011579000e-03 5.320953955e-05
1.016955630e-03 5.331992624e-05
1.017419420e-03 5.332878153e-05
1.026884180e-03 5.348551127e-05
1.029200170e-03 5.352177005e-05
1.032910140e-03 5.360266439e-05
1.035142000e-03 5.364816421e-05
1.036278500e-03 5.367068319e-05
1.044870320e-03 5.382056376e-05
1.046657870e-03 5.385268798e-05
1.047129000e-03 5.386090014e-05
1.051011220e-03 5.393049370e-05
1.054690230e-03 5.398972679e-05
1.058777280e-03 5.404897826e-05
1.060779030e-03 5.408272244e-05
1.065369230e-03 5.417385451e-05
1.071158150e-03 5.428514624e-05
1.073503930e-03 5.432583253e-05
1.081589880e-03 5.444624267e-05
1.083561330e-03 5.447382632e-05
1.085097430e-03 5.450060561e-05
1.089792100e-03 5.459177112e-05
1.089908990e-03 5.459395738e-05
1.095985400e-03 5.469915579e-05
1.096478000e-03 5.470788024e-05
1.102529360e-03 5.480619260e-05
1.103701390e-03 5.482697902e-05
1.104187220e-03 5.483715241e-05
1.113973740e-03 5.502048826e-05
1.116883060e-03 5.506693745e-05
1.116972970e-03 5.506833709e-05
1.121640140e-03 5.515141308e-05
1.125956030e-03 5.522891662e-05
1.129511360e-03 5.528676458e-05
1.132207090e-03 5.532700270e-05
1.137642330e-03 5.542202241e-05
1.138993920e-03 5.544408311e-05
1.141274520e-03 5.548837506e-05
1.148154000e-03 5.561968709e-05
1.156225530e-03 5.574880275e-05
1.157225480e-03 5.576448294e-05
1.161449000e-03 5.582617244e-05
1.166474200e-03 5.592172140e-05
1.169506920e-03 5.597452982e-05
1.178456430e-03 5.611162165e-05
1.179020080e-03 5.611916118e-05
1.181680620e-03 5.615801452e-05
1.182744010e-03 5.617610531e-05
1.194634860e-03 5.634758620e-05
1.198809380e-03 5.639412353e-05
1.199672170e-03 5.640702749e-05
1.202264000e-03 5.645110056e-05
1.211764120e-03 5.660559335e-05
1.215639340e-03 5.665858747e-05
1.219319900e-03 5.671596781e-05
1.223206710e-03 5.677099443e-05
1.224968300e-03 5.679673964e-05
1.227616240e-03 5.683405214e-05
1.233995530e-03 5.693616722e-05
1.241830630e-03 5.704064705e-05
1.244094950e-03 5.706947389e-05
1.244515000e-03 5.707617519e-05
1.249674740e-03 5.715327074e-05
1.250936350e-03 5.717542982e-05
1.258359010e-03 5.729434133e-05
1.260738780e-03 5.733219989e-05
1.265737400e-03 5.740517399e-05
1.265872930e-03 5.740707548e-05
1.276784630e-03 5.756861469e-05
1.282456230e-03 5.763564763e-05
1.283507880e-03 5.764977467e-05
1.287814780e-03 5.772336181e-05
1.289640950e-03 5.775600459e-05
1.297202220e-03 5.787936072e-05
1.303167000e-03 5.796448112e-05
1.307739400e-03 5.802138659e-05
1.310358210e-03 5.805950914e-05
1.311751570e-03 5.808070986e-05
1.318257000e-03 5.817110178e-05
1.321313090e-03 5.821630754e-05
1.327524390e-03 5.830029041e-05
1.328582950e-03 5.831477594e-05
1.333521000e-03 5.837744270e-05
1.333521620e-03 5.837745156e-05
1.341220150e-03 5.847728308e-05
1.353696210e-03 5.864940606e-05
1.354235820e-03 5.865658692e-05
1.354799010e-03 5.866399119e-05
1.356750690e-03 5.869378882e-05
1.358322250e-03 5.871691943e-05
1.373695600e-03 5.890659918e-05
1.374437650e-03 5.891540988e-05
1.380384000e-03 5.897960654e-05
1.382372340e-03 5.900093459e-05
1.390446190e-03 5.911249177e-05
1.396368000e-03 5.919757392e-05
1.401401340e-03 5.926244157e-05
1.402409770e-03 5.927450599e-05
1.404429440e-03 5.929774610e-05
1.414063010e-03 5.940410744e-05
1.420252700e-03 5.947873012e-05
1.420691860e-03 5.948488979e-05
1.421970420e-03 5.950288025e-05
1.425812540e-03 5.955408659e-05
1.428894000e-03 5.959555355e-05
1.438306870e-03 5.970478898e-05
1.439309660e-03 5.971851276e-05
1.443026150e-03 5.976688882e-05
1.444789650e-03 5.979387720e-05
1.451693760e-03 5.990111176e-05
1.464282570e-03 6.006208223e-05
1.470163640e-03 6.012355489e-05
1.471941780e-03 6.014017370e-05
1.475454240e-03 6.017026793e-05
1.477872840e-03 6.019947853e-05
1.478609370e-03 6.021071365e-05
1.489890340e-03 6.038260412e-05
1.493737400e-03 6.043341731e-05
1.497851110e-03 6.048333830e-05
1.504492680e-03 6.055568269e-05
1.513561000e-03 6.064505144e-05
1.521828540e-03 6.074828041e-05
1.523531580e-03 6.076728152e-05
1.524202080e-03 6.077472193e-05
1.529808680e-03 6.083896480e-05
1.539926330e-03 6.093355313e-05
1.546230690e-03 6.101987993e-05
1.554251340e-03 6.111503568e-05
1.562880160e-03 6.121102665e-05
1.563372470e-03 6.121607297e-05
1.564000000e-03 6.122370240e-05
1.564000000e-03 7.132157542e-04
