6.450000000e-06 1.704100000e-02 2772
2772
6.450000000e-06 1.796799290e-09
6.499807690e-06 1.838675953e-09
6.550000000e-06 1.882190725e-09
6.600000000e-06 1.926515284e-09
6.604320530e-06 1.930290555e-09
6.606934000e-06 1.932621151e-09
6.686647140e-06 2.003743816e-09
6.770000000e-06 2.081654899e-09
6.826781640e-06 2.136414514e-09
6.869680190e-06 2.178928170e-09
6.934533970e-06 2.245080219e-09
7.000000000e-06 2.314169550e-09
7.049473050e-06 2.365798736e-09
7.124338990e-06 2.446383159e-09
7.200000000e-06 2.530851275e-09
7.274613400e-06 2.616790360e-09
7.350000000e-06 2.706719461e-09
7.399497750e-06 2.767237721e-09
7.413102000e-06 2.784179694e-09
7.474370080e-06 2.860351355e-09
7.500000000e-06 2.892957698e-09
7.550000000e-06 2.955997978e-09
7.624631140e-06 3.052424106e-09
7.700000000e-06 3.152906903e-09
7.775804860e-06 3.256873221e-09
7.852356000e-06 3.365151249e-09
7.897688190e-06 3.430664665e-09
7.966177620e-06 3.531898269e-09
8.000000000e-06 3.582967465e-09
8.035261000e-06 3.636085532e-09
8.076132850e-06 3.697219566e-09
8.137830760e-06 3.791271288e-09
8.200000000e-06 3.888204096e-09
8.274660120e-06 4.007263965e-09
8.350000000e-06 4.130656912e-09
8.390055860e-06 4.197475883e-09
8.450500200e-06 4.300090422e-09
8.511380000e-06 4.405626737e-09
8.580410080e-06 4.527774511e-09
8.609938000e-06 4.580953045e-09
8.650000000e-06 4.652938729e-09
8.689846090e-06 4.725428665e-09
8.709636000e-06 4.761819072e-09
8.749959620e-06 4.835089463e-09
8.810489000e-06 4.946891896e-09
8.865075410e-06 5.049429389e-09
8.920000000e-06 5.154372693e-09
8.984764890e-06 5.280298896e-09
9.050000000e-06 5.409679136e-09
9.087269160e-06 5.484672870e-09
9.143460850e-06 5.599342416e-09
9.200000000e-06 5.716671943e-09
9.225714000e-06 5.770646197e-09
9.237272880e-06 5.794727051e-09
9.293465530e-06 5.912993956e-09
9.350000000e-06 6.033917534e-09
9.387276490e-06 6.114658954e-09
9.440609000e-06 6.231673309e-09
9.443470060e-06 6.237867059e-09
9.500000000e-06 6.361324078e-09
9.539875490e-06 6.449498280e-09
9.600002770e-06 6.584257894e-09
9.660509000e-06 6.722067418e-09
9.707537240e-06 6.830661351e-09
9.742958590e-06 6.913346240e-09
9.796333100e-06 7.039394568e-09
9.850000000e-06 7.167905293e-09
9.885531000e-06 7.253958503e-09
9.897071390e-06 7.281697755e-09
9.938443350e-06 7.381833289e-09
9.974785670e-06 7.470652991e-09
1.003870480e-05 7.628825349e-09
1.008691280e-05 7.749777356e-09
1.012322070e-05 7.841818600e-09
1.017792760e-05 7.982044534e-09
1.020000000e-05 8.039157677e-09
1.023293000e-05 8.123177515e-09
1.029200450e-05 8.275579091e-09
1.035142000e-05 8.430966899e-09
1.042000000e-05 8.613008502e-09
1.045992360e-05 8.720320267e-09
1.050000000e-05 8.829016534e-09
1.057000000e-05 9.021279983e-09
1.059254000e-05 9.083855207e-09
1.065000000e-05 9.242398930e-09
1.071519000e-05 9.424723224e-09
1.077000000e-05 9.580033918e-09
1.083000000e-05 9.752178872e-09
1.083927000e-05 9.778978295e-09
1.088000000e-05 9.894917575e-09
1.094000000e-05 1.006750738e-08
1.100000000e-05 1.024224490e-08
1.107000000e-05 1.044883836e-08
1.112000000e-05 1.059821881e-08
1.117000000e-05 1.074911982e-08
1.123000000e-05 1.093221970e-08
1.129000000e-05 1.111753504e-08
1.135011000e-05 1.130542589e-08
1.142000000e-05 1.152337824e-08
1.150000000e-05 1.177647296e-08
1.157000000e-05 1.199617209e-08
1.168000000e-05 1.234710976e-08
1.180000000e-05 1.273796041e-08
1.189957990e-05 1.306872130e-08
1.200000000e-05 1.340818281e-08
1.202264000e-05 1.348555158e-08
1.207496710e-05 1.366239861e-08
1.216186000e-05 1.395953464e-08
1.218829680e-05 1.404877939e-08
1.230269000e-05 1.443933988e-08
1.240095260e-05 1.478046212e-08
1.250000000e-05 1.512966902e-08
1.259960320e-05 1.548622171e-08
1.270000000e-05 1.585120590e-08
1.273503000e-05 1.597759695e-08
1.279960940e-05 1.620676495e-08
1.290000000e-05 1.656712023e-08
1.299961540e-05 1.692950244e-08
1.310000000e-05 1.729968074e-08
1.330000000e-05 1.805194613e-08
1.333521000e-05 1.818643515e-08
1.350000000e-05 1.879536886e-08
1.372000000e-05 1.962612669e-08
1.396368000e-05 2.057004506e-08
1.400000000e-05 2.071286412e-08
1.420000000e-05 2.147259162e-08
1.450000000e-05 2.263761875e-08
1.462177000e-05 2.311906921e-08
1.480000000e-05 2.379594208e-08
1.513561000e-05 2.509110039e-08
1.531087000e-05 2.577766184e-08
1.550000000e-05 2.649070755e-08
1.584893000e-05 2.781865054e-08
1.590000000e-05 2.801421046e-08
1.621810000e-05 2.918295989e-08
1.659587000e-05 3.057392449e-08
1.710000000e-05 3.234213303e-08
1.730000000e-05 3.303633882e-08
1.757924000e-05 3.396173982e-08
1.800000000e-05 3.532515533e-08
1.862087000e-05 3.720250662e-08
1.870000000e-05 3.743249712e-08
1.909581110e-05 3.851791132e-08
1.927525000e-05 3.900946962e-08
1.950000000e-05 3.960498701e-08
2.000000000e-05 4.083852600e-08
2.018366000e-05 4.125884260e-08
2.070000000e-05 4.239392795e-08
2.089296000e-05 4.277754775e-08
2.125690520e-05 4.347089973e-08
2.162719000e-05 4.414296952e-08
2.200391890e-05 4.473734947e-08
2.238721000e-05 4.534196237e-08
2.264644000e-05 4.569552447e-08
2.283904540e-05 4.592518713e-08
2.290867680e-05 4.601045741e-08
2.330000000e-05 4.651540644e-08
2.344229000e-05 4.667391580e-08
2.371374000e-05 4.694680046e-08
2.377814400e-05 4.700282321e-08
2.398833060e-05 4.719398058e-08
2.426610000e-05 4.746521313e-08
2.454709000e-05 4.769204949e-08
2.483133210e-05 4.787953607e-08
2.500000000e-05 4.799081391e-08
2.511886590e-05 4.805503986e-08
2.540973000e-05 4.824499330e-08
2.570396000e-05 4.838934778e-08
2.600159690e-05 4.849465924e-08
2.630268000e-05 4.858717089e-08
2.630268200e-05 4.858717123e-08
2.660725000e-05 4.869435851e-08
2.691535000e-05 4.875300938e-08
2.722701200e-05 4.877506391e-08
2.754228840e-05 4.878315144e-08
2.786121000e-05 4.880984698e-08
2.818383000e-05 4.878364658e-08
2.851018180e-05 4.872114535e-08
2.883440630e-05 4.864599620e-08
2.900000000e-05 4.862818886e-08
2.900000000e-05 3.082283039e-07
2.917427000e-05 3.082008374e-07
2.937507500e-05 3.080201824e-07
2.950000000e-05 3.080543417e-07
2.951209000e-05 3.080558334e-07
2.978082960e-05 3.079254356e-07
3.000000000e-05 3.076284204e-07
3.000000000e-05 4.504413213e-07
3.004316660e-05 4.504178692e-07
3.014299260e-05 4.505308266e-07
3.040000000e-05 4.506337894e-07
3.044044120e-05 4.506184174e-07
3.055418820e-05 4.506353306e-07
3.080000000e-05 4.509585962e-07
3.100536270e-05 4.509988784e-07
3.122682980e-05 4.508152550e-07
3.126079000e-05 4.507990461e-07
3.133706450e-05 4.507382494e-07
3.138884620e-05 4.508112912e-07
3.162278000e-05 4.510291325e-07
3.182992470e-05 4.509960863e-07
3.198895000e-05 4.509409465e-07
3.214000000e-05 4.507814102e-07
3.219619130e-05 4.508178394e-07
3.228987750e-05 4.508591392e-07
3.254617680e-05 4.509595586e-07
3.278000000e-05 4.508155519e-07
3.280000000e-05 4.507917510e-07
3.299229870e-05 4.503862333e-07
3.311311000e-05 4.501506310e-07
3.338442760e-05 4.493711256e-07
3.350000000e-05 4.489383094e-07
3.371000000e-05 4.480516871e-07
3.374060940e-05 4.479288763e-07
3.399632340e-05 4.467732861e-07
3.400000000e-05 4.467606758e-07
3.427678000e-05 4.456192211e-07
3.434472190e-05 4.452380526e-07
3.438000000e-05 4.450345808e-07
3.450000000e-05 4.443075561e-07
3.486836900e-05 4.418348265e-07
3.500000000e-05 4.407853898e-07
3.503378370e-05 4.404951206e-07
3.518921080e-05 4.391176875e-07
3.540000000e-05 4.375650045e-07
3.548134000e-05 4.369065674e-07
3.549647870e-05 4.367798398e-07
3.570000000e-05 4.351306887e-07
3.589219000e-05 4.333882788e-07
3.600000000e-05 4.324055867e-07
3.605799970e-05 4.318539053e-07
3.629504100e-05 4.294470200e-07
3.630780280e-05 4.293115295e-07
3.657221250e-05 4.267991192e-07
3.672823000e-05 4.253007204e-07
3.690000000e-05 4.235147286e-07
3.694026290e-05 4.230777552e-07
3.715352000e-05 4.210875416e-07
3.736801270e-05 4.189344626e-07
3.745529190e-05 4.180040188e-07
3.758374000e-05 4.165892817e-07
3.782076840e-05 4.139670745e-07
3.801894000e-05 4.117887972e-07
3.805390860e-05 4.113886294e-07
3.834864390e-05 4.083521814e-07
3.850000000e-05 4.066471426e-07
3.868120690e-05 4.045838596e-07
3.877021270e-05 4.035248647e-07
3.884856840e-05 4.027395635e-07
3.924283380e-05 3.984137351e-07
3.935501000e-05 3.971910374e-07
3.950000000e-05 3.955361374e-07
3.969629980e-05 3.933749235e-07
4.000000000e-05 3.897529376e-07
4.003573690e-05 3.893151918e-07
4.021379190e-05 3.873022208e-07
4.041522480e-05 3.849110110e-07
4.044230270e-05 3.845990467e-07
4.073803000e-05 3.814221180e-07
4.104615760e-05 3.777231436e-07
4.105990560e-05 3.775622742e-07
4.109131290e-05 3.772462727e-07
4.109870440e-05 3.771724404e-07
4.162698990e-05 3.713595759e-07
4.164571200e-05 3.711351106e-07
4.168694000e-05 3.706406564e-07
4.207871990e-05 3.661446620e-07
4.216965000e-05 3.651461419e-07
4.220000000e-05 3.648069766e-07
4.225354810e-05 3.642013665e-07
4.253534800e-05 3.610470265e-07
4.255830580e-05 3.607793884e-07
4.268355240e-05 3.592943274e-07
4.282325830e-05 3.576772220e-07
4.308984970e-05 3.548596489e-07
4.310147670e-05 3.547326092e-07
4.333677780e-05 3.520778884e-07
4.348552820e-05 3.504321389e-07
4.365158000e-05 3.487492785e-07
4.398484900e-05 3.450988040e-07
4.400000000e-05 3.449244359e-07
4.403012980e-05 3.445965688e-07
4.407341070e-05 3.441260274e-07
4.448952920e-05 3.398000986e-07
4.459432370e-05 3.386249472e-07
4.460411860e-05 3.385237681e-07
4.480634490e-05 3.363946181e-07
4.500000000e-05 3.344141117e-07
4.505517060e-05 3.338285789e-07
4.518559000e-05 3.325798770e-07
4.537040170e-05 3.307259723e-07
4.542078630e-05 3.302056572e-07
4.557744330e-05 3.286461192e-07
4.587314200e-05 3.255257621e-07
4.588714060e-05 3.253914318e-07
4.593172850e-05 3.249920905e-07
4.617160390e-05 3.227653002e-07
4.649635120e-05 3.195204576e-07
4.650000000e-05 3.194860105e-07
4.659566530e-05 3.185722318e-07
4.677351000e-05 3.169531280e-07
4.687054730e-05 3.160389719e-07
4.696930810e-05 3.150882989e-07
4.731513000e-05 3.119172535e-07
4.738278680e-05 3.113020613e-07
4.743191200e-05 3.108547436e-07
4.768777900e-05 3.084392696e-07
4.786301250e-05 3.069036225e-07
4.800000000e-05 3.057232929e-07
4.800000000e-05 3.215045667e-07
4.834761140e-05 3.188079003e-07
4.838167840e-05 3.185504635e-07
4.841724000e-05 3.182853437e-07
4.869675000e-05 3.164945981e-07
4.895989410e-05 3.146377716e-07
4.900224200e-05 3.143323251e-07
4.920749530e-05 3.130237954e-07
4.954502000e-05 3.109187565e-07
4.986242970e-05 3.087340987e-07
4.989302450e-05 3.085280246e-07
4.997467860e-05 3.080752892e-07
5.016858600e-05 3.069582990e-07
5.029936610e-05 3.061707818e-07
5.035934470e-05 3.058021324e-07
5.069907000e-05 3.037629824e-07
5.079035670e-05 3.031721043e-07
5.080000000e-05 3.031095537e-07
5.111401770e-05 3.014441583e-07
5.121507260e-05 3.009334849e-07
5.128614000e-05 3.005673191e-07
5.139931090e-05 2.999682671e-07
5.170933800e-05 2.984907008e-07
5.184404910e-05 2.978046945e-07
5.188000000e-05 2.976186291e-07
5.231156010e-05 2.955496377e-07
5.235069170e-05 2.953875239e-07
5.248075000e-05 2.948440702e-07
5.264300220e-05 2.941302283e-07
5.280576540e-05 2.934514767e-07
5.293586560e-05 2.928772775e-07
5.300000000e-05 2.925863826e-07
5.322260890e-05 2.915315981e-07
5.324000000e-05 2.914547182e-07
5.327979050e-05 2.913333318e-07
5.335000000e-05 2.911165874e-07
5.337108460e-05 2.910501780e-07
5.379987200e-05 2.895793397e-07
5.393258860e-05 2.890718362e-07
5.410400630e-05 2.883891087e-07
5.411284510e-05 2.883580806e-07
5.432503000e-05 2.877647753e-07
5.450000000e-05 2.872302739e-07
5.479614130e-05 2.862357993e-07
5.499326300e-05 2.855080639e-07
5.500000000e-05 2.854825614e-07
5.515215400e-05 2.851888124e-07
5.536613780e-05 2.847326020e-07
5.559043000e-05 2.842022533e-07
5.562525450e-05 2.841111036e-07
5.569051450e-05 2.839663383e-07
5.593019570e-05 2.833979528e-07
5.593470260e-05 2.833868573e-07
5.623413000e-05 2.828305826e-07
5.650000000e-05 2.822455439e-07
5.655877340e-05 2.821070715e-07
5.657648890e-05 2.820651959e-07
5.688529000e-05 2.814398966e-07
5.703840770e-05 2.812736479e-07
5.717253970e-05 2.811139063e-07
5.751372140e-05 2.806299521e-07
5.754399000e-05 2.805819400e-07
5.756802760e-05 2.805585844e-07
5.771504650e-05 2.804043248e-07
5.793286900e-05 2.801400088e-07
5.793299680e-05 2.801398426e-07
5.814840300e-05 2.799971032e-07
5.819396110e-05 2.799773030e-07
5.830212820e-05 2.799254122e-07
5.850000000e-05 2.798093487e-07
5.861627010e-05 2.797119619e-07
5.895400410e-05 2.793567376e-07
5.898830370e-05 2.793156884e-07
5.900000000e-05 2.793018152e-07
5.906694670e-05 2.792949039e-07
5.944768970e-05 2.793388726e-07
5.964505330e-05 2.793154494e-07
5.982066510e-05 2.792698352e-07
5.996888960e-05 2.792142073e-07
6.000000000e-05 2.792176358e-07
6.014240950e-05 2.793189414e-07
6.025596000e-05 2.793903294e-07
6.038452020e-05 2.794584900e-07
6.051814640e-05 2.795204430e-07
6.095369000e-05 2.796255647e-07
6.108615760e-05 2.797678603e-07
6.117523030e-05 2.798585465e-07
6.165949860e-05 2.804673584e-07
6.165950000e-05 2.804673587e-07
6.201546240e-05 2.807980012e-07
6.237348000e-05 2.812175368e-07
6.237348130e-05 2.812175398e-07
6.293421950e-05 2.820934806e-07
6.309573000e-05 2.823091055e-07
6.345998690e-05 2.831000106e-07
6.345999000e-05 2.831000189e-07
6.350000000e-05 2.831967925e-07
6.354625660e-05 2.833098380e-07
6.400000000e-05 2.843568610e-07
6.403049410e-05 2.844235319e-07
6.419482230e-05 2.847768577e-07
6.449806200e-05 2.855189597e-07
6.456542000e-05 2.856774307e-07
6.500000000e-05 2.869016630e-07
6.531306000e-05 2.877278497e-07
6.540000000e-05 2.880117615e-07
6.554769260e-05 2.884924950e-07
6.569010940e-05 2.889476530e-07
6.610000000e-05 2.903254306e-07
6.632568020e-05 2.910669107e-07
6.683439000e-05 2.928163348e-07
6.690000000e-05 2.930674464e-07
6.703000000e-05 2.935635774e-07
6.735400000e-05 2.947820826e-07
6.770000000e-05 2.963012188e-07
6.799860510e-05 2.975954654e-07
6.841858670e-05 2.994664033e-07
6.850000000e-05 2.998446505e-07
6.898425770e-05 3.020764323e-07
6.900000000e-05 3.021479037e-07
6.918310000e-05 3.029451194e-07
6.920000000e-05 3.030262715e-07
6.950000000e-05 3.044687697e-07
7.000000000e-05 3.072238216e-07
7.038822380e-05 3.093376724e-07
7.079458000e-05 3.115934781e-07
7.161434000e-05 3.160503881e-07
7.233941710e-05 3.208755312e-07
7.244360000e-05 3.215637735e-07
7.279739810e-05 3.238431564e-07
7.330000000e-05 3.271257245e-07
7.400000000e-05 3.316490802e-07
7.420000000e-05 3.331799688e-07
7.500000000e-05 3.392964779e-07
7.585776000e-05 3.458080576e-07
7.650000000e-05 3.508065163e-07
7.690000000e-05 3.542087599e-07
7.800000000e-05 3.635658862e-07
7.874990060e-05 3.702601496e-07
7.900000000e-05 3.724939740e-07
7.943282000e-05 3.766544583e-07
7.950000000e-05 3.772850204e-07
8.035261000e-05 3.853076287e-07
8.099114050e-05 3.915937553e-07
8.128305000e-05 3.944765971e-07
8.150000000e-05 3.966262308e-07
8.222426000e-05 4.042451320e-07
8.300000000e-05 4.124513977e-07
8.317638000e-05 4.143906316e-07
8.413951000e-05 4.247754481e-07
8.447316460e-05 4.285745088e-07
8.511380000e-05 4.359163912e-07
8.570000000e-05 4.426743702e-07
8.659642840e-05 4.533657373e-07
8.709636000e-05 4.593720405e-07
8.759916800e-05 4.655583123e-07
8.810489000e-05 4.718152174e-07
8.912509000e-05 4.848546927e-07
9.015711000e-05 4.981832141e-07
9.054719520e-05 5.034394739e-07
9.120108000e-05 5.123241102e-07
9.150000000e-05 5.164953006e-07
9.225714000e-05 5.269602475e-07
9.332543000e-05 5.418726721e-07
9.440609000e-05 5.571313159e-07
9.498526370e-05 5.658044361e-07
9.500000000e-05 5.660264916e-07
9.549926000e-05 5.735662455e-07
9.660509000e-05 5.902315701e-07
9.800000000e-05 6.115556613e-07
9.845599290e-05 6.186976292e-07
9.950000000e-05 6.352277505e-07
1.000000000e-04 6.432099700e-07
1.011420150e-04 6.621136453e-07
1.011579000e-04 6.623790080e-07
1.023293000e-04 6.818907771e-07
1.040000000e-04 7.105609341e-07
1.050000000e-04 7.279693823e-07
1.053090670e-04 7.333849732e-07
1.071519000e-04 7.661538001e-07
1.083927000e-04 7.885517265e-07
1.096478000e-04 8.120134324e-07
1.109175000e-04 8.361446601e-07
1.122018000e-04 8.608447372e-07
1.128496200e-04 8.734138133e-07
1.149806930e-04 9.156656290e-07
1.150000000e-04 9.160537616e-07
1.161449000e-04 9.391440116e-07
1.174898000e-04 9.665682247e-07
1.190000000e-04 9.979442473e-07
1.195363700e-04 1.009168331e-06
1.198593160e-04 1.016025840e-06
1.205000000e-04 1.029722523e-06
1.223207320e-04 1.069049489e-06
1.230269000e-04 1.084606238e-06
1.242976200e-04 1.112786184e-06
1.244515000e-04 1.116227524e-06
1.273503000e-04 1.181851421e-06
1.280000000e-04 1.196762467e-06
1.283157450e-04 1.204013524e-06
1.288250000e-04 1.215766305e-06
1.295686970e-04 1.232985943e-06
1.318257000e-04 1.286135351e-06
1.319380150e-04 1.288805966e-06
1.325866950e-04 1.304304639e-06
1.330000000e-04 1.314306224e-06
1.338300000e-04 1.334429257e-06
1.380384000e-04 1.438280212e-06
1.385247690e-04 1.450401347e-06
1.428894000e-04 1.561210489e-06
1.430000000e-04 1.564059138e-06
1.436797460e-04 1.581518730e-06
1.437143090e-04 1.582409697e-06
1.450000000e-04 1.616021563e-06
1.476714840e-04 1.686699015e-06
1.480000000e-04 1.695481137e-06
1.496236000e-04 1.739032159e-06
1.538679860e-04 1.854178422e-06
1.548817000e-04 1.882084862e-06
1.557758170e-04 1.906759124e-06
1.566751000e-04 1.931963987e-06
1.580000000e-04 1.969183503e-06
1.584893000e-04 1.982977627e-06
1.603245000e-04 2.035038612e-06
1.610000000e-04 2.054314182e-06
1.610000000e-04 2.999781860e-06
1.621810000e-04 3.047694861e-06
1.630000000e-04 3.081054498e-06
1.630000000e-04 3.765599743e-06
1.640590000e-04 3.814517301e-06
1.645318180e-04 3.836319825e-06
1.665100000e-04 3.927566089e-06
1.671000000e-04 3.954892135e-06
1.677000000e-04 3.988969712e-06
1.683000000e-04 4.031030193e-06
1.687000000e-04 4.063890441e-06
1.687400000e-04 4.067689044e-06
1.692000000e-04 4.111754305e-06
1.692500000e-04 4.117314542e-06
1.697000000e-04 4.170867420e-06
1.698244000e-04 4.187834150e-06
1.698500000e-04 4.191330477e-06
1.702000000e-04 4.242540037e-06
1.705000000e-04 4.292413085e-06
1.707000000e-04 4.327775507e-06
1.708583630e-04 4.358810941e-06
1.710000000e-04 4.386747498e-06
1.710507170e-04 4.397253765e-06
1.711000000e-04 4.407479076e-06
1.715000000e-04 4.499786746e-06
1.717000000e-04 4.548375843e-06
1.720000000e-04 4.630266740e-06
1.721200000e-04 4.664635012e-06
1.723000000e-04 4.716395353e-06
1.725000000e-04 4.779932159e-06
1.728500000e-04 4.896598726e-06
1.730000000e-04 4.951608853e-06
1.735000000e-04 5.143753681e-06
1.739992820e-04 5.362943033e-06
1.740000000e-04 5.363273983e-06
1.745000000e-04 5.603582297e-06
1.749978660e-04 5.870331855e-06
1.752000000e-04 5.983770243e-06
1.753721970e-04 6.084795737e-06
1.755995450e-04 6.224160371e-06
1.759351960e-04 6.434430737e-06
1.760000000e-04 6.477183211e-06
1.764992920e-04 6.820034930e-06
1.765000000e-04 6.820534109e-06
1.768995480e-04 7.107590072e-06
1.770000000e-04 7.182524318e-06
1.773000000e-04 7.412583681e-06
1.773738150e-04 7.469611915e-06
1.776995500e-04 7.727574340e-06
1.778279000e-04 7.832789541e-06
1.779360170e-04 7.921733114e-06
1.781000000e-04 8.060303900e-06
1.785000000e-04 8.403344560e-06
1.788000000e-04 8.666247543e-06
1.789993020e-04 8.844490818e-06
1.795000000e-04 9.306213037e-06
1.796000000e-04 9.399448893e-06
1.798871000e-04 9.667611832e-06
1.798995560e-04 9.679297260e-06
1.799965640e-04 9.771902616e-06
1.800000000e-04 9.775189285e-06
1.800494380e-04 9.822524076e-06
1.803000000e-04 1.006923218e-05
1.805000000e-04 1.026684061e-05
1.807494400e-04 1.051284226e-05
1.812000000e-04 1.096929543e-05
1.812400000e-04 1.101012002e-05
1.820000000e-04 1.179477158e-05
1.827000000e-04 1.253414835e-05
1.828000000e-04 1.264122146e-05
1.831291270e-04 1.299430659e-05
1.835000000e-04 1.339617872e-05
1.838000000e-04 1.372428206e-05
1.845000000e-04 1.449570533e-05
1.850000000e-04 1.505490965e-05
1.852270290e-04 1.530932092e-05
1.855000000e-04 1.561744292e-05
1.862087000e-04 1.642566395e-05
1.865000000e-04 1.675959115e-05
1.873000000e-04 1.768658917e-05
1.875000000e-04 1.791930720e-05
1.883649000e-04 1.893565806e-05
1.885000000e-04 1.909650432e-05
1.900000000e-04 2.088817541e-05
1.913787490e-04 2.255672043e-05
1.915000000e-04 2.270628738e-05
1.930000000e-04 2.454167080e-05
1.933535470e-04 2.496969090e-05
1.945000000e-04 2.638385814e-05
1.957000000e-04 2.785267021e-05
1.960000000e-04 2.821567112e-05
1.961101160e-04 2.834733240e-05
1.972422620e-04 2.972080420e-05
1.972423000e-04 2.972085092e-05
1.975000000e-04 3.003863981e-05
1.976400000e-04 3.020894240e-05
1.990000000e-04 3.182617977e-05
1.995262000e-04 3.245082780e-05
2.000000000e-04 3.299889736e-05
2.010000000e-04 3.417412877e-05
2.018366000e-04 3.510993318e-05
2.030000000e-04 3.643869159e-05
2.041738000e-04 3.770881454e-05
2.050000000e-04 3.862032896e-05
2.052900000e-04 3.893413596e-05
2.063110470e-04 3.999713513e-05
2.065380000e-04 4.023614695e-05
2.070000000e-04 4.072574642e-05
2.080000000e-04 4.177031876e-05
2.089296000e-04 4.270753670e-05
2.090000000e-04 4.277912587e-05
2.111746820e-04 4.495973856e-05
2.113489000e-04 4.513787590e-05
2.120000000e-04 4.577712796e-05
2.125690090e-04 4.632303096e-05
2.129004080e-04 4.664342155e-05
2.150000000e-04 4.871215128e-05
2.162718300e-04 4.990655692e-05
2.186859570e-04 5.223550238e-05
2.190000000e-04 5.254436441e-05
2.205000000e-04 5.400130132e-05
2.213095000e-04 5.476755371e-05
2.220000000e-04 5.542756744e-05
2.238721000e-04 5.724688934e-05
2.240000000e-04 5.737282568e-05
2.264644000e-04 5.977659025e-05
2.277718490e-04 6.103303421e-05
2.300000000e-04 6.321935507e-05
2.301362240e-04 6.335144294e-05
2.304093050e-04 6.361698630e-05
2.317395000e-04 6.492230806e-05
2.321007160e-04 6.526502515e-05
2.344229000e-04 6.750036755e-05
2.350000000e-04 6.806437539e-05
2.350985540e-04 6.815863668e-05
2.371373500e-04 7.012982226e-05
2.371374000e-04 7.012987116e-05
2.380000000e-04 7.097669775e-05
2.398625780e-04 7.273253966e-05
2.400000000e-04 7.286335506e-05
2.412681580e-04 7.404271686e-05
2.417895180e-04 7.453132394e-05
2.426610000e-04 7.535298411e-05
2.440619010e-04 7.668661292e-05
2.450000000e-04 7.758862269e-05
2.454709000e-04 7.802144597e-05
2.483133000e-04 8.057938140e-05
2.500000000e-04 8.212166984e-05
2.511886000e-04 8.321972745e-05
2.520000000e-04 8.393997791e-05
2.521847010e-04 8.409878837e-05
2.540972630e-04 8.575264102e-05
2.555641860e-04 8.703305274e-05
2.598394010e-04 9.082111994e-05
2.600159440e-04 9.097944150e-05
2.600160000e-04 9.097949185e-05
2.615170540e-04 9.224140875e-05
2.630268000e-04 9.351946037e-05
2.660725000e-04 9.611966128e-05
2.674722650e-04 9.732441928e-05
2.689598800e-04 9.861225590e-05
2.691535000e-04 9.878037819e-05
2.722701350e-04 1.013627383e-04
2.754229000e-04 1.039942901e-04
2.786121140e-04 1.066760334e-04
2.786121520e-04 1.066760654e-04
2.793440190e-04 1.072943696e-04
2.800000000e-04 1.078498404e-04
2.804474950e-04 1.082109161e-04
2.818383000e-04 1.093342031e-04
2.884032000e-04 1.146521419e-04
2.900681310e-04 1.160038780e-04
2.909009370e-04 1.166813936e-04
2.917427000e-04 1.173664285e-04
2.917427190e-04 1.173664432e-04
3.002617510e-04 1.239580065e-04
3.003668370e-04 1.240389138e-04
3.019952000e-04 1.252911029e-04
3.020029610e-04 1.252968515e-04
3.040000000e-04 1.267737052e-04
3.040000000e-04 1.390490727e-04
3.040000000e-04 1.390490727e-04
3.054921000e-04 1.403722534e-04
3.072557570e-04 1.419354669e-04
3.089018320e-04 1.433933988e-04
3.099342730e-04 1.443067519e-04
3.115000000e-04 1.456910423e-04
3.126079000e-04 1.466530543e-04
3.126079720e-04 1.466531168e-04
3.150000000e-04 1.487248663e-04
3.150000000e-04 1.547692708e-04
3.165686640e-04 1.561985211e-04
3.199060080e-04 1.592272595e-04
3.200000000e-04 1.593124277e-04
3.222234970e-04 1.613030563e-04
3.229648540e-04 1.619652029e-04
3.235936200e-04 1.625394792e-04
3.235937000e-04 1.625395523e-04
3.280000000e-04 1.665463444e-04
3.304463370e-04 1.687433768e-04
3.311311000e-04 1.693560152e-04
3.330000000e-04 1.709984418e-04
3.349654000e-04 1.727120354e-04
3.349654860e-04 1.727121102e-04
3.350000000e-04 1.727421102e-04
3.372383480e-04 1.746580205e-04
3.408003270e-04 1.777390667e-04
3.408003320e-04 1.777390713e-04
3.412523940e-04 1.781411312e-04
3.417826210e-04 1.786120355e-04
3.427987290e-04 1.795124280e-04
3.430000000e-04 1.796905750e-04
3.447732840e-04 1.812395681e-04
3.467369000e-04 1.829457157e-04
3.495882120e-04 1.853937715e-04
3.507519000e-04 1.863847749e-04
3.522694780e-04 1.876653569e-04
3.537936600e-04 1.889429289e-04
3.550000000e-04 1.899477230e-04
3.568617750e-04 1.914691040e-04
3.568859030e-04 1.914892487e-04
3.589219000e-04 1.931823330e-04
3.599704080e-04 1.940478007e-04
3.609940130e-04 1.948897844e-04
3.624752750e-04 1.961519932e-04
3.630781000e-04 1.966633181e-04
3.646489950e-04 1.979891440e-04
3.672823000e-04 2.001894976e-04
3.678299070e-04 2.006399316e-04
3.687779680e-04 2.014174734e-04
3.704674430e-04 2.027940416e-04
3.715352000e-04 2.036574754e-04
3.758374000e-04 2.070843263e-04
3.760465820e-04 2.072480381e-04
3.801894000e-04 2.105315411e-04
3.818343880e-04 2.118079258e-04
3.823842510e-04 2.122315037e-04
3.834864320e-04 2.131198937e-04
3.840718520e-04 2.135894520e-04
3.848783660e-04 2.142341763e-04
3.850200000e-04 2.143472228e-04
3.862557800e-04 2.153312856e-04
3.868120510e-04 2.157718067e-04
3.935501000e-04 2.209897537e-04
3.952528530e-04 2.222831456e-04
3.956085000e-04 2.225512993e-04
3.960423760e-04 2.228775077e-04
3.970000000e-04 2.236205950e-04
3.970000000e-04 2.339575095e-04
4.000000000e-04 2.364087744e-04
4.015596030e-04 2.376640259e-04
4.027170000e-04 2.385867808e-04
4.038778140e-04 2.395053722e-04
4.050000000e-04 2.403878422e-04
4.050419660e-04 2.404203924e-04
4.073803000e-04 2.423233986e-04
4.107671740e-04 2.450696366e-04
4.120975000e-04 2.461338156e-04
4.125239820e-04 2.464713588e-04
4.138805320e-04 2.475380018e-04
4.156712690e-04 2.489294839e-04
4.168694000e-04 2.498496483e-04
4.192759800e-04 2.517295602e-04
4.202715320e-04 2.524978906e-04
4.216965000e-04 2.535883508e-04
4.256835740e-04 2.567273846e-04
4.265795000e-04 2.574197233e-04
4.280000000e-04 2.585005791e-04
4.284251730e-04 2.588199794e-04
4.315190900e-04 2.611093118e-04
4.321405270e-04 2.615979080e-04
4.323182450e-04 2.617373419e-04
4.340102710e-04 2.630607330e-04
4.352612260e-04 2.640302038e-04
4.358280320e-04 2.644664466e-04
4.365158000e-04 2.649931964e-04
4.415704000e-04 2.688295882e-04
4.420473160e-04 2.691834280e-04
4.441196280e-04 2.707052882e-04
4.466836000e-04 2.726144877e-04
4.486162300e-04 2.740637537e-04
4.505572350e-04 2.754957072e-04
4.514997990e-04 2.761823372e-04
4.518559000e-04 2.764402552e-04
4.531583880e-04 2.773707524e-04
4.544645040e-04 2.782949747e-04
4.544645460e-04 2.782950040e-04
4.550000000e-04 2.786918065e-04
4.557744390e-04 2.792655796e-04
4.573349570e-04 2.804579674e-04
4.623810000e-04 2.842148196e-04
4.643815830e-04 2.856592397e-04
4.663908360e-04 2.870834362e-04
4.677351000e-04 2.880843294e-04
4.731512410e-04 2.920348979e-04
4.731513000e-04 2.920349404e-04
4.745150470e-04 2.929968159e-04
4.758827520e-04 2.939502379e-04
4.786301000e-04 2.959026881e-04
4.789745780e-04 2.961485270e-04
4.813932390e-04 2.978526853e-04
4.855679710e-04 3.007014788e-04
4.869675470e-04 3.016302913e-04
4.874744000e-04 3.019641825e-04
4.883711140e-04 3.025900677e-04
4.897567530e-04 3.035923878e-04
4.897788350e-04 3.036082646e-04
4.897788370e-04 3.036082660e-04
4.940262100e-04 3.066272759e-04
4.954502000e-04 3.076133038e-04
4.966995620e-04 3.084677616e-04
4.983104780e-04 3.095552853e-04
5.010482180e-04 3.113626258e-04
5.011872000e-04 3.114603188e-04
5.069907000e-04 3.155097037e-04
5.069907150e-04 3.155097148e-04
5.084520380e-04 3.164934730e-04
5.099176150e-04 3.174689818e-04
5.106318220e-04 3.179396864e-04
5.113873400e-04 3.184338673e-04
5.113874040e-04 3.184339107e-04
5.150000000e-04 3.208649046e-04
5.167974120e-04 3.220878827e-04
5.188000430e-04 3.234273096e-04
5.232351080e-04 3.262970726e-04
5.248075000e-04 3.272911072e-04
5.264479240e-04 3.283095709e-04
5.270781030e-04 3.287204130e-04
5.278372160e-04 3.292421990e-04
5.278372210e-04 3.292422024e-04
5.296261110e-04 3.304630087e-04
5.308844000e-04 3.313094633e-04
5.324026950e-04 3.323186822e-04
5.324146840e-04 3.323266006e-04
5.352005600e-04 3.341436709e-04
5.370318000e-04 3.353854612e-04
5.370318190e-04 3.353854736e-04
5.400000000e-04 3.373553897e-04
5.416890080e-04 3.384417363e-04
5.432503000e-04 3.394290749e-04
5.444151230e-04 3.401788475e-04
5.448161610e-04 3.404352192e-04
5.463865590e-04 3.414317133e-04
5.468248110e-04 3.417068706e-04
5.486031160e-04 3.428100105e-04
5.495409000e-04 3.434293028e-04
5.545784440e-04 3.466484872e-04
5.559043000e-04 3.475143660e-04
5.574383790e-04 3.485029258e-04
5.580000000e-04 3.488653231e-04
5.607250910e-04 3.505962510e-04
5.623312020e-04 3.515934967e-04
5.623413000e-04 3.515997128e-04
5.629438570e-04 3.519839940e-04
5.664022990e-04 3.541468354e-04
5.688529650e-04 3.556366386e-04
5.720151070e-04 3.574984738e-04
5.721369800e-04 3.575739622e-04
5.737860510e-04 3.585874284e-04
5.754399000e-04 3.596718731e-04
5.762595770e-04 3.602019740e-04
5.787620160e-04 3.617941790e-04
5.820705700e-04 3.638377633e-04
5.821032000e-04 3.638576844e-04
5.887296160e-04 3.677547630e-04
5.888436170e-04 3.678191883e-04
5.888437000e-04 3.678192356e-04
5.900000000e-04 3.684691536e-04
5.913913860e-04 3.692688084e-04
5.939501710e-04 3.708647511e-04
5.973790640e-04 3.729383231e-04
5.991009000e-04 3.739527937e-04
5.991009030e-04 3.739527950e-04
5.991009200e-04 3.739528053e-04
6.008024900e-04 3.749581262e-04
6.025595600e-04 3.759835117e-04
6.034468220e-04 3.764973016e-04
6.060382250e-04 3.780414254e-04
6.095369000e-04 3.800648238e-04
6.112050100e-04 3.810623560e-04
6.137326800e-04 3.825400485e-04
6.143805900e-04 3.829312333e-04
6.148228090e-04 3.831970580e-04
6.237348000e-04 3.882864936e-04
6.237348340e-04 3.882865109e-04
6.241208660e-04 3.884970158e-04
6.280696370e-04 3.907684510e-04
6.286228630e-04 3.910791928e-04
6.294911300e-04 3.915629571e-04
6.300366980e-04 3.918836095e-04
6.309573000e-04 3.924252903e-04
6.327759920e-04 3.934799424e-04
6.345998970e-04 3.945219158e-04
6.352873800e-04 3.949092778e-04
6.437985350e-04 3.998532610e-04
6.456542000e-04 4.008722545e-04
6.456542020e-04 4.008722555e-04
6.493816250e-04 4.029384164e-04
6.512533840e-04 4.039799575e-04
6.524128640e-04 4.046142553e-04
6.527634730e-04 4.048235422e-04
6.556847330e-04 4.065422329e-04
6.569011040e-04 4.072428948e-04
6.592687510e-04 4.085810870e-04
6.606934000e-04 4.093709880e-04
6.606934300e-04 4.093710063e-04
6.683439000e-04 4.136453343e-04
6.700000000e-04 4.145229144e-04
6.719189340e-04 4.155830692e-04
6.722023000e-04 4.157379491e-04
6.741398580e-04 4.168422118e-04
6.760830000e-04 4.179273817e-04
6.780316580e-04 4.190000380e-04
6.831738760e-04 4.217306442e-04
6.839116000e-04 4.221097136e-04
6.851822400e-04 4.227546374e-04
6.858829160e-04 4.231349483e-04
6.866535270e-04 4.235499341e-04
6.878598830e-04 4.241934221e-04
6.898425880e-04 4.252420875e-04
6.918310000e-04 4.263410483e-04
6.967942670e-04 4.289813340e-04
6.993385740e-04 4.303875645e-04
6.998420290e-04 4.306614362e-04
7.028699430e-04 4.323384844e-04
7.048958870e-04 4.334308938e-04
7.079458000e-04 4.350383752e-04
7.079458130e-04 4.350383850e-04
7.093634670e-04 4.357990555e-04
7.145823330e-04 4.385025307e-04
7.161434000e-04 4.393601403e-04
7.198891010e-04 4.413694695e-04
7.200186240e-04 4.414375103e-04
7.202777800e-04 4.415734103e-04
7.244359690e-04 4.437003213e-04
7.244360000e-04 4.437003364e-04
7.299153630e-04 4.465374561e-04
7.328245000e-04 4.479747079e-04
7.351185750e-04 4.491576513e-04
7.370551790e-04 4.501326350e-04
7.391796740e-04 4.512407237e-04
7.413102000e-04 4.523263338e-04
7.455898560e-04 4.544277454e-04
7.468388050e-04 4.550272416e-04
7.498941790e-04 4.564577722e-04
7.517047830e-04 4.573553970e-04
7.531387290e-04 4.580638218e-04
7.542233600e-04 4.585927994e-04
7.542234010e-04 4.585928227e-04
7.563973470e-04 4.596782046e-04
7.585775400e-04 4.608175826e-04
7.585776000e-04 4.608176134e-04
7.625495040e-04 4.628267219e-04
7.629568640e-04 4.630278155e-04
7.684665850e-04 4.659004981e-04
7.706815780e-04 4.670212720e-04
7.713750840e-04 4.673681125e-04
7.717914860e-04 4.675755870e-04
7.729625120e-04 4.681541060e-04
7.762471000e-04 4.697400250e-04
7.762471430e-04 4.697400470e-04
7.800000000e-04 4.715768005e-04
7.829787700e-04 4.729900745e-04
7.837923640e-04 4.734097923e-04
7.852356000e-04 4.741458417e-04
7.897688770e-04 4.764140799e-04
7.920452390e-04 4.775112427e-04
7.960447380e-04 4.793701821e-04
7.966177880e-04 4.796306813e-04
8.000000000e-04 4.812380580e-04
8.035261000e-04 4.828489368e-04
8.035261080e-04 4.828489403e-04
8.041044830e-04 4.831357566e-04
8.043576570e-04 4.832625518e-04
8.104943940e-04 4.862409424e-04
8.122458590e-04 4.870541936e-04
8.128305000e-04 4.873355521e-04
8.147930050e-04 4.882669834e-04
8.167713670e-04 4.892055284e-04
8.218971720e-04 4.915399644e-04
8.222426000e-04 4.916925975e-04
8.222426400e-04 4.916926148e-04
8.241677870e-04 4.926136736e-04
8.300168250e-04 4.954369004e-04
8.317637510e-04 4.962473928e-04
8.317637870e-04 4.962474095e-04
8.317638000e-04 4.962474155e-04
8.365655950e-04 4.984819731e-04
8.413951000e-04 5.008157891e-04
8.423795790e-04 5.012816187e-04
8.462525250e-04 5.031793124e-04
8.462525450e-04 5.031793220e-04
8.497969500e-04 5.048586159e-04
8.511380000e-04 5.054788338e-04
8.511380520e-04 5.054788580e-04
8.558718330e-04 5.076209797e-04
8.585191890e-04 5.087725496e-04
8.609938000e-04 5.099418634e-04
8.647189570e-04 5.117601414e-04
8.659643250e-04 5.123558911e-04
8.684603290e-04 5.135272687e-04
8.722178590e-04 5.152329842e-04
8.803544720e-04 5.186801030e-04
8.810488390e-04 5.189592229e-04
8.810489000e-04 5.189592472e-04
8.824313320e-04 5.195712274e-04
8.861351910e-04 5.212723830e-04
8.886893820e-04 5.224339638e-04
8.910905630e-04 5.234971181e-04
8.912509000e-04 5.235671108e-04
8.931769030e-04 5.243999593e-04
8.963962110e-04 5.257597479e-04
8.988590420e-04 5.268235657e-04
9.041698230e-04 5.291300115e-04
9.113802130e-04 5.323660983e-04
9.120108000e-04 5.326514082e-04
9.120108060e-04 5.326514103e-04
9.172759070e-04 5.349659397e-04
9.219078310e-04 5.368967123e-04
9.225714000e-04 5.371865501e-04
9.251057200e-04 5.382984900e-04
9.278974600e-04 5.394884760e-04
9.304897650e-04 5.405603989e-04
9.332542710e-04 5.417417519e-04
9.332543000e-04 5.417417642e-04
9.345983150e-04 5.423160483e-04
9.354393310e-04 5.426718607e-04
9.372921720e-04 5.435078554e-04
9.440607500e-04 5.464359371e-04
9.495109770e-04 5.486846231e-04
9.500000000e-04 5.488795635e-04
9.514665120e-04 5.494888242e-04
9.522478230e-04 5.498093852e-04
9.522479310e-04 5.498094290e-04
9.548208180e-04 5.508521177e-04
9.561098860e-04 5.513642989e-04
9.577451970e-04 5.520696281e-04
9.605058190e-04 5.532908480e-04
9.681385090e-04 5.565433834e-04
9.717288870e-04 5.579867612e-04
9.734031590e-04 5.586395368e-04
9.744285390e-04 5.590611310e-04
9.751301290e-04 5.593469446e-04
9.772369370e-04 5.601976258e-04
9.772372000e-04 5.601977327e-04
9.899767840e-04 5.654662471e-04
9.912687810e-04 5.659665668e-04
9.913331100e-04 5.659913665e-04
9.956918600e-04 5.677168134e-04
1.000000000e-03 5.694489350e-04
1.002882390e-03 5.705643358e-04
1.002934390e-03 5.705863424e-04
1.004996980e-03 5.714501537e-04
1.010488520e-03 5.737782076e-04
1.011579000e-03 5.742289146e-04
1.012671920e-03 5.746801008e-04
1.019514940e-03 5.774272372e-04
1.022556970e-03 5.785859974e-04
1.025846720e-03 5.798974169e-04
1.026242560e-03 5.800620363e-04
1.029200430e-03 5.812716996e-04
1.035142000e-03 5.835964938e-04
1.035334300e-03 5.836712767e-04
1.037565800e-03 5.845487959e-04
1.041226510e-03 5.860636430e-04
1.046375440e-03 5.881058791e-04
1.047129000e-03 5.883954823e-04
1.047693870e-03 5.886196419e-04
1.051658970e-03 5.901835251e-04
1.059253650e-03 5.930037090e-04
1.060493090e-03 5.934658573e-04
1.061733880e-03 5.939704512e-04
1.062306740e-03 5.942013790e-04
1.062307350e-03 5.942016234e-04
1.072017300e-03 5.981540191e-04
1.074663860e-03 5.991962449e-04
1.077705710e-03 6.003631558e-04
1.083927000e-03 6.026474319e-04
1.085195230e-03 6.031243040e-04
1.086268980e-03 6.035230473e-04
1.086660040e-03 6.036677163e-04
1.089400790e-03 6.046643561e-04
1.096478250e-03 6.072871451e-04
1.098057330e-03 6.078838885e-04
1.101222770e-03 6.091504068e-04
1.109175000e-03 6.121817009e-04
1.110000000e-03 6.124826351e-04
1.110173380e-03 6.125462814e-04
1.112371850e-03 6.133865950e-04
1.115578230e-03 6.145788272e-04
1.122018000e-03 6.169020780e-04
1.123230080e-03 6.173219587e-04
1.126012340e-03 6.183609920e-04
1.130629380e-03 6.201148110e-04
1.134194290e-03 6.214134036e-04
1.135010940e-03 6.217040321e-04
1.135011000e-03 6.217040547e-04
1.135644070e-03 6.219358695e-04
1.137464040e-03 6.226125236e-04
1.138282550e-03 6.229154343e-04
1.142487630e-03 6.244315619e-04
1.150195490e-03 6.273151567e-04
1.150841610e-03 6.275624673e-04
1.154781550e-03 6.290375503e-04
1.160613400e-03 6.311215712e-04
1.164770060e-03 6.325279598e-04
1.164796390e-03 6.325366593e-04
1.164796400e-03 6.325366629e-04
1.171994780e-03 6.350148126e-04
1.174898000e-03 6.360828235e-04
1.175225270e-03 6.362061660e-04
1.176271840e-03 6.366111882e-04
1.177648570e-03 6.371382807e-04
1.179980540e-03 6.380158402e-04
1.181680320e-03 6.386455392e-04
1.187647290e-03 6.407825058e-04
1.190214280e-03 6.417100811e-04
1.191050410e-03 6.420241101e-04
1.202264000e-03 6.459942832e-04
1.203671280e-03 6.464938753e-04
1.209205590e-03 6.483897676e-04
1.216186000e-03 6.506399775e-04
1.217499770e-03 6.510602795e-04
1.217937410e-03 6.512087507e-04
1.218813770e-03 6.515050527e-04
1.219808310e-03 6.518396529e-04
1.222766890e-03 6.528816854e-04
1.230269000e-03 6.555587139e-04
1.231586900e-03 6.560087999e-04
1.233814440e-03 6.567558842e-04
1.235369460e-03 6.572672137e-04
1.235592130e-03 6.573460588e-04
1.238373610e-03 6.583246432e-04
1.245858430e-03 6.609502779e-04
1.249588080e-03 6.621909737e-04
1.254263510e-03 6.637216646e-04
1.258019450e-03 6.649610138e-04
1.258925000e-03 6.652525752e-04
1.262554220e-03 6.664362776e-04
1.262554260e-03 6.664362907e-04
1.263080680e-03 6.666085274e-04
1.273503000e-03 6.701548163e-04
1.275240300e-03 6.707101863e-04
1.276255460e-03 6.710400688e-04
1.276484320e-03 6.711147576e-04
1.278481450e-03 6.717592024e-04
1.284271260e-03 6.736701907e-04
1.287323010e-03 6.747317938e-04
1.288249180e-03 6.750480172e-04
1.288944680e-03 6.753002040e-04
1.295686490e-03 6.776749094e-04
1.298486880e-03 6.786218818e-04
1.303167000e-03 6.801877779e-04
1.304691020e-03 6.807008785e-04
1.306217930e-03 6.812075972e-04
1.314467900e-03 6.838129689e-04
1.314709360e-03 6.838858319e-04
1.316725560e-03 6.845111659e-04
1.318257000e-03 6.850361610e-04
1.322056640e-03 6.863148966e-04
1.323960370e-03 6.869659826e-04
1.333521000e-03 6.900752904e-04
1.333521120e-03 6.900753273e-04
1.335081570e-03 6.906015627e-04
1.338809540e-03 6.918280834e-04
1.350000000e-03 6.954501585e-04
1.350905180e-03 6.957452275e-04
1.351391700e-03 6.959028267e-04
1.354312400e-03 6.968336293e-04
1.355400000e-03 6.971849617e-04
1.356750650e-03 6.976234243e-04
1.362620360e-03 6.994797290e-04
1.364583000e-03 7.000789847e-04
1.367532210e-03 7.009565680e-04
1.368639560e-03 7.012808816e-04
1.369436950e-03 7.015280186e-04
1.380384000e-03 7.049484033e-04
1.381874560e-03 7.054088271e-04
1.382372090e-03 7.055610499e-04
1.384549870e-03 7.062184801e-04
1.385321530e-03 7.064479587e-04
1.386356750e-03 7.067648610e-04
1.386673700e-03 7.068621936e-04
1.391447440e-03 7.084147537e-04
1.405566640e-03 7.129024708e-04
1.412538000e-03 7.148957312e-04
1.414062810e-03 7.153242844e-04
1.414229970e-03 7.153708426e-04
1.415080490e-03 7.156064972e-04
1.416608710e-03 7.160267573e-04
1.417361700e-03 7.162464004e-04
1.426373880e-03 7.190014615e-04
1.431446880e-03 7.205708089e-04
1.431981630e-03 7.207393212e-04
1.438306720e-03 7.226929407e-04
1.440822580e-03 7.234376690e-04
1.441868540e-03 7.237726417e-04
1.444399730e-03 7.245707802e-04
1.449606420e-03 7.262669402e-04
1.455746810e-03 7.281769360e-04
1.462177000e-03 7.300687781e-04
1.467709300e-03 7.316799040e-04
1.468490340e-03 7.319003189e-04
1.475454160e-03 7.338526805e-04
1.476744010e-03 7.341988541e-04
1.478044720e-03 7.345882172e-04
1.479108000e-03 7.349044587e-04
1.484432490e-03 7.364974269e-04
1.487011660e-03 7.372764270e-04
1.487111860e-03 7.373064480e-04
1.498390150e-03 7.408021323e-04
1.504183740e-03 7.424617920e-04
1.509141810e-03 7.438937637e-04
1.511904320e-03 7.446621606e-04
1.513561000e-03 7.451244619e-04
1.521751640e-03 7.474608456e-04
1.522298860e-03 7.476112479e-04
1.531087000e-03 7.500413202e-04
1.532740740e-03 7.504983204e-04
1.533292250e-03 7.506491254e-04
1.535172430e-03 7.512034339e-04
1.539382890e-03 7.524170382e-04
1.540981960e-03 7.528961719e-04
1.545305030e-03 7.541580718e-04
1.555517670e-03 7.570179181e-04
1.559019480e-03 7.579875049e-04
1.566321750e-03 7.599034142e-04
1.566750720e-03 7.600174748e-04
1.566751000e-03 7.600175553e-04
1.568442870e-03 7.605095246e-04
1.579023790e-03 7.637096152e-04
1.584893000e-03 7.653614134e-04
1.586834820e-03 7.658900353e-04
1.590006170e-03 7.667787502e-04
1.595333670e-03 7.682135608e-04
1.596794700e-03 7.686232699e-04
1.606709970e-03 7.713508978e-04
1.609512550e-03 7.721279589e-04
1.612501070e-03 7.729348120e-04
1.615803890e-03 7.738049153e-04
1.618109230e-03 7.744436075e-04
1.621809910e-03 7.755052058e-04
1.621809960e-03 7.755052221e-04
1.640590000e-03 7.810039959e-04
1.647002750e-03 7.826834220e-04
1.647688210e-03 7.828736523e-04
1.650000000e-03 7.835105174e-04
1.654817020e-03 7.848796297e-04
1.659587000e-03 7.861867531e-04
1.661977190e-03 7.868451196e-04
1.673766690e-03 7.898886543e-04
1.678804000e-03 7.911436323e-04
1.683643140e-03 7.924626874e-04
1.694843190e-03 7.952998499e-04
1.698243760e-03 7.961508640e-04
1.700077830e-03 7.966232697e-04
1.700689360e-03 7.967790604e-04
1.701913820e-03 7.971157798e-04
1.708047770e-03 7.987618523e-04
1.709233360e-03 7.990735206e-04
1.714203990e-03 8.003907335e-04
1.722240440e-03 8.024100611e-04
1.727825950e-03 8.037228478e-04
1.729225430e-03 8.040744518e-04
1.732367690e-03 8.048473249e-04
1.739677470e-03 8.066749136e-04
1.745319750e-03 8.081400636e-04
1.751413610e-03 8.096600790e-04
1.755049710e-03 8.105261298e-04
1.756738230e-03 8.109344970e-04
1.757923740e-03 8.112173968e-04
1.757924000e-03 8.112174634e-04
1.760138710e-03 8.117767208e-04
1.761055290e-03 8.120060256e-04
1.765529550e-03 8.131516215e-04
1.769504000e-03 8.142345471e-04
1.782882320e-03 8.178687478e-04
1.785230830e-03 8.184954423e-04
1.792209010e-03 8.202866958e-04
1.795395730e-03 8.211290026e-04
1.802758230e-03 8.229996922e-04
1.809256280e-03 8.245769605e-04
1.816131140e-03 8.261538328e-04
1.818780420e-03 8.267721227e-04
1.819701000e-03 8.269834341e-04
1.823633190e-03 8.279069352e-04
1.826087200e-03 8.285426389e-04
1.826813920e-03 8.287372515e-04
1.843423080e-03 8.332578414e-04
1.848736780e-03 8.345826733e-04
1.849609840e-03 8.347960755e-04
1.850000000e-03 8.348915359e-04
1.862087000e-03 8.378021765e-04
1.866745810e-03 8.389230120e-04
1.872837210e-03 8.403193318e-04
1.875643340e-03 8.409713075e-04
1.883649000e-03 8.428215002e-04
1.885683270e-03 8.433082394e-04
1.886361700e-03 8.434687230e-04
1.891798920e-03 8.447203358e-04
1.898372680e-03 8.462630240e-04
1.900000000e-03 8.466517560e-04
1.903548170e-03 8.475136483e-04
1.905461000e-03 8.479678289e-04
1.909578740e-03 8.489239237e-04
1.913705160e-03 8.498551791e-04
1.916460930e-03 8.504940676e-04
1.918012990e-03 8.508520297e-04
1.918185490e-03 8.508915163e-04
1.929606360e-03 8.535389366e-04
1.933080680e-03 8.542914207e-04
1.938813790e-03 8.556105494e-04
1.941575480e-03 8.562611334e-04
1.942623510e-03 8.565231602e-04
1.947040790e-03 8.576042840e-04
1.958280830e-03 8.601995360e-04
1.960116560e-03 8.606055533e-04
1.962689210e-03 8.611635098e-04
1.969709000e-03 8.626178596e-04
1.971003880e-03 8.628884678e-04
1.972423000e-03 8.632153460e-04
1.973854870e-03 8.635431402e-04
1.976685250e-03 8.642101836e-04
1.980132640e-03 8.650570363e-04
1.983196320e-03 8.657908687e-04
1.987873040e-03 8.669708589e-04
1.993203060e-03 8.682657158e-04
2.014996430e-03 8.732315793e-04
2.018366000e-03 8.739670370e-04
2.022000580e-03 8.747363014e-04
2.022727940e-03 8.748885313e-04
2.026255970e-03 8.756266800e-04
2.028970610e-03 8.761783179e-04
2.029288190e-03 8.762459408e-04
2.030018800e-03 8.764219430e-04
2.031123960e-03 8.766881256e-04
2.039180690e-03 8.786272357e-04
2.041738000e-03 8.792571060e-04
2.047622660e-03 8.807214457e-04
2.065379830e-03 8.847589035e-04
2.065380000e-03 8.847589370e-04
2.073569900e-03 8.864928667e-04
2.074316680e-03 8.866447852e-04
2.075163580e-03 8.868172727e-04
2.076002400e-03 8.869940958e-04
2.080108280e-03 8.879154602e-04
2.083000000e-03 8.885500061e-04
2.083000000e-03 3.366796398e-03
2.089296000e-03 3.376539951e-03
2.092304940e-03 3.381196022e-03
2.093345690e-03 3.382796344e-03
2.101357900e-03 3.395011300e-03
2.107414380e-03 3.404115030e-03
2.113489000e-03 3.413064113e-03
2.118126120e-03 3.419828211e-03
2.119771240e-03 3.422220196e-03
2.124782320e-03 3.429422565e-03
2.140270940e-03 3.450892965e-03
2.142582530e-03 3.453990143e-03
2.143019870e-03 3.454573849e-03
2.144124490e-03 3.456055383e-03
2.145000000e-03 3.457245504e-03
2.147212560e-03 3.459210743e-03
2.147342900e-03 3.459327308e-03
2.150304630e-03 3.461990660e-03
2.155096560e-03 3.466194687e-03
2.158000000e-03 3.468668963e-03
2.158000000e-03 4.801628415e-03
2.159700000e-03 4.803867298e-03
2.162199790e-03 4.807277370e-03
2.168000000e-03 4.815054154e-03
2.176965690e-03 4.832305270e-03
2.177409590e-03 4.833144835e-03
2.181976340e-03 4.841760550e-03
2.183043810e-03 4.843753367e-03
2.186188050e-03 4.849576801e-03
2.190000000e-03 4.856636197e-03
2.193598770e-03 4.862031318e-03
2.195855850e-03 4.865365906e-03
2.197227380e-03 4.867389409e-03
2.204063090e-03 4.877263711e-03
2.204899030e-03 4.878458435e-03
2.213095000e-03 4.889869015e-03
2.217877490e-03 4.896304628e-03
2.222925920e-03 4.902974608e-03
2.224317340e-03 4.904775549e-03
2.233090180e-03 4.916903982e-03
2.239866280e-03 4.925857330e-03
2.241541770e-03 4.928375560e-03
2.247324740e-03 4.936900096e-03
2.247472500e-03 4.937116665e-03
2.250835680e-03 4.942000025e-03
2.251494180e-03 4.942965127e-03
2.258135820e-03 4.952627109e-03
2.264644000e-03 4.961821173e-03
2.277718450e-03 4.979287083e-03
2.286441660e-03 4.990183664e-03
2.287736140e-03 4.991747470e-03
2.287984870e-03 4.992049555e-03
2.290868000e-03 4.995522748e-03
2.300000000e-03 5.007001862e-03
2.314061800e-03 5.023473433e-03
2.315299950e-03 5.024847258e-03
2.317394400e-03 5.027170046e-03
2.317395000e-03 5.027170715e-03
2.324074600e-03 5.034472138e-03
2.327421420e-03 5.037989442e-03
2.332178900e-03 5.042831488e-03
2.339174200e-03 5.049656477e-03
2.344229000e-03 5.054380368e-03
2.344799190e-03 5.054900678e-03
2.350986110e-03 5.061861524e-03
2.353524980e-03 5.064658137e-03
2.355483440e-03 5.066779475e-03
2.357269580e-03 5.068686951e-03
2.357761990e-03 5.069215969e-03
2.359408670e-03 5.070970711e-03
2.360704540e-03 5.072526387e-03
2.365409120e-03 5.078110794e-03
2.375000000e-03 5.088963030e-03
2.375000000e-03 5.830652596e-03
2.385064170e-03 5.845964690e-03
2.388498470e-03 5.851081813e-03
2.397107780e-03 5.863463000e-03
2.400000000e-03 5.867514077e-03
2.401855870e-03 5.870284691e-03
2.403151910e-03 5.872212780e-03
2.405963970e-03 5.876352658e-03
2.411466520e-03 5.884258105e-03
2.412681680e-03 5.885982413e-03
2.423556370e-03 5.900880051e-03
2.426610000e-03 5.904882327e-03
2.430000000e-03 5.909229385e-03
2.435356110e-03 5.916227014e-03
2.437109660e-03 5.918463340e-03
2.438146690e-03 5.919793398e-03
2.446058560e-03 5.929730605e-03
2.449966960e-03 5.934434633e-03
2.450253050e-03 5.934776077e-03
2.455604570e-03 5.941071800e-03
2.465329780e-03 5.954016581e-03
2.467992340e-03 5.957425620e-03
2.472022100e-03 5.962529624e-03
2.472213240e-03 5.962770328e-03
2.476567380e-03 5.968174280e-03
2.476887740e-03 5.968565389e-03
2.478835540e-03 5.970964183e-03
2.479562140e-03 5.971885982e-03
2.479751800e-03 5.972125865e-03
2.483133000e-03 5.976379435e-03
2.498151810e-03 5.994092766e-03
2.499212340e-03 5.995512548e-03
2.502048940e-03 5.999691400e-03
2.505568430e-03 6.004835201e-03
2.519126530e-03 6.023753011e-03
2.523045560e-03 6.028942327e-03
2.523946530e-03 6.030117482e-03
2.524667130e-03 6.031060125e-03
2.525308580e-03 6.031902087e-03
2.526842260e-03 6.033903815e-03
2.537775490e-03 6.047609583e-03
2.540973000e-03 6.051507807e-03
2.551048600e-03 6.063338490e-03
2.555476190e-03 6.068264982e-03
2.555641790e-03 6.068448490e-03
2.559680680e-03 6.072858047e-03
2.563358890e-03 6.076888218e-03
2.567161170e-03 6.081976644e-03
2.570396000e-03 6.086224851e-03
2.596293990e-03 6.119546055e-03
2.600160000e-03 6.124099125e-03
2.607097330e-03 6.132130520e-03
2.607654460e-03 6.132759457e-03
2.607888650e-03 6.133023076e-03
2.609454830e-03 6.134774616e-03
2.611409500e-03 6.136947461e-03
2.611762120e-03 6.137336533e-03
2.615170620e-03 6.141044810e-03
2.622040200e-03 6.148318176e-03
2.626485650e-03 6.152990832e-03
2.627334630e-03 6.153959562e-03
2.630268000e-03 6.157295394e-03
2.640698380e-03 6.170993600e-03
2.644117870e-03 6.175302317e-03
2.651348260e-03 6.184161869e-03
2.653078270e-03 6.186221149e-03
2.654032460e-03 6.187356574e-03
2.672080610e-03 6.207496903e-03
2.672237240e-03 6.207664193e-03
2.674592800e-03 6.210179857e-03
2.674825540e-03 6.210429139e-03
2.676567200e-03 6.212295279e-03
2.677319700e-03 6.213166823e-03
2.684417600e-03 6.221170478e-03
2.691535000e-03 6.228796821e-03
2.699292880e-03 6.236657832e-03
2.699535970e-03 6.236958784e-03
2.707073170e-03 6.246068768e-03
2.715852940e-03 6.256164153e-03
2.718439540e-03 6.259052710e-03
2.719274830e-03 6.260015002e-03
2.721171300e-03 6.262183108e-03
2.722701000e-03 6.264040027e-03
2.727323580e-03 6.269588695e-03
2.729424570e-03 6.272112623e-03
2.734796570e-03 6.278465077e-03
2.744522900e-03 6.289413580e-03
2.748289920e-03 6.293460531e-03
2.754228930e-03 6.299688325e-03
2.760809220e-03 6.306278969e-03
2.761173950e-03 6.306672680e-03
2.766145060e-03 6.313042905e-03
2.766145300e-03 6.313043215e-03
2.771103990e-03 6.319288572e-03
2.778754350e-03 6.328628563e-03
2.778754400e-03 6.328628626e-03
2.782614900e-03 6.333181758e-03
2.786121000e-03 6.337267107e-03
2.802780700e-03 6.355457056e-03
2.804726870e-03 6.357460729e-03
2.810282900e-03 6.363077083e-03
2.811293790e-03 6.364075647e-03
2.812336820e-03 6.365100559e-03
2.816482480e-03 6.369222682e-03
2.818383000e-03 6.371432124e-03
2.821934350e-03 6.375480074e-03
2.830577070e-03 6.385026150e-03
2.830903860e-03 6.385376919e-03
2.831569950e-03 6.386089545e-03
2.838735870e-03 6.394395354e-03
2.838927150e-03 6.394612096e-03
2.850975980e-03 6.407878410e-03
2.851018000e-03 6.407923195e-03
2.865785500e-03 6.423012545e-03
2.878459850e-03 6.436800002e-03
2.880401980e-03 6.438829665e-03
2.884031460e-03 6.442561570e-03
2.884032000e-03 6.442562142e-03
2.885588320e-03 6.444203514e-03
2.885828170e-03 6.444454958e-03
2.899784150e-03 6.460100880e-03
2.900000000e-03 6.460335018e-03
2.909633110e-03 6.470728876e-03
2.910088860e-03 6.471298536e-03
2.911136340e-03 6.472604336e-03
2.927218110e-03 6.491767697e-03
2.930050240e-03 6.494962813e-03
2.934269280e-03 6.499621697e-03
2.938495710e-03 6.504224313e-03
2.944240280e-03 6.510284896e-03
2.946281500e-03 6.512397429e-03
2.951209000e-03 6.517425056e-03
2.964136550e-03 6.529844089e-03
2.965378130e-03 6.530975093e-03
2.969171110e-03 6.534405151e-03
2.970918150e-03 6.536204304e-03
2.971185050e-03 6.536477348e-03
2.980564430e-03 6.545773970e-03
2.981643150e-03 6.546831237e-03
2.983503810e-03 6.548654407e-03
2.985382390e-03 6.550481846e-03
2.987986890e-03 6.553118412e-03
2.989144600e-03 6.554541801e-03
2.998299220e-03 6.565510134e-03
3.007144880e-03 6.575686475e-03
3.017847490e-03 6.587320277e-03
3.018288670e-03 6.587784267e-03
3.029867730e-03 6.599585501e-03
3.035482990e-03 6.604987060e-03
3.036293740e-03 6.605758818e-03
3.037385880e-03 6.606791597e-03
3.042453160e-03 6.611494823e-03
3.047236960e-03 6.615864055e-03
3.048133830e-03 6.616675421e-03
3.049019550e-03 6.617621616e-03
3.054921000e-03 6.623805728e-03
3.071607840e-03 6.641714085e-03
3.080120930e-03 6.650160921e-03
3.080140900e-03 6.650180191e-03
3.089218790e-03 6.658737190e-03
3.089711580e-03 6.659186942e-03
3.090295000e-03 6.659728674e-03
3.094037260e-03 6.663330401e-03
3.099202750e-03 6.669072674e-03
3.103665940e-03 6.674344456e-03
3.111772410e-03 6.683630063e-03
3.117094590e-03 6.689508836e-03
3.118357060e-03 6.690891352e-03
3.120860300e-03 6.693603688e-03
3.122145270e-03 6.694981015e-03
3.127360450e-03 6.700531988e-03
3.135089590e-03 6.708492711e-03
3.141088220e-03 6.714464865e-03
3.154323430e-03 6.726862037e-03
3.158317220e-03 6.730393377e-03
3.161979140e-03 6.733541123e-03
3.162278000e-03 6.733801125e-03
3.163249570e-03 6.734643578e-03
3.164191790e-03 6.735460466e-03
3.171392160e-03 6.743044462e-03
3.174817170e-03 6.746679632e-03
3.176603060e-03 6.748560109e-03
3.178245910e-03 6.750273040e-03
3.198895000e-03 6.772718576e-03
3.209991550e-03 6.783836849e-03
3.215347220e-03 6.788984460e-03
3.217856950e-03 6.791336481e-03
3.228523030e-03 6.800975536e-03
3.228958600e-03 6.801354325e-03
3.231864150e-03 6.803886438e-03
3.235937000e-03 6.807359756e-03
3.238848460e-03 6.810275282e-03
3.244096070e-03 6.816007691e-03
3.254618130e-03 6.827565330e-03
3.272487030e-03 6.845756054e-03
3.273407000e-03 6.846651191e-03
3.282842590e-03 6.855590921e-03
3.285009730e-03 6.857569636e-03
3.292304380e-03 6.864177726e-03
3.306549700e-03 6.876354553e-03
3.311311000e-03 6.880157043e-03
3.311311580e-03 6.880157500e-03
3.315483330e-03 6.884190264e-03
3.320155820e-03 6.888630444e-03
3.320855720e-03 6.889291915e-03
3.324442370e-03 6.892656637e-03
3.325638460e-03 6.893762171e-03
3.331925810e-03 6.899444228e-03
3.349654000e-03 6.916668326e-03
3.362937200e-03 6.928394042e-03
3.364147080e-03 6.929416801e-03
3.368992470e-03 6.933475200e-03
3.369598650e-03 6.934094547e-03
3.372684460e-03 6.937221025e-03
3.375361420e-03 6.939953550e-03
3.379918900e-03 6.944783806e-03
3.381895050e-03 6.946845753e-03
3.392964100e-03 6.958109003e-03
3.398514450e-03 6.963570702e-03
3.400195700e-03 6.965191663e-03
3.408003020e-03 6.972559237e-03
3.419056060e-03 6.982442753e-03
3.422748280e-03 6.985629481e-03
3.427678000e-03 6.989764506e-03
3.437866980e-03 6.998798040e-03
3.439972740e-03 7.000592707e-03
3.455149590e-03 7.013053116e-03
3.457403180e-03 7.014792118e-03
3.463005230e-03 7.020325858e-03
3.466394090e-03 7.023597401e-03
3.467369000e-03 7.024533426e-03
3.477284410e-03 7.033843832e-03
3.482370470e-03 7.038640315e-03
3.482840920e-03 7.039078062e-03
3.484015220e-03 7.040167843e-03
3.487385950e-03 7.043294561e-03
3.488013010e-03 7.043933723e-03
3.491318480e-03 7.047269704e-03
3.495157910e-03 7.051143184e-03
3.498244470e-03 7.054201470e-03
3.503104480e-03 7.058916148e-03
3.516887310e-03 7.071781736e-03
3.518707210e-03 7.073417218e-03
3.538751790e-03 7.090405811e-03
3.539209090e-03 7.090768038e-03
3.548134000e-03 7.097630997e-03
3.555741350e-03 7.104388975e-03
3.563896690e-03 7.111681576e-03
3.564251300e-03 7.111990818e-03
3.569777650e-03 7.116759742e-03
3.570263210e-03 7.117181614e-03
3.578903650e-03 7.124494074e-03
3.589219000e-03 7.133972111e-03
3.594009550e-03 7.138269149e-03
3.601699800e-03 7.144979320e-03
3.604585690e-03 7.147422195e-03
3.605164210e-03 7.147911297e-03
3.605235020e-03 7.147971057e-03
3.625559290e-03 7.164038509e-03
3.626211190e-03 7.164639333e-03
3.630781000e-03 7.168804640e-03
3.637267000e-03 7.174536016e-03
3.650000000e-03 7.185184059e-03
3.662266660e-03 7.194799242e-03
3.672823000e-03 7.202567236e-03
3.676272270e-03 7.205276301e-03
3.676758320e-03 7.205657347e-03
3.683409900e-03 7.211135460e-03
3.694026100e-03 7.219414249e-03
3.694691110e-03 7.219922465e-03
3.695729650e-03 7.220878367e-03
3.697393150e-03 7.222398811e-03
3.709046430e-03 7.232688743e-03
3.715352000e-03 7.238116353e-03
3.726061320e-03 7.246911472e-03
3.730085600e-03 7.250069176e-03
3.730971260e-03 7.250753280e-03
3.731427450e-03 7.251107008e-03
3.740137780e-03 7.257705653e-03
3.752969170e-03 7.266751397e-03
3.756261940e-03 7.269254397e-03
3.765088200e-03 7.276927137e-03
3.770828000e-03 7.281716841e-03
3.771411780e-03 7.282195952e-03
3.772528940e-03 7.283108331e-03
3.773277510e-03 7.283721225e-03
3.774634990e-03 7.284825805e-03
3.783472930e-03 7.291884758e-03
3.793695530e-03 7.299619116e-03
3.801894000e-03 7.305555758e-03
3.810977520e-03 7.311873172e-03
3.814685400e-03 7.314977476e-03
3.815082220e-03 7.315315486e-03
3.823842360e-03 7.322589318e-03
3.824530410e-03 7.323147412e-03
3.829607850e-03 7.327618065e-03
3.835734990e-03 7.332887156e-03
3.836243920e-03 7.333320941e-03
3.844837340e-03 7.340551229e-03
3.845918000e-03 7.341436115e-03
3.871574260e-03 7.360854943e-03
3.879269920e-03 7.366067150e-03
3.883723990e-03 7.369164603e-03
3.888264950e-03 7.372232795e-03
3.889358020e-03 7.373034610e-03
3.895353310e-03 7.377332224e-03
3.895884480e-03 7.377709862e-03
3.900000000e-03 7.380664606e-03
3.900843130e-03 7.381265023e-03
3.907284100e-03 7.385740970e-03
3.908654560e-03 7.386671019e-03
3.911701740e-03 7.389294296e-03
3.929841370e-03 7.404152854e-03
3.930547860e-03 7.404702333e-03
3.944903340e-03 7.415547652e-03
3.946012330e-03 7.416445207e-03
3.957916050e-03 7.425730622e-03
3.961015360e-03 7.428101269e-03
3.971058160e-03 7.435550335e-03
3.973380360e-03 7.437212892e-03
3.974424990e-03 7.437963357e-03
3.981072000e-03 7.442650252e-03
3.983551790e-03 7.444347167e-03
3.986385140e-03 7.446653615e-03
3.998296440e-03 7.455962069e-03
4.000000000e-03 7.457340160e-03
4.004775220e-03 7.461139941e-03
4.015186340e-03 7.469093441e-03
4.022126580e-03 7.474167283e-03
4.027170000e-03 7.477741905e-03
4.032544880e-03 7.481480264e-03
4.040665040e-03 7.486881343e-03
4.046012940e-03 7.491069914e-03
4.052820210e-03 7.496901204e-03
4.061416120e-03 7.504178466e-03
4.063193340e-03 7.505646492e-03
4.067944640e-03 7.509538754e-03
4.068676240e-03 7.510129652e-03
4.073803000e-03 7.514221139e-03
4.093361210e-03 7.528793625e-03
4.094754570e-03 7.529785621e-03
4.120975000e-03 7.547005666e-03
4.123542200e-03 7.548610781e-03
4.127873920e-03 7.551571246e-03
4.132853610e-03 7.555753121e-03
4.139363940e-03 7.561067085e-03
4.144765480e-03 7.565353789e-03
4.145511840e-03 7.565946138e-03
4.148590850e-03 7.568365982e-03
4.150000000e-03 7.569471189e-03
4.168694000e-03 7.583587493e-03
4.171172070e-03 7.585363300e-03
4.180709400e-03 7.591970092e-03
4.182662530e-03 7.593275546e-03
4.185224630e-03 7.595160082e-03
4.213814790e-03 7.614322328e-03
4.216964880e-03 7.616239335e-03
4.216965000e-03 7.616239460e-03
4.218587780e-03 7.617437009e-03
4.231593370e-03 7.626838393e-03
4.233686850e-03 7.628286841e-03
4.235210120e-03 7.629329419e-03
4.235210690e-03 7.629329764e-03
4.242825500e-03 7.634489278e-03
4.243265560e-03 7.634782189e-03
4.255431160e-03 7.642578355e-03
4.263404810e-03 7.647360381e-03
4.272936090e-03 7.652779501e-03
4.278090840e-03 7.656020384e-03
4.279531320e-03 7.657142688e-03
4.280592520e-03 7.657983996e-03
4.284830340e-03 7.661299912e-03
4.296600710e-03 7.670141331e-03
4.302788390e-03 7.674636741e-03
4.304336460e-03 7.675823467e-03
4.308771170e-03 7.679215146e-03
4.313978230e-03 7.683120414e-03
4.319740590e-03 7.687318285e-03
4.322899730e-03 7.689567735e-03
4.338886230e-03 7.700367528e-03
4.354178970e-03 7.709843412e-03
4.363931370e-03 7.715418308e-03
4.365158000e-03 7.716091982e-03
4.367313890e-03 7.717370544e-03
4.376817770e-03 7.722815094e-03
4.387200800e-03 7.728342330e-03
4.388308660e-03 7.729107597e-03
4.392383310e-03 7.731965884e-03
4.410147200e-03 7.743677015e-03
4.415704000e-03 7.747152666e-03
4.418031550e-03 7.748584958e-03
4.419190890e-03 7.749292007e-03
4.424547400e-03 7.752512922e-03
4.427498570e-03 7.754239178e-03
4.439598980e-03 7.760955537e-03
4.441196300e-03 7.761818155e-03
4.445161930e-03 7.764195788e-03
4.445593170e-03 7.764451437e-03
4.457203820e-03 7.771084464e-03
4.470855610e-03 7.779070474e-03
4.471702330e-03 7.779655178e-03
4.474816030e-03 7.781849455e-03
4.475780890e-03 7.782522227e-03
4.492622820e-03 7.793703816e-03
4.497119530e-03 7.796535776e-03
4.508815560e-03 7.803541748e-03
4.511462800e-03 7.805287860e-03
4.515411120e-03 7.807862070e-03
4.518559000e-03 7.809879611e-03
4.534641870e-03 7.819728444e-03
4.549193390e-03 7.829845997e-03
4.549962360e-03 7.830359212e-03
4.561025120e-03 7.837605030e-03
4.570882000e-03 7.843732859e-03
4.576641280e-03 7.847153414e-03
4.581928900e-03 7.850436273e-03
4.590658270e-03 7.855660085e-03
4.599773660e-03 7.860921996e-03
4.601374820e-03 7.861855392e-03
4.621730910e-03 7.872894064e-03
4.622199310e-03 7.873131894e-03
4.623810000e-03 7.873947608e-03
4.629636000e-03 7.876816544e-03
4.632031630e-03 7.878193120e-03
4.634531620e-03 7.880022115e-03
4.635499830e-03 7.880734086e-03
4.637137900e-03 7.881937055e-03
4.663908370e-03 7.900274776e-03
4.668315050e-03 7.903057753e-03
4.675510900e-03 7.907816854e-03
4.695899160e-03 7.920424524e-03
4.697588680e-03 7.921403179e-03
4.717032880e-03 7.931928978e-03
4.719611250e-03 7.933232789e-03
4.722371270e-03 7.934638302e-03
4.731513000e-03 7.939755718e-03
4.746858210e-03 7.949865630e-03
4.747925760e-03 7.950540770e-03
4.763110080e-03 7.959718470e-03
4.764341860e-03 7.960427944e-03
4.771136090e-03 7.964326343e-03
4.793139730e-03 7.975975274e-03
4.800000000e-03 7.979772639e-03
4.807010090e-03 7.983506354e-03
4.809280230e-03 7.984728862e-03
4.813932880e-03 7.987462742e-03
4.818697630e-03 7.990781849e-03
4.821190550e-03 7.992513253e-03
4.834761240e-03 8.001581496e-03
4.840363120e-03 8.005148395e-03
4.844136280e-03 8.007492280e-03
4.881868600e-03 8.028465707e-03
4.887227150e-03 8.031070663e-03
4.894375210e-03 8.035163218e-03
4.895586140e-03 8.035852058e-03
4.897788000e-03 8.037096183e-03
4.899618470e-03 8.038131046e-03
4.901285830e-03 8.039071602e-03
4.910870270e-03 8.045154432e-03
4.924540700e-03 8.053314092e-03
4.926949950e-03 8.054688761e-03
4.942040240e-03 8.062865316e-03
4.952274470e-03 8.068232152e-03
4.954502000e-03 8.069653988e-03
4.954648260e-03 8.069751076e-03
4.964423820e-03 8.076118419e-03
4.984035520e-03 8.087978783e-03
4.990280790e-03 8.091530489e-03
5.003504640e-03 8.098783835e-03
5.010125880e-03 8.102202600e-03
5.010182240e-03 8.102231773e-03
5.011872000e-03 8.103104942e-03
5.019219960e-03 8.107240626e-03
5.045796240e-03 8.120819055e-03
5.045851120e-03 8.120845721e-03
5.063557420e-03 8.128934014e-03
5.068197430e-03 8.130883304e-03
5.069907000e-03 8.131838763e-03
5.076410140e-03 8.135416077e-03
5.084520150e-03 8.139717506e-03
5.085582210e-03 8.140347108e-03
5.092530150e-03 8.144733158e-03
5.125040280e-03 8.163300187e-03
5.128614000e-03 8.165209274e-03
5.150803610e-03 8.176331999e-03
5.154990700e-03 8.178276407e-03
5.156365950e-03 8.178902998e-03
5.156916950e-03 8.179159350e-03
5.178065420e-03 8.191581332e-03
5.186163240e-03 8.196010578e-03
5.187125600e-03 8.196575286e-03
5.210447340e-03 8.209467985e-03
5.214197480e-03 8.211430600e-03
5.220356980e-03 8.215088962e-03
5.222646300e-03 8.216420544e-03
5.246245910e-03 8.229332926e-03
5.248075000e-03 8.230305412e-03
5.255640560e-03 8.234221867e-03
5.283121930e-03 8.247069790e-03
5.284547350e-03 8.247673567e-03
5.286330170e-03 8.248436850e-03
5.292916670e-03 8.251194112e-03
5.313621340e-03 8.262820306e-03
5.314583650e-03 8.263390896e-03
5.318328360e-03 8.265596466e-03
5.331814430e-03 8.273209707e-03
5.340776900e-03 8.277980171e-03
5.342690250e-03 8.279092647e-03
5.347543220e-03 8.281887723e-03
5.356810160e-03 8.287039383e-03
5.370318000e-03 8.294279922e-03
5.382770210e-03 8.300676773e-03
5.389431390e-03 8.303982093e-03
5.404240090e-03 8.311847729e-03
5.404555920e-03 8.312009732e-03
5.406181770e-03 8.312839161e-03
5.432503000e-03 8.325212769e-03
5.442770110e-03 8.330756408e-03
5.456008060e-03 8.337528745e-03
5.468743630e-03 8.343762437e-03
5.469274100e-03 8.344012255e-03
5.472103590e-03 8.345357578e-03
5.479614410e-03 8.348818869e-03
5.495409000e-03 8.355594442e-03
5.500000000e-03 8.357441821e-03
5.505179250e-03 8.359740135e-03
5.505794630e-03 8.360055989e-03
5.519058360e-03 8.366610174e-03
5.530444240e-03 8.371884170e-03
5.532107730e-03 8.372624417e-03
5.533538150e-03 8.373280536e-03
5.543065110e-03 8.377620132e-03
5.555168850e-03 8.384379032e-03
5.576975460e-03 8.395778548e-03
5.577071940e-03 8.395826467e-03
5.582966260e-03 8.398716036e-03
5.591135470e-03 8.402564949e-03
5.623413000e-03 8.416077251e-03
5.634041040e-03 8.420516539e-03
5.641651230e-03 8.423504415e-03
5.664992680e-03 8.434349471e-03
5.667845100e-03 8.435586017e-03
5.676263000e-03 8.439276503e-03
5.686546900e-03 8.443552515e-03
5.688529000e-03 8.444366654e-03
5.692093300e-03 8.445830921e-03
5.700756560e-03 8.449849212e-03
5.713010170e-03 8.455194061e-03
5.729351360e-03 8.461698234e-03
5.746123850e-03 8.469279631e-03
5.751811940e-03 8.472106152e-03
5.751812140e-03 8.472106256e-03
5.754399000e-03 8.473374887e-03
5.771829330e-03 8.481533521e-03
5.804301700e-03 8.495134931e-03
5.807206590e-03 8.496241928e-03
5.818742030e-03 8.501835036e-03
5.821032000e-03 8.502911621e-03
5.833544070e-03 8.508647186e-03
5.840553420e-03 8.511686521e-03
5.851067540e-03 8.516557356e-03
5.854636990e-03 8.518196774e-03
5.855690420e-03 8.518678676e-03
5.886450570e-03 8.533502230e-03
5.907534010e-03 8.542327940e-03
5.913913730e-03 8.544845725e-03
5.931393570e-03 8.551343596e-03
5.937748800e-03 8.553529846e-03
5.943776520e-03 8.555525306e-03
5.946007600e-03 8.556247733e-03
5.953273630e-03 8.559497921e-03
5.954434100e-03 8.560068510e-03
5.956621000e-03 8.561254832e-03
5.971969170e-03 8.569263518e-03
5.989493790e-03 8.578011613e-03
5.996400180e-03 8.581268437e-03
6.022886230e-03 8.592940320e-03
6.028598460e-03 8.595251274e-03
6.039991990e-03 8.599646985e-03
6.051666340e-03 8.604620096e-03
6.052281200e-03 8.604872925e-03
6.052483010e-03 8.604975808e-03
6.069519060e-03 8.613321272e-03
6.092628120e-03 8.623554617e-03
6.092970480e-03 8.623700881e-03
6.095369000e-03 8.624726438e-03
6.097646750e-03 8.625714926e-03
6.129432000e-03 8.638294833e-03
6.133231060e-03 8.639888670e-03
6.134229090e-03 8.640405371e-03
6.136074240e-03 8.641354776e-03
6.143529520e-03 8.645112686e-03
6.147450560e-03 8.647078999e-03
6.192628180e-03 8.667287002e-03
6.194799720e-03 8.668168946e-03
6.202704840e-03 8.671886261e-03
6.204405610e-03 8.672672053e-03
6.210896360e-03 8.675611720e-03
6.217585960e-03 8.678541488e-03
6.235244680e-03 8.685854028e-03
6.249136140e-03 8.691229316e-03
6.256240780e-03 8.693806231e-03
6.256690440e-03 8.693970181e-03
6.277113760e-03 8.703457211e-03
6.279002150e-03 8.704287671e-03
6.309573000e-03 8.717138707e-03
6.312717300e-03 8.718496033e-03
6.313503860e-03 8.718834371e-03
6.320844910e-03 8.722334743e-03
6.336726780e-03 8.729508140e-03
6.344393670e-03 8.732773131e-03
6.382635000e-03 8.747479342e-03
6.385019800e-03 8.748490949e-03
6.394697490e-03 8.752497291e-03
6.403224510e-03 8.755857466e-03
6.404022290e-03 8.756163664e-03
6.419481870e-03 8.762720115e-03
6.429196680e-03 8.766598298e-03
6.433065580e-03 8.768134509e-03
6.437985150e-03 8.770132802e-03
6.484328490e-03 8.786425503e-03
6.484477860e-03 8.786470351e-03
6.495029210e-03 8.790477364e-03
6.499613940e-03 8.792159447e-03
6.504281800e-03 8.793826180e-03
6.511710080e-03 8.796381153e-03
6.512533590e-03 8.796666517e-03
6.517221530e-03 8.798578433e-03
6.542239100e-03 8.808043565e-03
6.551088840e-03 8.811679957e-03
6.552375230e-03 8.812212575e-03
6.552487810e-03 8.812259015e-03
6.574922510e-03 8.821024132e-03
6.603963680e-03 8.834126331e-03
6.606934000e-03 8.835374747e-03
6.641025110e-03 8.848762644e-03
6.655786590e-03 8.854024334e-03
6.669027080e-03 8.858356489e-03
6.680809610e-03 8.862495429e-03
6.683439000e-03 8.863385409e-03
6.712355850e-03 8.873753923e-03
6.712474220e-03 8.873792916e-03
6.722022700e-03 8.876901970e-03
6.736246730e-03 8.881227268e-03
6.757789520e-03 8.889701660e-03
6.760830000e-03 8.890828861e-03
6.778249810e-03 8.896928393e-03
6.788860110e-03 8.900523975e-03
6.790081580e-03 8.900988100e-03
6.805978940e-03 8.907517869e-03
6.806203980e-03 8.907607004e-03
6.817447910e-03 8.912019258e-03
6.819460030e-03 8.912787373e-03
6.824368670e-03 8.914670957e-03
6.859832250e-03 8.926960997e-03
6.868707380e-03 8.930465480e-03
6.884788770e-03 8.936426991e-03
6.888969710e-03 8.938142336e-03
6.915198840e-03 8.948140065e-03
6.915976200e-03 8.948417922e-03
6.918310000e-03 8.949248402e-03
6.921757460e-03 8.950493344e-03
6.940747380e-03 8.956970598e-03
6.954007080e-03 8.961223813e-03
6.962416360e-03 8.964553175e-03
6.964511170e-03 8.965361877e-03
6.972659010e-03 8.968428544e-03
6.972972450e-03 8.968564046e-03
6.973391320e-03 8.968745330e-03
6.995666390e-03 8.978108752e-03
7.001035660e-03 8.980238761e-03
7.022824930e-03 8.988368343e-03
7.028700110e-03 8.990496487e-03
7.037041500e-03 8.993418071e-03
7.049435010e-03 8.997535006e-03
7.053715990e-03 8.998889396e-03
7.066843220e-03 9.003689784e-03
7.092837210e-03 9.012309143e-03
7.097698980e-03 9.013780184e-03
7.100901060e-03 9.015088936e-03
7.101471420e-03 9.015320577e-03
7.121658710e-03 9.023267298e-03
7.124592400e-03 9.024366724e-03
7.126735410e-03 9.025159929e-03
7.158213940e-03 9.035896735e-03
7.161434000e-03 9.036932209e-03
7.183125940e-03 9.044580649e-03
7.192253620e-03 9.047983967e-03
7.193149670e-03 9.048310017e-03
7.198385400e-03 9.050200322e-03
7.199072950e-03 9.050445455e-03
7.209539610e-03 9.054140886e-03
7.222624620e-03 9.058702773e-03
7.244360000e-03 9.065636626e-03
7.258051070e-03 9.070779613e-03
7.267729320e-03 9.074215748e-03
7.281739110e-03 9.078895104e-03
7.289358780e-03 9.081676395e-03
7.301598900e-03 9.085964081e-03
7.325773740e-03 9.093700059e-03
7.347126970e-03 9.099864323e-03
7.347996130e-03 9.100098756e-03
7.352826200e-03 9.101414253e-03
7.359783120e-03 9.103320944e-03
7.359952610e-03 9.103366336e-03
7.381166780e-03 9.108672235e-03
7.382430540e-03 9.109084290e-03
7.391796360e-03 9.112051333e-03
7.413102000e-03 9.119708416e-03
7.432203030e-03 9.125934533e-03
7.435556450e-03 9.127162123e-03
7.436090570e-03 9.127356683e-03
7.437016830e-03 9.127695834e-03
7.454012580e-03 9.133661545e-03
7.462156900e-03 9.136426496e-03
7.462608150e-03 9.136582160e-03
7.498942000e-03 9.148033664e-03
7.500000000e-03 9.148333936e-03
7.502990370e-03 9.149187915e-03
7.537634970e-03 9.160854918e-03
7.553605610e-03 9.165576204e-03
7.554389720e-03 9.165797805e-03
7.563973170e-03 9.168421858e-03
7.569418090e-03 9.169850082e-03
7.585776000e-03 9.174681021e-03
7.611234250e-03 9.182553284e-03
7.618596860e-03 9.185153601e-03
7.629208600e-03 9.188754054e-03
7.630510760e-03 9.189203026e-03
7.634138140e-03 9.190461508e-03
7.650592170e-03 9.195927117e-03
7.673615000e-03 9.203104891e-03
7.693386330e-03 9.208572945e-03
7.698502120e-03 9.209891094e-03
7.705429800e-03 9.211618435e-03
7.707227880e-03 9.212151276e-03
7.717915400e-03 9.216163031e-03
7.724860000e-03 9.218690882e-03
7.729030390e-03 9.220176127e-03
7.746569320e-03 9.227009167e-03
7.777141570e-03 9.237938892e-03
7.800000000e-03 9.245189272e-03
7.807284530e-03 9.247400060e-03
7.819055360e-03 9.250793828e-03
7.835424190e-03 9.255144244e-03
7.849567680e-03 9.258584537e-03
7.852356000e-03 9.259243010e-03
7.856595430e-03 9.260257192e-03
7.878139110e-03 9.265898109e-03
7.886149350e-03 9.268595681e-03
7.902418040e-03 9.273790730e-03
7.914043450e-03 9.277252209e-03
7.914399310e-03 9.277378111e-03
7.926154050e-03 9.281441736e-03
7.931088130e-03 9.283085111e-03
7.939710670e-03 9.285960327e-03
7.939711100e-03 9.285960484e-03
7.968906690e-03 9.294962760e-03
7.969940760e-03 9.295258987e-03
7.987397490e-03 9.300954828e-03
8.008805170e-03 9.307338938e-03
8.012166800e-03 9.308620281e-03
8.031648570e-03 9.315893925e-03
8.032100130e-03 9.316055937e-03
8.033121030e-03 9.316422672e-03
8.047596200e-03 9.321565735e-03
8.050447010e-03 9.322580401e-03
8.059599560e-03 9.325757584e-03
8.094673910e-03 9.336814322e-03
8.107462510e-03 9.340409148e-03
8.113821990e-03 9.342112741e-03
8.125107430e-03 9.345007067e-03
8.125563890e-03 9.345120095e-03
8.128305000e-03 9.345796080e-03
8.154667040e-03 9.352667368e-03
8.163285620e-03 9.354782760e-03
8.170245260e-03 9.356409324e-03
8.172243980e-03 9.356864411e-03
8.173597340e-03 9.357249620e-03
8.207775620e-03 9.366344769e-03
8.208879000e-03 9.366609479e-03
8.213998980e-03 9.368429330e-03
8.222426000e-03 9.371356603e-03
8.248951300e-03 9.379947826e-03
8.255618740e-03 9.381949397e-03
8.258841060e-03 9.382941450e-03
8.267803260e-03 9.385641094e-03
8.293731920e-03 9.392840710e-03
8.327334240e-03 9.402361110e-03
8.339068430e-03 9.405818054e-03
8.354473970e-03 9.410074021e-03
8.365655550e-03 9.412951208e-03
8.369303800e-03 9.413856667e-03
8.379138330e-03 9.416222966e-03
8.388931190e-03 9.418440788e-03
8.403817480e-03 9.421681302e-03
8.410168020e-03 9.422976227e-03
8.413951000e-03 9.423767146e-03
8.415156880e-03 9.424118476e-03
8.441239950e-03 9.431505633e-03
8.445580410e-03 9.432907776e-03
8.466215840e-03 9.440166126e-03
8.485844510e-03 9.446540657e-03
8.493026580e-03 9.448756115e-03
8.511380000e-03 9.454122317e-03
8.536830500e-03 9.460815915e-03
8.537774290e-03 9.461057612e-03
8.549054510e-03 9.463879022e-03
8.575871030e-03 9.469923703e-03
8.606066040e-03 9.478128023e-03
8.607033660e-03 9.478371563e-03
8.609938000e-03 9.479122024e-03
8.626105340e-03 9.483184656e-03
8.636637170e-03 9.486207369e-03
8.659642880e-03 9.492295614e-03
8.705719830e-03 9.502372875e-03
8.706209070e-03 9.502497976e-03
8.709636000e-03 9.503368438e-03
8.720105130e-03 9.505962758e-03
8.722647460e-03 9.506756943e-03
8.757701190e-03 9.517330236e-03
8.759917620e-03 9.517967227e-03
8.771629880e-03 9.521293644e-03
8.791489940e-03 9.526567435e-03
8.794789660e-03 9.527395941e-03
8.810489000e-03 9.531160330e-03
8.848298510e-03 9.540532156e-03
8.848609000e-03 9.540620962e-03
8.886894110e-03 9.550694914e-03
8.893291340e-03 9.552203419e-03
8.908501810e-03 9.555651346e-03
8.909503780e-03 9.555868697e-03
8.912509000e-03 9.556667091e-03
8.951979850e-03 9.566457467e-03
8.962012700e-03 9.568641448e-03
8.963961610e-03 9.569203671e-03
8.972028200e-03 9.571480979e-03
8.988662110e-03 9.575946543e-03
9.000000000e-03 9.578926666e-03
9.002746790e-03 9.579628265e-03
9.011658080e-03 9.582293026e-03
9.012164030e-03 9.582444478e-03
9.044951770e-03 9.591591693e-03
9.065466130e-03 9.596676062e-03
9.071713480e-03 9.598458800e-03
9.080818080e-03 9.600980369e-03
9.081431300e-03 9.601153257e-03
9.100441560e-03 9.606310371e-03
9.103857490e-03 9.607190412e-03
9.117032490e-03 9.610451032e-03
9.162563490e-03 9.620106852e-03
9.164540300e-03 9.620469434e-03
9.171961430e-03 9.622431975e-03
9.174410740e-03 9.623068494e-03
9.178252790e-03 9.624219488e-03
9.221565030e-03 9.636055372e-03
9.222603340e-03 9.636311680e-03
9.225714000e-03 9.637092677e-03
9.230693810e-03 9.638357010e-03
9.266571610e-03 9.646925525e-03
9.276627650e-03 9.649049438e-03
9.300547270e-03 9.653628974e-03
9.304543550e-03 9.654330356e-03
9.319433920e-03 9.657744333e-03
9.325120790e-03 9.659341193e-03
9.327299690e-03 9.659945758e-03
9.328347000e-03 9.660273397e-03
9.328869760e-03 9.660437502e-03
9.350180880e-03 9.666863033e-03
9.363862840e-03 9.670739185e-03
9.384046440e-03 9.676301032e-03
9.390512880e-03 9.678016101e-03
9.413475440e-03 9.683716811e-03
9.423785170e-03 9.686168470e-03
9.437319740e-03 9.689199576e-03
9.440609000e-03 9.690122494e-03
9.461231770e-03 9.695650496e-03
9.463166110e-03 9.696147094e-03
9.481237160e-03 9.701163191e-03
9.484555510e-03 9.702048575e-03
9.506980700e-03 9.707705892e-03
9.521273880e-03 9.711087598e-03
9.546705390e-03 9.716553816e-03
9.549926000e-03 9.717197578e-03
9.580733470e-03 9.723804107e-03
9.580898740e-03 9.723836816e-03
9.583671730e-03 9.724412035e-03
9.592216770e-03 9.726472167e-03
9.601548180e-03 9.728628416e-03
9.605058510e-03 9.729459499e-03
9.616950320e-03 9.732186073e-03
9.627388260e-03 9.735270459e-03
9.694408310e-03 9.752249985e-03
9.704223900e-03 9.754381292e-03
9.713822010e-03 9.756377307e-03
9.716279440e-03 9.756875580e-03
9.720513100e-03 9.757975965e-03
9.731939060e-03 9.760848904e-03
9.751300010e-03 9.765422744e-03
9.772372000e-03 9.769955590e-03
9.783763180e-03 9.772210243e-03
9.798260810e-03 9.775009470e-03
9.800000000e-03 9.775406656e-03
9.881086410e-03 9.795550378e-03
9.881086690e-03 9.795550439e-03
9.885531000e-03 9.796510751e-03
9.890554820e-03 9.797598938e-03
9.916182200e-03 9.802758533e-03
9.922690210e-03 9.803955859e-03
9.942600090e-03 9.807529890e-03
9.962349980e-03 9.810661809e-03
9.969998030e-03 9.812009060e-03
9.995921480e-03 9.816151196e-03
9.996066270e-03 9.816183296e-03
1.001440110e-02 9.820084683e-03
1.003264720e-02 9.824872188e-03
1.005773100e-02 9.830930292e-03
1.008721780e-02 9.837418102e-03
1.009398040e-02 9.839008949e-03
1.009777050e-02 9.839882268e-03
1.011238360e-02 9.843124751e-03
1.011579000e-02 9.843880706e-03
1.013478840e-02 9.847878608e-03
1.017056320e-02 9.854814547e-03
1.021086480e-02 9.863692137e-03
1.022832760e-02 9.867125937e-03
1.023293000e-02 9.867982372e-03
1.024397990e-02 9.869963255e-03
1.024962240e-02 9.871214588e-03
1.027746000e-02 9.876962188e-03
1.027824890e-02 9.877145396e-03
1.028940270e-02 9.879680578e-03
1.029200170e-02 9.880279002e-03
1.032587590e-02 9.887467211e-03
1.034676830e-02 9.892506564e-03
1.034734750e-02 9.892644001e-03
1.035142000e-02 9.893601203e-03
1.041572150e-02 9.907082579e-03
1.041961140e-02 9.907770175e-03
1.044118970e-02 9.912476504e-03
1.044870320e-02 9.914019303e-03
1.045262540e-02 9.914802862e-03
1.046371880e-02 9.916937820e-03
1.046716680e-02 9.917817300e-03
1.046775220e-02 9.917966051e-03
1.047129000e-02 9.918860852e-03
1.052003130e-02 9.931658062e-03
1.053173520e-02 9.934408617e-03
1.056075820e-02 9.940929402e-03
1.057366420e-02 9.943724394e-03
1.058777280e-02 9.946615406e-03
1.058896620e-02 9.946851273e-03
1.062689090e-02 9.953867635e-03
1.063944560e-02 9.955907254e-03
1.065099140e-02 9.957648509e-03
1.065369230e-02 9.958038693e-03
1.067845780e-02 9.961312247e-03
1.068440100e-02 9.962013644e-03
1.068872060e-02 9.962674921e-03
1.069208580e-02 9.963395064e-03
1.070938630e-02 9.967063857e-03
1.071097630e-02 9.967509441e-03
1.076264850e-02 9.980763335e-03
1.077432800e-02 9.983441102e-03
1.078174880e-02 9.985111168e-03
1.079052270e-02 9.987021331e-03
1.081589880e-02 9.992165682e-03
1.081995480e-02 9.992937064e-03
1.083439390e-02 9.995560219e-03
1.083927000e-02 9.996448954e-03
1.087442790e-02 1.000249760e-02
1.088972380e-02 1.000529860e-02
1.089741460e-02 1.000662616e-02
1.090660000e-02 1.000865942e-02
1.091547560e-02 1.001056087e-02
1.095985050e-02 1.001921584e-02
1.095985400e-02 1.001921646e-02
1.096478000e-02 1.002008302e-02
1.100325450e-02 1.002828251e-02
1.101334200e-02 1.003022289e-02
1.101582580e-02 1.003068680e-02
1.104059920e-02 1.003503574e-02
1.104347190e-02 1.003567298e-02
1.104396490e-02 1.003579616e-02
1.105371710e-02 1.003827730e-02
1.105987020e-02 1.003980124e-02
1.108800590e-02 1.004636097e-02
1.113067160e-02 1.005545922e-02
1.116064730e-02 1.006107247e-02
1.118171880e-02 1.006454797e-02
1.119353960e-02 1.006633945e-02
1.121639870e-02 1.007029568e-02
1.121640140e-02 1.007029613e-02
1.122018000e-02 1.007091650e-02
1.122624130e-02 1.007188868e-02
1.125657520e-02 1.007660123e-02
1.125891130e-02 1.007693111e-02
1.127241780e-02 1.007968279e-02
1.128210320e-02 1.008156101e-02
1.131748630e-02 1.008801880e-02
1.135011000e-02 1.009539554e-02
1.138819940e-02 1.010308527e-02
1.141274310e-02 1.010741519e-02
1.141274520e-02 1.010741555e-02
1.141562960e-02 1.010789815e-02
1.142990270e-02 1.011019117e-02
1.144217570e-02 1.011212390e-02
1.146108160e-02 1.011485142e-02
1.148154000e-02 1.011829250e-02
1.153182830e-02 1.012814523e-02
1.154782180e-02 1.013085389e-02
1.155249390e-02 1.013162641e-02
1.156225530e-02 1.013329248e-02
1.156445250e-02 1.013365889e-02
1.158943880e-02 1.013757654e-02
1.158944180e-02 1.013757699e-02
1.160926440e-02 1.014139421e-02
1.161449000e-02 1.014234865e-02
1.165524020e-02 1.014903076e-02
1.165898870e-02 1.014961301e-02
1.166592620e-02 1.015066534e-02
1.171372280e-02 1.015827601e-02
1.171633690e-02 1.015864337e-02
1.172364280e-02 1.016012250e-02
1.174369130e-02 1.016404424e-02
1.175532000e-02 1.016618118e-02
1.179020080e-02 1.017198419e-02
1.179768860e-02 1.017311222e-02
1.180339060e-02 1.017426269e-02
1.182195880e-02 1.017799060e-02
1.183382480e-02 1.018060051e-02
1.187968070e-02 1.018967264e-02
1.188034550e-02 1.018979546e-02
1.188101440e-02 1.018991870e-02
1.188490260e-02 1.019062867e-02
1.188502000e-02 1.019065002e-02
1.192491140e-02 1.019756130e-02
1.192571960e-02 1.019768926e-02
1.199513250e-02 1.021073762e-02
1.200122170e-02 1.021176014e-02
1.201858980e-02 1.021452011e-02
1.202264000e-02 1.021513306e-02
1.202913780e-02 1.021610279e-02
1.205720620e-02 1.021991546e-02
1.205992930e-02 1.022025424e-02
1.207530980e-02 1.022262217e-02
1.208899330e-02 1.022458656e-02
1.209204970e-02 1.022500606e-02
1.211199670e-02 1.022772336e-02
1.211709560e-02 1.022861523e-02
1.215776090e-02 1.023780510e-02
1.218807120e-02 1.024403767e-02
1.220267920e-02 1.024681049e-02
1.220846350e-02 1.024786514e-02
1.221447660e-02 1.024894103e-02
1.221572180e-02 1.024916160e-02
1.222897830e-02 1.025143897e-02
1.226732530e-02 1.025731129e-02
1.227615690e-02 1.025851963e-02
1.227737440e-02 1.025868981e-02
1.228860140e-02 1.026088219e-02
1.230269000e-02 1.026365416e-02
1.235658050e-02 1.027456200e-02
1.237058450e-02 1.027705647e-02
1.237910910e-02 1.027853928e-02
1.238484290e-02 1.027950716e-02
1.238703660e-02 1.027987361e-02
1.238918310e-02 1.028023031e-02
1.240780780e-02 1.028319490e-02
1.243954870e-02 1.028766987e-02
1.244502520e-02 1.028841319e-02
1.244515000e-02 1.028843000e-02
1.248550660e-02 1.029495395e-02
1.249283560e-02 1.029602521e-02
1.250308210e-02 1.029745785e-02
1.253264350e-02 1.030116362e-02
1.255307380e-02 1.030343553e-02
1.257223730e-02 1.030594089e-02
1.258925000e-02 1.030907264e-02
1.262544980e-02 1.031534785e-02
1.263343390e-02 1.031661467e-02
1.268017160e-02 1.032315886e-02
1.268872150e-02 1.032457841e-02
1.269137330e-02 1.032501168e-02
1.273073450e-02 1.033086824e-02
1.273490710e-02 1.033146432e-02
1.273503000e-02 1.033148170e-02
1.276248280e-02 1.033510053e-02
1.277633630e-02 1.033673616e-02
1.277972130e-02 1.033721355e-02
1.279802260e-02 1.033974618e-02
1.282699340e-02 1.034469026e-02
1.284546600e-02 1.034755869e-02
1.287670260e-02 1.035214405e-02
1.288250000e-02 1.035293246e-02
1.288945340e-02 1.035385104e-02
1.291953390e-02 1.035917670e-02
1.292151370e-02 1.035950609e-02
1.295358820e-02 1.036450627e-02
1.297001860e-02 1.036691158e-02
1.297082590e-02 1.036706567e-02
1.297494580e-02 1.036784914e-02
1.299421330e-02 1.037184821e-02
1.303167000e-02 1.037894152e-02
1.303869900e-02 1.038019728e-02
1.305975850e-02 1.038377935e-02
1.307392890e-02 1.038602616e-02
1.309890630e-02 1.038993081e-02
1.312328490e-02 1.039336855e-02
1.312578080e-02 1.039371598e-02
1.312990380e-02 1.039428319e-02
1.315126020e-02 1.039704102e-02
1.317812230e-02 1.040091569e-02
1.318257000e-02 1.040151774e-02
1.322532210e-02 1.040667380e-02
1.322680570e-02 1.040683122e-02
1.323235630e-02 1.040740994e-02
1.326404220e-02 1.041221230e-02
1.327295410e-02 1.041402114e-02
1.327776750e-02 1.041497770e-02
1.334241730e-02 1.042670867e-02
1.335027650e-02 1.042795993e-02
1.336957180e-02 1.043086637e-02
1.338200720e-02 1.043262808e-02
1.339362390e-02 1.043428224e-02
1.340880850e-02 1.043632164e-02
1.343151690e-02 1.043912964e-02
1.346559500e-02 1.044275270e-02
1.348355970e-02 1.044497642e-02
1.348963000e-02 1.044575389e-02
1.349691210e-02 1.044665582e-02
1.350000000e-02 1.044703962e-02
1.353490520e-02 1.045266438e-02
1.354131470e-02 1.045361827e-02
1.354613460e-02 1.045432144e-02
1.355211070e-02 1.045517329e-02
1.363969690e-02 1.046936415e-02
1.364583000e-02 1.047018336e-02
1.365319880e-02 1.047118738e-02
1.369162860e-02 1.047591033e-02
1.370560880e-02 1.047744596e-02
1.370626680e-02 1.047751559e-02
1.371986610e-02 1.047923530e-02
1.374437620e-02 1.048204750e-02
1.376243140e-02 1.048388141e-02
1.377226040e-02 1.048481167e-02
1.377342800e-02 1.048497694e-02
1.379918370e-02 1.048982321e-02
1.380370320e-02 1.049067389e-02
1.385016990e-02 1.049875812e-02
1.386356680e-02 1.050086294e-02
1.386430860e-02 1.050097703e-02
1.387370800e-02 1.050243173e-02
1.388353190e-02 1.050389656e-02
1.388958930e-02 1.050481294e-02
1.395897620e-02 1.051559168e-02
1.397122240e-02 1.051720253e-02
1.400382580e-02 1.052105789e-02
1.400953680e-02 1.052167044e-02
1.400973410e-02 1.052169136e-02
1.401721660e-02 1.052246782e-02
1.402484910e-02 1.052358085e-02
1.404074080e-02 1.052579854e-02
1.405693450e-02 1.052805786e-02
1.409491520e-02 1.053279548e-02
1.410920840e-02 1.053444367e-02
1.412538000e-02 1.053714285e-02
1.415581940e-02 1.054185757e-02
1.416918070e-02 1.054376666e-02
1.417175540e-02 1.054420198e-02
1.417278190e-02 1.054437902e-02
1.417949980e-02 1.054552322e-02
1.420333080e-02 1.054938997e-02
1.423406870e-02 1.055391003e-02
1.424189760e-02 1.055528851e-02
1.425099660e-02 1.055685351e-02
1.428251400e-02 1.056192015e-02
1.431621730e-02 1.056697406e-02
1.435153040e-02 1.057160807e-02
1.438690850e-02 1.057554387e-02
1.440184050e-02 1.057699869e-02
1.440680640e-02 1.057745974e-02
1.441102780e-02 1.057785983e-02
1.441285870e-02 1.057805055e-02
1.442656450e-02 1.057943556e-02
1.443466610e-02 1.058060564e-02
1.445440000e-02 1.058330453e-02
1.450978370e-02 1.059330401e-02
1.455865250e-02 1.060076477e-02
1.457397010e-02 1.060284721e-02
1.457790620e-02 1.060336173e-02
1.459768480e-02 1.060582217e-02
1.461684000e-02 1.060801388e-02
1.462177000e-02 1.060858524e-02
1.466606230e-02 1.061313354e-02
1.466919790e-02 1.061341696e-02
1.472736540e-02 1.061777440e-02
1.474316940e-02 1.061934174e-02
1.476671270e-02 1.062143840e-02
1.476971720e-02 1.062170019e-02
1.476981130e-02 1.062171344e-02
1.476981480e-02 1.062171393e-02
1.478545070e-02 1.062433530e-02
1.479093750e-02 1.062522527e-02
1.479108000e-02 1.062524819e-02
1.486740500e-02 1.063656646e-02
1.487271020e-02 1.063724456e-02
1.496236000e-02 1.064698827e-02
1.497043540e-02 1.064766058e-02
1.500000000e-02 1.065150041e-02
1.500537220e-02 1.065214956e-02
1.502433860e-02 1.065432120e-02
1.503242770e-02 1.065519645e-02
1.505144060e-02 1.065787979e-02
1.505144370e-02 1.065788021e-02
1.506754800e-02 1.066043701e-02
1.509210810e-02 1.066423782e-02
1.512881050e-02 1.066965635e-02
1.513561000e-02 1.067059809e-02
1.514949180e-02 1.067250152e-02
1.516823600e-02 1.067491727e-02
1.517461360e-02 1.067569858e-02
1.523252260e-02 1.068190039e-02
1.524491810e-02 1.068351836e-02
1.526687330e-02 1.068620549e-02
1.530226790e-02 1.069002934e-02
1.530227070e-02 1.069002962e-02
1.531087000e-02 1.069105802e-02
1.536052920e-02 1.069629364e-02
1.536460090e-02 1.069670973e-02
1.540550090e-02 1.070072453e-02
1.541585190e-02 1.070226318e-02
1.542144080e-02 1.070307242e-02
1.543381610e-02 1.070485699e-02
1.546588870e-02 1.070913628e-02
1.548294590e-02 1.071121418e-02
1.548817000e-02 1.071182908e-02
1.549653020e-02 1.071279120e-02
1.552516830e-02 1.071583807e-02
1.552517070e-02 1.071583832e-02
1.553766990e-02 1.071728501e-02
1.553840200e-02 1.071740313e-02
1.561264390e-02 1.072807371e-02
1.566751000e-02 1.073429152e-02
1.567596720e-02 1.073516822e-02
1.568697370e-02 1.073629267e-02
1.572009500e-02 1.073932101e-02
1.572286790e-02 1.073955124e-02
1.572287010e-02 1.073955143e-02
1.574007760e-02 1.074131176e-02
1.575397690e-02 1.074328419e-02
1.575796330e-02 1.074383886e-02
1.583753120e-02 1.075341198e-02
1.584180440e-02 1.075384140e-02
1.584893000e-02 1.075462084e-02
1.589157360e-02 1.076059904e-02
1.589791920e-02 1.076142092e-02
1.590212150e-02 1.076195604e-02
1.591189070e-02 1.076319558e-02
1.591835840e-02 1.076399189e-02
1.596338510e-02 1.076901632e-02
1.599577010e-02 1.077225260e-02
1.599788470e-02 1.077255127e-02
1.599860130e-02 1.077265250e-02
1.602524920e-02 1.077625161e-02
1.605268710e-02 1.077962420e-02
1.607492100e-02 1.078211157e-02
1.610268130e-02 1.078562942e-02
1.611133690e-02 1.078668475e-02
1.613972180e-02 1.078990643e-02
1.616944510e-02 1.079290043e-02
1.619477630e-02 1.079517389e-02
1.621081060e-02 1.079723899e-02
1.621263100e-02 1.079746770e-02
1.622685560e-02 1.079932635e-02
1.627135500e-02 1.080480566e-02
1.628790190e-02 1.080662550e-02
1.630503600e-02 1.080838025e-02
1.632716500e-02 1.081045027e-02
1.634412270e-02 1.081189234e-02
1.636002810e-02 1.081343251e-02
1.638711780e-02 1.081580487e-02
1.640036900e-02 1.081762999e-02
1.644398290e-02 1.082310381e-02
1.645976670e-02 1.082487999e-02
1.646095710e-02 1.082501406e-02
1.649643630e-02 1.082889285e-02
1.650357700e-02 1.082967108e-02
1.653609900e-02 1.083428340e-02
1.654123010e-02 1.083497135e-02
1.654897830e-02 1.083599163e-02
1.655526140e-02 1.083692607e-02
1.657797730e-02 1.084017395e-02
1.659027280e-02 1.084184095e-02
1.659587000e-02 1.084258368e-02
1.666856460e-02 1.085109768e-02
1.668746010e-02 1.085305040e-02
1.669455230e-02 1.085374445e-02
1.672073210e-02 1.085612501e-02
1.672800090e-02 1.085673315e-02
1.673276770e-02 1.085712160e-02
1.674656980e-02 1.085822916e-02
1.677860400e-02 1.086049065e-02
1.678804000e-02 1.086140454e-02
1.682054630e-02 1.086553648e-02
1.686108610e-02 1.087007048e-02
1.688068720e-02 1.087247921e-02
1.693134630e-02 1.087799715e-02
1.693148660e-02 1.087801095e-02
1.693362880e-02 1.087824360e-02
1.693508340e-02 1.087840233e-02
1.694048590e-02 1.087898574e-02
1.702300960e-02 1.088661927e-02
1.703464310e-02 1.088781725e-02
1.703570390e-02 1.088792425e-02
1.703819810e-02 1.088817392e-02
1.704100000e-02 1.088846957e-02
1.704100000e-02 7.472279300e-02
