7.860000000e-06 7.715000000e-03 1650
1650
7.860000000e-06 9.296439952e-10
7.960000000e-06 8.922139313e-10
8.024810670e-06 8.670453847e-10
8.123017420e-06 8.306175036e-10
8.222426000e-06 7.957200970e-10
8.290957940e-06 7.711417467e-10
8.342731490e-06 7.532074956e-10
8.420998620e-06 7.270851295e-10
8.500000000e-06 7.018687235e-10
8.566710540e-06 6.799631711e-10
8.667759320e-06 6.483800477e-10
8.770000000e-06 6.182639082e-10
8.830792720e-06 5.999489692e-10
8.922772840e-06 5.734887954e-10
9.000000000e-06 5.526332057e-10
9.000000000e-06 3.422050200e-09
9.015711000e-06 3.431034950e-09
9.067759300e-06 3.461346164e-09
9.146395690e-06 3.508743049e-09
9.225714000e-06 3.558451571e-09
9.278974760e-06 3.592083579e-09
9.359442970e-06 3.644533485e-09
9.440609000e-06 3.699379993e-09
9.492526910e-06 3.734704022e-09
9.570939600e-06 3.789574649e-09
9.650000000e-06 3.846700436e-09
9.699616040e-06 3.882788558e-09
9.774518820e-06 3.938625169e-09
9.850000000e-06 3.996500653e-09
9.899623740e-06 4.034787445e-09
9.974528500e-06 4.093907197e-09
1.000047000e-05 4.114927670e-09
1.003851940e-05 4.146112540e-09
1.005000000e-05 4.155606756e-09
1.014105260e-05 4.232003652e-09
1.023293000e-05 4.311484584e-09
1.027938030e-05 4.352056241e-09
1.034945140e-05 4.414419090e-09
1.042000000e-05 4.478582431e-09
1.046471150e-05 4.519482043e-09
1.053213860e-05 4.582216788e-09
1.060000000e-05 4.646607967e-09
1.068466200e-05 4.727869686e-09
1.077000000e-05 4.811745758e-09
1.082315410e-05 4.864645256e-09
1.084821600e-05 4.889926050e-09
1.089532100e-05 4.938326843e-09
1.092700000e-05 4.971247547e-09
1.098832790e-05 5.035606739e-09
1.105000000e-05 5.101371312e-09
1.112474720e-05 5.181945554e-09
1.120000000e-05 5.264602778e-09
1.125486570e-05 5.325473607e-09
1.131000000e-05 5.387460628e-09
1.136486700e-05 5.449659611e-09
1.142000000e-05 5.512971500e-09
1.147984330e-05 5.582276777e-09
1.154000000e-05 5.652902191e-09
1.159486960e-05 5.717855837e-09
1.165000000e-05 5.783915099e-09
1.171034380e-05 5.856812892e-09
1.177100000e-05 5.931043526e-09
1.182787270e-05 6.001210555e-09
1.188502000e-05 6.072556453e-09
1.193988340e-05 6.141572983e-09
1.199500000e-05 6.211681998e-09
1.203244160e-05 6.259602325e-09
1.207000000e-05 6.308028854e-09
1.211584300e-05 6.367463168e-09
1.216186000e-05 6.427654111e-09
1.218579810e-05 6.459121213e-09
1.221083150e-05 6.492526709e-09
1.226000000e-05 6.558680603e-09
1.230491780e-05 6.619493590e-09
1.231957070e-05 6.639468802e-09
1.235000000e-05 6.681453425e-09
1.238495060e-05 6.729899659e-09
1.242000000e-05 6.778801202e-09
1.245993580e-05 6.834800231e-09
1.250000000e-05 6.891392129e-09
1.253993630e-05 6.948103839e-09
1.258000000e-05 7.005405721e-09
1.261495150e-05 7.055643762e-09
1.265000000e-05 7.106331702e-09
1.268495180e-05 7.157112847e-09
1.272000000e-05 7.208341650e-09
1.274497550e-05 7.244991182e-09
1.277000000e-05 7.281868147e-09
1.279497560e-05 7.318793616e-09
1.282000000e-05 7.355945488e-09
1.285121210e-05 7.402454790e-09
1.288250000e-05 7.449315670e-09
1.291620600e-05 7.500013484e-09
1.295000000e-05 7.551118387e-09
1.298495290e-05 7.604215275e-09
1.302000000e-05 7.657745981e-09
1.303995420e-05 7.688328701e-09
1.306994260e-05 7.734465790e-09
1.310000000e-05 7.780917331e-09
1.312059400e-05 7.812844960e-09
1.315154550e-05 7.861012045e-09
1.318257000e-05 7.909508635e-09
1.321679410e-05 7.963243581e-09
1.324252040e-05 8.003805083e-09
1.326184800e-05 8.034372234e-09
1.329089230e-05 8.080456824e-09
1.332000000e-05 8.126821041e-09
1.334497660e-05 8.166758510e-09
1.337000000e-05 8.206898990e-09
1.339497670e-05 8.247108313e-09
1.342000000e-05 8.287517000e-09
1.346000000e-05 8.352399583e-09
1.348963000e-05 8.400683587e-09
1.352300000e-05 8.455288257e-09
1.355000000e-05 8.499644589e-09
1.358000000e-05 8.549112955e-09
1.361000000e-05 8.598774343e-09
1.364000000e-05 8.648628528e-09
1.366500000e-05 8.690320830e-09
1.369000000e-05 8.732146769e-09
1.371000000e-05 8.765703668e-09
1.372000000e-05 8.782517886e-09
1.374000000e-05 8.816460355e-09
1.377000000e-05 8.867543919e-09
1.380000000e-05 8.918824373e-09
1.382000000e-05 8.953120639e-09
1.385000000e-05 9.004728847e-09
1.388500000e-05 9.065186645e-09
1.392000000e-05 9.125911535e-09
1.393000000e-05 9.143317130e-09
1.397000000e-05 9.213541413e-09
1.399497770e-05 9.257580333e-09
1.402000000e-05 9.301829334e-09
1.404607970e-05 9.348104966e-09
1.406893920e-05 9.388787177e-09
1.410903270e-05 9.460414295e-09
1.412538000e-05 9.489723129e-09
1.413917790e-05 9.515825636e-09
1.418451630e-05 9.601959679e-09
1.423000000e-05 9.688920311e-09
1.427492910e-05 9.775337320e-09
1.432000000e-05 9.862579183e-09
1.435000000e-05 9.920933181e-09
1.436193860e-05 9.944907473e-09
1.440400000e-05 1.002973922e-08
1.443696230e-05 1.009655534e-08
1.447000000e-05 1.016385583e-08
1.450994490e-05 1.024561969e-08
1.455000000e-05 1.032810076e-08
1.458584090e-05 1.040226888e-08
1.462177000e-05 1.047701827e-08
1.466083290e-05 1.056280346e-08
1.470000000e-05 1.064936076e-08
1.474546970e-05 1.075044341e-08
1.479108000e-05 1.085258081e-08
1.483048760e-05 1.094415829e-08
1.487000000e-05 1.103658539e-08
1.491610860e-05 1.114511374e-08
1.496236000e-05 1.125481433e-08
1.501608360e-05 1.138315510e-08
1.507000000e-05 1.151310115e-08
1.512490000e-05 1.164644345e-08
1.513561000e-05 1.167260524e-08
1.518000000e-05 1.178602520e-08
1.523988190e-05 1.194022969e-08
1.530000000e-05 1.209663606e-08
1.531087000e-05 1.212507342e-08
1.540100000e-05 1.236956140e-08
1.550000000e-05 1.264232717e-08
1.560000000e-05 1.292235968e-08
1.570000000e-05 1.320696449e-08
1.577482180e-05 1.343031624e-08
1.585000000e-05 1.365771828e-08
1.590000000e-05 1.381050331e-08
1.600000000e-05 1.412694864e-08
1.615000000e-05 1.461176474e-08
1.630000000e-05 1.510889130e-08
1.645000000e-05 1.563351198e-08
1.650000000e-05 1.581137533e-08
1.660000000e-05 1.617874573e-08
1.680000000e-05 1.693259372e-08
1.698244000e-05 1.764283458e-08
1.700000000e-05 1.771407825e-08
1.717908000e-05 1.845289817e-08
1.723400000e-05 1.868787897e-08
1.750000000e-05 1.985761038e-08
1.778279000e-05 2.116005964e-08
1.800000000e-05 2.222425790e-08
1.830000000e-05 2.378177257e-08
1.862087000e-05 2.553578178e-08
1.900000000e-05 2.777062139e-08
1.935000000e-05 2.998595288e-08
1.980000000e-05 3.302317480e-08
2.000000000e-05 3.444339928e-08
2.018366000e-05 3.581087789e-08
2.020000000e-05 3.593596427e-08
2.070000000e-05 3.992056845e-08
2.130000000e-05 4.512216167e-08
2.190000000e-05 5.080830176e-08
2.250000000e-05 5.700766684e-08
2.271563340e-05 5.936593998e-08
2.290867640e-05 6.155089128e-08
2.317395000e-05 6.466337386e-08
2.400000000e-05 7.510160278e-08
2.483133000e-05 8.681727927e-08
2.580000000e-05 1.021195778e-07
2.600160000e-05 1.055186664e-07
2.691535000e-05 1.219470746e-07
2.818383000e-05 1.478146007e-07
2.951209000e-05 1.785115722e-07
3.019952000e-05 1.961459968e-07
3.090295000e-05 2.150461502e-07
3.230000000e-05 2.565720378e-07
3.235937000e-05 2.584389662e-07
3.273407000e-05 2.702429872e-07
3.427678000e-05 3.231174736e-07
3.450000000e-05 3.312046911e-07
3.467369000e-05 3.375190025e-07
3.630781000e-05 4.013935785e-07
3.650000000e-05 4.092806811e-07
3.672823000e-05 4.186540133e-07
3.850000000e-05 4.969124879e-07
3.935501000e-05 5.366600872e-07
4.027170000e-05 5.818059755e-07
4.070000000e-05 6.033368940e-07
4.216965000e-05 6.802085223e-07
4.220000000e-05 6.818667528e-07
4.300000000e-05 7.255936405e-07
4.415704000e-05 7.911141530e-07
4.518559000e-05 8.511579113e-07
4.650000000e-05 9.310104892e-07
4.731513000e-05 9.816443795e-07
4.900000000e-05 1.090048470e-06
5.000000000e-05 1.156200641e-06
5.188000000e-05 1.284889520e-06
5.300000000e-05 1.363531316e-06
5.308844000e-05 1.369760200e-06
5.500000000e-05 1.508478839e-06
5.527133670e-05 1.528364724e-06
5.623413000e-05 1.600119687e-06
5.754399000e-05 1.699227562e-06
5.821032000e-05 1.750862395e-06
5.956621000e-05 1.856625928e-06
5.991009030e-05 1.883636500e-06
6.237348000e-05 2.082639671e-06
6.382635000e-05 2.202788007e-06
6.512600590e-05 2.311966985e-06
6.600000000e-05 2.386630570e-06
6.600000000e-05 2.640249827e-06
6.683439000e-05 2.715783057e-06
6.751222810e-05 2.777206214e-06
6.800000000e-05 2.821942322e-06
6.800000000e-05 2.951671321e-06
6.839116000e-05 2.988549111e-06
6.949263100e-05 3.092521189e-06
6.984578450e-05 3.126088321e-06
7.099936170e-05 3.237069302e-06
7.161434000e-05 3.296508203e-06
7.179323400e-05 3.313840649e-06
7.226000000e-05 3.359282038e-06
7.270000000e-05 3.402400373e-06
7.328245000e-05 3.458600967e-06
7.360000000e-05 3.489269497e-06
7.413102000e-05 3.539822478e-06
7.417000000e-05 3.543533388e-06
7.450000000e-05 3.575024537e-06
7.498942000e-05 3.621277924e-06
7.585776000e-05 3.702276134e-06
7.590000000e-05 3.706190155e-06
7.673615000e-05 3.782796173e-06
7.700000000e-05 3.806953880e-06
7.706423140e-05 3.812801023e-06
7.762470880e-05 3.864235543e-06
7.798166060e-05 3.896910174e-06
7.810000000e-05 3.907837132e-06
7.852356000e-05 3.946778349e-06
7.904429140e-05 3.994375287e-06
7.937832310e-05 4.024940161e-06
8.000000000e-05 4.082302843e-06
8.080000000e-05 4.155948575e-06
8.128304790e-05 4.201097754e-06
8.128305000e-05 4.201097950e-06
8.157273080e-05 4.228415005e-06
8.222426000e-05 4.290078103e-06
8.230000000e-05 4.297211631e-06
8.317638000e-05 4.381076852e-06
8.350000000e-05 4.412219657e-06
8.413951000e-05 4.474703059e-06
8.450000000e-05 4.509498896e-06
8.485300000e-05 4.543828738e-06
8.511380120e-05 4.569605694e-06
8.511380260e-05 4.569605833e-06
8.610000000e-05 4.668744969e-06
8.709635510e-05 4.771052053e-06
8.730000000e-05 4.792191516e-06
8.738900000e-05 4.801559794e-06
8.810489000e-05 4.877424351e-06
8.850000000e-05 4.919174926e-06
8.912509000e-05 4.986388095e-06
8.950000000e-05 5.026656281e-06
9.015711000e-05 5.098396721e-06
9.070000000e-05 5.157546368e-06
9.190000000e-05 5.290561109e-06
9.225714000e-05 5.330339221e-06
9.332543000e-05 5.450710440e-06
9.386420200e-05 5.511606557e-06
9.400000000e-05 5.526953176e-06
9.450000000e-05 5.584085750e-06
9.549926000e-05 5.698660244e-06
9.580000000e-05 5.733099041e-06
9.612084880e-05 5.770383459e-06
9.720000000e-05 5.898389396e-06
9.800000000e-05 5.993628041e-06
9.828786600e-05 6.028159059e-06
9.885531000e-05 6.097180644e-06
9.900000000e-05 6.114779257e-06
1.000000000e-04 6.236182190e-06
1.011579000e-04 6.377564613e-06
1.018163900e-04 6.457765848e-06
1.020351860e-04 6.485010256e-06
1.035142000e-04 6.669044665e-06
1.040000000e-04 6.729763077e-06
1.045229800e-04 6.795329782e-06
1.047129000e-04 6.819575260e-06
1.069978110e-04 7.109037512e-06
1.070000000e-04 7.109314227e-06
1.070000000e-04 7.514274413e-06
1.077705580e-04 7.619088116e-06
1.080000000e-04 7.651056012e-06
1.096900000e-04 7.886401306e-06
1.109175000e-04 8.057077135e-06
1.114450540e-04 8.130231343e-06
1.122018000e-04 8.237057859e-06
1.148876960e-04 8.614678689e-06
1.150000000e-04 8.630952211e-06
1.164087720e-04 8.834157846e-06
1.189457590e-04 9.198114916e-06
1.190000000e-04 9.206043266e-06
1.196671980e-04 9.303955297e-06
1.199154870e-04 9.340359714e-06
1.205000000e-04 9.426081745e-06
1.224499900e-04 9.708670971e-06
1.230269000e-04 9.794464769e-06
1.244515000e-04 1.000713953e-05
1.247266450e-04 1.004794590e-05
1.260000000e-04 1.023627066e-05
1.273503330e-04 1.043536154e-05
1.282054400e-04 1.056414169e-05
1.300000000e-04 1.083323188e-05
1.303167000e-04 1.088048487e-05
1.311249250e-04 1.100015410e-05
1.318257000e-04 1.110856294e-05
1.350000000e-04 1.159569290e-05
1.358180660e-04 1.171930802e-05
1.364583000e-04 1.181566030e-05
1.364583500e-04 1.181566793e-05
1.400000000e-04 1.236545154e-05
1.403518650e-04 1.241912474e-05
1.412537390e-04 1.255615496e-05
1.412538000e-04 1.255616460e-05
1.417272040e-04 1.263089010e-05
1.438512600e-04 1.296448513e-05
1.441285690e-04 1.300773694e-05
1.462177000e-04 1.333852870e-05
1.485507930e-04 1.370081689e-05
1.492646230e-04 1.381342939e-05
1.496235440e-04 1.386987152e-05
1.520000000e-04 1.425527056e-05
1.531087000e-04 1.442914055e-05
1.548816320e-04 1.470598635e-05
1.548817000e-04 1.470599743e-05
1.562247760e-04 1.492343597e-05
1.566751000e-04 1.499762296e-05
1.584893000e-04 1.529407987e-05
1.594043270e-04 1.543861865e-05
1.603245000e-04 1.558288109e-05
1.610182000e-04 1.569371814e-05
1.634698290e-04 1.609204307e-05
1.650000000e-04 1.633684134e-05
1.659587000e-04 1.648730741e-05
1.660596700e-04 1.650309717e-05
1.678804000e-04 1.680088729e-05
1.708355420e-04 1.727264779e-05
1.717908240e-04 1.742239918e-05
1.720000000e-04 1.745618831e-05
1.737801000e-04 1.774496728e-05
1.751617470e-04 1.796249201e-05
1.765768220e-04 1.819033055e-05
1.778279000e-04 1.838926020e-05
1.800000000e-04 1.873210167e-05
1.800136760e-04 1.873421812e-05
1.810090530e-04 1.889439477e-05
1.814470580e-04 1.896441470e-05
1.820000000e-04 1.905483447e-05
1.850000000e-04 1.952981076e-05
1.870143690e-04 1.984394277e-05
1.878668670e-04 1.997926168e-05
1.883649000e-04 2.005778428e-05
1.886410900e-04 2.010106092e-05
1.900000000e-04 2.032118680e-05
1.927525000e-04 2.075422118e-05
1.942375300e-04 2.098155065e-05
1.949845000e-04 2.110029467e-05
1.961101160e-04 2.127742709e-05
1.961101210e-04 2.127742781e-05
1.998136210e-04 2.186150587e-05
2.000000000e-04 2.189024272e-05
2.012565340e-04 2.208482234e-05
2.033632590e-04 2.241465771e-05
2.041738000e-04 2.254420068e-05
2.065380000e-04 2.291154653e-05
2.085144890e-04 2.321457035e-05
2.091929120e-04 2.332168016e-05
2.107414530e-04 2.356309791e-05
2.120000000e-04 2.376218441e-05
2.137962000e-04 2.403953823e-05
2.150304570e-04 2.423096012e-05
2.162719000e-04 2.442170651e-05
2.172075780e-04 2.456228397e-05
2.177602500e-04 2.464775886e-05
2.187761610e-04 2.480340737e-05
2.225871080e-04 2.539253376e-05
2.238721000e-04 2.559289229e-05
2.255440060e-04 2.585287524e-05
2.264644000e-04 2.599372007e-05
2.284283600e-04 2.628914859e-05
2.290867570e-04 2.639146232e-05
2.300000000e-04 2.653581101e-05
2.325826910e-04 2.693312210e-05
2.330773080e-04 2.700770896e-05
2.344229000e-04 2.721399892e-05
2.371374000e-04 2.763112177e-05
2.385063430e-04 2.783509737e-05
2.389214970e-04 2.789668062e-05
2.391938480e-04 2.793691306e-05
2.405747510e-04 2.814577848e-05
2.450000000e-04 2.882058038e-05
2.452943550e-04 2.886393436e-05
2.454709000e-04 2.889115600e-05
2.504329330e-04 2.964692766e-05
2.511886000e-04 2.975764113e-05
2.519126640e-04 2.986261124e-05
2.525479310e-04 2.995681825e-05
2.568546840e-04 3.061227516e-05
2.594290470e-04 3.099882540e-05
2.600160000e-04 3.108508747e-05
2.618673100e-04 3.136153290e-05
2.644500910e-04 3.173830077e-05
2.660725000e-04 3.197738197e-05
2.663875790e-04 3.202305083e-05
2.668394730e-04 3.208822891e-05
2.691534950e-04 3.243192903e-05
2.720743350e-04 3.285720416e-05
2.722701000e-04 3.288651669e-05
2.730000000e-04 3.299769376e-05
2.754228550e-04 3.335983527e-05
2.771768940e-04 3.361667537e-05
2.786121000e-04 3.382219541e-05
2.789525130e-04 3.387004481e-05
2.801198120e-04 3.403750169e-05
2.840717350e-04 3.461885659e-05
2.851018000e-04 3.476992903e-05
2.854837230e-04 3.482523667e-05
2.884032000e-04 3.524251498e-05
2.891083370e-04 3.534420795e-05
2.919272520e-04 3.574992489e-05
2.951209040e-04 3.620752375e-05
2.951209690e-04 3.620753302e-05
2.968247230e-04 3.645648434e-05
2.985383000e-04 3.670112507e-05
3.000000000e-04 3.690539901e-05
3.002617870e-04 3.694240426e-05
3.054921000e-04 3.768732432e-05
3.067675400e-04 3.786039734e-05
3.072557580e-04 3.792773792e-05
3.081414030e-04 3.804990387e-05
3.099203300e-04 3.830451105e-05
3.115736030e-04 3.853561752e-05
3.119431940e-04 3.858802483e-05
3.162278000e-04 3.919410763e-05
3.180533530e-04 3.945047016e-05
3.198708610e-04 3.970281200e-05
3.208115460e-04 3.983560939e-05
3.235937000e-04 4.022302124e-05
3.245264090e-04 4.035068247e-05
3.280000000e-04 4.083548810e-05
3.308929710e-04 4.123029652e-05
3.311311000e-04 4.126327663e-05
3.349654000e-04 4.178022588e-05
3.349654670e-04 4.178023479e-05
3.357229330e-04 4.187942655e-05
3.357497250e-04 4.188302712e-05
3.368992510e-04 4.204249960e-05
3.416342340e-04 4.269627249e-05
3.431688420e-04 4.290538068e-05
3.437557880e-04 4.298796876e-05
3.447465790e-04 4.312602164e-05
3.457402680e-04 4.326510112e-05
3.506969130e-04 4.393953640e-05
3.507519000e-04 4.394703366e-05
3.558361220e-04 4.463939117e-05
3.573756790e-04 4.484827518e-05
3.589219000e-04 4.505366307e-05
3.600000000e-04 4.519491557e-05
3.625559060e-04 4.553072930e-05
3.649114850e-04 4.583417378e-05
3.651741430e-04 4.586906489e-05
3.696084350e-04 4.646479543e-05
3.715352000e-04 4.672088740e-05
3.718695830e-04 4.676463766e-05
3.736800860e-04 4.700672775e-05
3.769826860e-04 4.744206770e-05
3.771750880e-04 4.746744517e-05
3.801894000e-04 4.787153065e-05
3.826097670e-04 4.819155750e-05
3.834864070e-04 4.830790298e-05
3.852756080e-04 4.854111456e-05
3.890451000e-04 4.903582209e-05
3.901665230e-04 4.917900705e-05
3.912082660e-04 4.931172459e-05
3.927014280e-04 4.950475902e-05
3.935501000e-04 4.961271901e-05
3.958220580e-04 4.990623967e-05
4.000000000e-04 5.044986483e-05
4.038778290e-04 5.093796997e-05
4.050419210e-04 5.108660409e-05
4.056252670e-04 5.116215588e-05
4.069408040e-04 5.133319645e-05
4.100105040e-04 5.172053222e-05
4.118011000e-04 5.194592963e-05
4.120975000e-04 5.198410206e-05
4.176824490e-04 5.268305741e-05
4.178453940e-04 5.270308363e-05
4.212628040e-04 5.312922080e-05
4.216965000e-04 5.318403924e-05
4.235304690e-04 5.341557433e-05
4.270785840e-04 5.385789396e-05
4.315190700e-04 5.440615823e-05
4.315190740e-04 5.440615870e-05
4.324563780e-04 5.452004833e-05
4.340102710e-04 5.471134460e-05
4.353943750e-04 5.488124804e-05
4.365158000e-04 5.502361497e-05
4.415704000e-04 5.566274929e-05
4.466835790e-04 5.628028094e-05
4.479710860e-04 5.643273439e-05
4.492623210e-04 5.659076017e-05
4.500000000e-04 5.667988213e-05
4.531583240e-04 5.705710553e-05
4.531583880e-04 5.705711323e-05
4.567594020e-04 5.749120224e-05
4.609559110e-04 5.798792682e-05
4.620483970e-04 5.811917493e-05
4.623810000e-04 5.815975115e-05
4.630469160e-04 5.824113139e-05
4.634635990e-04 5.829173605e-05
4.688302190e-04 5.894335993e-05
4.731512410e-04 5.944632853e-05
4.731513000e-04 5.944633531e-05
4.736622200e-04 5.950612418e-05
4.737048490e-04 5.951109936e-05
4.778919320e-04 6.000878939e-05
4.791900490e-04 6.016730283e-05
4.841724000e-04 6.076938816e-05
4.897788000e-04 6.141483385e-05
4.897788070e-04 6.141483460e-05
4.900432030e-04 6.144549177e-05
4.904842050e-04 6.149645487e-05
4.911905850e-04 6.158066727e-05
4.954502000e-04 6.208159677e-05
4.961636940e-04 6.216465812e-05
5.017285000e-04 6.280125066e-05
5.051699760e-04 6.318691730e-05
5.062306620e-04 6.330452267e-05
5.069907000e-04 6.339246104e-05
5.075381960e-04 6.345604506e-05
5.103305650e-04 6.378254168e-05
5.162398700e-04 6.445505119e-05
5.168787600e-04 6.452600110e-05
5.188000430e-04 6.474295292e-05
5.228427660e-04 6.519414834e-05
5.228638920e-04 6.519659991e-05
5.232991130e-04 6.524809223e-05
5.268589290e-04 6.565909645e-05
5.268885690e-04 6.566257386e-05
5.329596300e-04 6.636617264e-05
5.370318000e-04 6.681917137e-05
5.370318200e-04 6.681917357e-05
5.379987330e-04 6.692957488e-05
5.400000000e-04 6.715389930e-05
5.432503000e-04 6.751445259e-05
5.445263610e-04 6.765380727e-05
5.495409000e-04 6.820031896e-05
5.503322710e-04 6.828438390e-05
5.511992290e-04 6.837785181e-05
5.518173210e-04 6.844387148e-05
5.559043000e-04 6.889439952e-05
5.578943910e-04 6.910765423e-05
5.629485930e-04 6.964802533e-05
5.630150840e-04 6.965508638e-05
5.663669970e-04 7.000294054e-05
5.681353460e-04 7.018334356e-05
5.688529650e-04 7.025784516e-05
5.700299590e-04 7.038278276e-05
5.726002810e-04 7.067035269e-05
5.759392420e-04 7.103764268e-05
5.793238080e-04 7.140673572e-05
5.799474860e-04 7.147439506e-05
5.843055770e-04 7.194227239e-05
5.878465320e-04 7.230280231e-05
5.888436750e-04 7.240552929e-05
5.888437000e-04 7.240553197e-05
5.911454360e-04 7.265655072e-05
5.993169120e-04 7.351107886e-05
6.000000000e-04 7.358009868e-05
6.008001490e-04 7.366222651e-05
6.025596000e-04 7.383997335e-05
6.025596140e-04 7.383997478e-05
6.081452840e-04 7.443000702e-05
6.095369000e-04 7.457593402e-05
6.112938290e-04 7.476029815e-05
6.190400710e-04 7.553775301e-05
6.200000000e-04 7.563059140e-05
6.226665060e-04 7.588656443e-05
6.237348370e-04 7.599108142e-05
6.255326830e-04 7.618079845e-05
6.264191590e-04 7.627563578e-05
6.328329390e-04 7.693236364e-05
6.337845190e-04 7.702771021e-05
6.378043970e-04 7.743031449e-05
6.422531120e-04 7.786561812e-05
6.427524880e-04 7.791450966e-05
6.433788970e-04 7.797716938e-05
6.456542000e-04 7.820506376e-05
6.514035380e-04 7.878106053e-05
6.531306000e-04 7.894923416e-05
6.551686430e-04 7.914293021e-05
6.566648390e-04 7.928765598e-05
6.603631390e-04 7.964811481e-05
6.625977920e-04 7.986405469e-05
6.636285550e-04 7.996843264e-05
6.683439000e-04 8.044074381e-05
6.741398780e-04 8.099699247e-05
6.755966500e-04 8.113018202e-05
6.760830000e-04 8.117749686e-05
6.780316860e-04 8.137132724e-05
6.858829640e-04 8.212556228e-05
6.866236230e-04 8.219400787e-05
6.876879410e-04 8.229476542e-05
6.903391570e-04 8.254957810e-05
6.938495770e-04 8.287405289e-05
6.945743900e-04 8.294160749e-05
6.955746420e-04 8.303603389e-05
7.019223240e-04 8.366200352e-05
7.074802370e-04 8.419094234e-05
7.100502410e-04 8.443216723e-05
7.136196340e-04 8.476281005e-05
7.153708540e-04 8.492415386e-05
7.161434000e-04 8.499432509e-05
7.218829980e-04 8.553351763e-05
7.225203640e-04 8.559212500e-05
7.284299410e-04 8.612929892e-05
7.308867920e-04 8.635106987e-05
7.349367950e-04 8.670855225e-05
7.360800440e-04 8.681409696e-05
7.413102000e-04 8.729530936e-05
7.413102230e-04 8.729531178e-05
7.446034850e-04 8.759244133e-05
7.493547920e-04 8.800941486e-05
7.498942000e-04 8.805914846e-05
7.500000000e-04 8.806909528e-05
7.585776000e-04 8.885204078e-05
7.607640570e-04 8.904128571e-05
7.607640700e-04 8.904128719e-05
7.673614490e-04 8.961641490e-05
7.677801790e-04 8.965130670e-05
7.695733340e-04 8.980438052e-05
7.704043770e-04 8.987542268e-05
7.715138650e-04 8.997241808e-05
7.793252680e-04 9.068867860e-05
7.813913890e-04 9.087108169e-05
7.850000000e-04 9.119101003e-05
7.850000000e-04 1.374662608e-04
7.854536540e-04 1.411951467e-04
7.858791930e-04 1.449575399e-04
7.862783460e-04 1.487365600e-04
7.866527350e-04 1.525161345e-04
7.870038870e-04 1.562811551e-04
7.873332340e-04 1.600175988e-04
7.874989410e-04 1.619987864e-04
7.875697940e-04 1.628466567e-04
7.876421230e-04 1.637128890e-04
7.879318150e-04 1.673558798e-04
7.884752760e-04 1.746813023e-04
7.889511110e-04 1.816610017e-04
7.893677020e-04 1.882411769e-04
7.897324000e-04 1.943873457e-04
7.900516490e-04 2.000816110e-04
7.903310970e-04 2.053197350e-04
7.908203690e-04 2.150967358e-04
7.909062000e-04 2.169360319e-04
7.911875220e-04 2.229738573e-04
7.914629980e-04 2.292074656e-04
7.918763920e-04 2.391128604e-04
7.922900000e-04 2.497266640e-04
7.924600000e-04 2.543045676e-04
7.928000000e-04 2.652402329e-04
7.931000000e-04 2.745031895e-04
7.934000000e-04 2.835090367e-04
7.939000000e-04 2.978018592e-04
7.943282000e-04 3.094311913e-04
7.947000000e-04 3.191115157e-04
7.952000000e-04 3.315944341e-04
7.958000000e-04 3.457144839e-04
7.965000000e-04 3.610992218e-04
7.966894450e-04 3.649735641e-04
7.972000000e-04 3.754423983e-04
7.980000000e-04 3.906497001e-04
7.987000000e-04 4.029623398e-04
7.997000000e-04 4.190375313e-04
8.000000000e-04 4.233562117e-04
8.000000000e-04 4.456110623e-04
8.004691820e-04 4.542384723e-04
8.006943860e-04 4.584578900e-04
8.007000000e-04 4.585631726e-04
8.009092890e-04 4.621357065e-04
8.013221100e-04 4.693241791e-04
8.017093220e-04 4.762047310e-04
8.018000000e-04 4.778466191e-04
8.020725040e-04 4.823257350e-04
8.022619730e-04 4.855031403e-04
8.024131360e-04 4.880417888e-04
8.027326110e-04 4.935132354e-04
8.030000000e-04 4.981826205e-04
8.030322330e-04 4.986888129e-04
8.033132310e-04 5.031899857e-04
8.038403660e-04 5.118897697e-04
8.043018920e-04 5.197999604e-04
8.045000000e-04 5.233115250e-04
8.047059450e-04 5.266158563e-04
8.050596590e-04 5.324834411e-04
8.053692850e-04 5.377789223e-04
8.056403060e-04 5.425424578e-04
8.059200000e-04 5.476350319e-04
8.061148110e-04 5.509192823e-04
8.064708730e-04 5.571857643e-04
8.070052600e-04 5.670577944e-04
8.072000000e-04 5.708718110e-04
8.075400000e-04 5.770858699e-04
8.077000000e-04 5.801337346e-04
8.080500000e-04 5.877702309e-04
8.083500000e-04 5.941268295e-04
8.086500000e-04 6.003379790e-04
8.090000000e-04 6.073781761e-04
8.091000000e-04 6.092615311e-04
8.095500000e-04 6.173705371e-04
8.099660080e-04 6.246483648e-04
8.100000000e-04 6.252439928e-04
8.106000000e-04 6.352919023e-04
8.106811650e-04 6.365909656e-04
8.108000000e-04 6.384945134e-04
8.111000000e-04 6.429623844e-04
8.118000000e-04 6.529222271e-04
8.124000000e-04 6.610499152e-04
8.130000000e-04 6.688009582e-04
8.137000000e-04 6.767329553e-04
8.145000000e-04 6.852303936e-04
8.150000000e-04 6.901753692e-04
8.151733810e-04 6.917612018e-04
8.153700000e-04 6.935630575e-04
8.164000000e-04 7.022060288e-04
8.175000000e-04 7.105537009e-04
8.180000000e-04 7.139523315e-04
8.187000000e-04 7.181422171e-04
8.187003570e-04 7.181440840e-04
8.198000000e-04 7.239089440e-04
8.200684250e-04 7.251188764e-04
8.212000000e-04 7.302373352e-04
8.222426000e-04 7.341549014e-04
8.228000000e-04 7.362573244e-04
8.236900000e-04 7.389975338e-04
8.243000000e-04 7.408815712e-04
8.258953690e-04 7.447421828e-04
8.265000000e-04 7.462101435e-04
8.290000000e-04 7.506244734e-04
8.311654760e-04 7.533133941e-04
8.317638000e-04 7.540576773e-04
8.326042190e-04 7.547809779e-04
8.350000000e-04 7.570334266e-04
8.354587960e-04 7.573392970e-04
8.413951000e-04 7.611511150e-04
8.449341060e-04 7.632887604e-04
8.511380000e-04 7.667972376e-04
8.519752950e-04 7.672459369e-04
8.535913040e-04 7.681789745e-04
8.535913060e-04 7.681789737e-04
8.550008800e-04 7.689825865e-04
8.557437870e-04 7.694795437e-04
8.612259880e-04 7.730634392e-04
8.622336840e-04 7.736998965e-04
8.644079190e-04 7.750491380e-04
8.709635570e-04 7.788989427e-04
8.778847170e-04 7.825695465e-04
8.780000000e-04 7.826274836e-04
8.780874920e-04 7.826683124e-04
8.810489000e-04 7.841964746e-04
8.820003180e-04 7.846769423e-04
8.836678520e-04 7.855035357e-04
8.862547050e-04 7.867453496e-04
8.886893730e-04 7.878717263e-04
8.965574390e-04 7.911487447e-04
8.971221080e-04 7.913637641e-04
8.983939010e-04 7.918391431e-04
9.000098280e-04 7.924249533e-04
9.024911340e-04 7.935766638e-04
9.050000000e-04 7.947050155e-04
9.086333490e-04 7.962204364e-04
9.095992620e-04 7.966050963e-04
9.120108000e-04 7.975344128e-04
9.189145790e-04 7.999231147e-04
9.205820260e-04 8.004466746e-04
9.225714000e-04 8.010378264e-04
9.243241400e-04 8.018581416e-04
9.253138500e-04 8.023602987e-04
9.261777470e-04 8.027952769e-04
9.266698970e-04 8.030413351e-04
9.310000000e-04 8.051339444e-04
9.310000000e-04 9.141640115e-04
9.359441570e-04 9.173802711e-04
9.440607500e-04 9.222386419e-04
9.440609000e-04 9.222387365e-04
9.441118270e-04 9.222763060e-04
9.452503990e-04 9.231213748e-04
9.543054510e-04 9.294832873e-04
9.549926000e-04 9.299423064e-04
9.576194450e-04 9.316690151e-04
9.591245220e-04 9.326480505e-04
9.605056150e-04 9.335351291e-04
9.632743790e-04 9.355179561e-04
9.641845170e-04 9.362048158e-04
9.700000000e-04 9.404487790e-04
9.725022300e-04 9.422113687e-04
9.825249900e-04 9.488158250e-04
9.843606980e-04 9.499485268e-04
9.850000000e-04 9.503390567e-04
9.857115760e-04 9.507624414e-04
9.885530640e-04 9.527205045e-04
9.928302630e-04 9.555678156e-04
9.932991840e-04 9.559009456e-04
9.973068700e-04 9.586827971e-04
1.005462020e-03 9.640414671e-04
1.008851360e-03 9.661330428e-04
1.011579000e-03 9.677873120e-04
1.014495150e-03 9.696979212e-04
1.018290330e-03 9.721034857e-04
1.021584340e-03 9.741324187e-04
1.023293000e-03 9.751574205e-04
1.027720100e-03 9.779332357e-04
1.033845500e-03 9.820920979e-04
1.041117810e-03 9.867011036e-04
1.045715660e-03 9.894342258e-04
1.047128590e-03 9.902651495e-04
1.050596210e-03 9.922414055e-04
1.052513710e-03 9.933156893e-04
1.053596860e-03 9.939142171e-04
1.054690300e-03 9.945683836e-04
1.056589220e-03 9.956924166e-04
1.063836600e-03 1.000482916e-03
1.068439730e-03 1.003350360e-03
1.071519000e-03 1.005184970e-03
1.076912240e-03 1.008247000e-03
1.078772010e-03 1.009327852e-03
1.081200440e-03 1.010884466e-03
1.083927000e-03 1.012593584e-03
1.088616460e-03 1.015496588e-03
1.094736750e-03 1.019073554e-03
1.095714210e-03 1.019661249e-03
1.096478000e-03 1.020175936e-03
1.103800370e-03 1.024934282e-03
1.106783160e-03 1.026778154e-03
1.107779040e-03 1.027380677e-03
1.115578230e-03 1.031898034e-03
1.117259930e-03 1.032832015e-03
1.118793550e-03 1.033671532e-03
1.121627680e-03 1.035189429e-03
1.122028200e-03 1.035436982e-03
1.128495990e-03 1.039616130e-03
1.135011000e-03 1.043669680e-03
1.136441100e-03 1.044527070e-03
1.139921710e-03 1.046558238e-03
1.141210270e-03 1.047298401e-03
1.148154000e-03 1.051120567e-03
1.150000000e-03 1.052203886e-03
1.158527300e-03 1.057228952e-03
1.158944150e-03 1.057465439e-03
1.159204940e-03 1.057613846e-03
1.159509350e-03 1.057786579e-03
1.163121310e-03 1.059799366e-03
1.168153860e-03 1.062556925e-03
1.173425970e-03 1.065290319e-03
1.178284330e-03 1.067657114e-03
1.179704880e-03 1.068452526e-03
1.187006610e-03 1.072681724e-03
1.189999890e-03 1.074343767e-03
1.193644590e-03 1.076301526e-03
1.194208490e-03 1.076598740e-03
1.194614680e-03 1.076811668e-03
1.201399850e-03 1.080232376e-03
1.202486000e-03 1.080858465e-03
1.213127000e-03 1.087136058e-03
1.213836610e-03 1.087532921e-03
1.216186000e-03 1.088832320e-03
1.217061420e-03 1.089315405e-03
1.230269000e-03 1.096346898e-03
1.235591730e-03 1.098873892e-03
1.236926160e-03 1.099482527e-03
1.237485170e-03 1.099799275e-03
1.242948470e-03 1.103117677e-03
1.250489910e-03 1.107450217e-03
1.251699250e-03 1.108118911e-03
1.252825580e-03 1.108744140e-03
1.257115170e-03 1.111066887e-03
1.268102260e-03 1.116518144e-03
1.273503000e-03 1.118942705e-03
1.279013080e-03 1.121839632e-03
1.281085690e-03 1.122897467e-03
1.288250000e-03 1.126361065e-03
1.294332870e-03 1.129073471e-03
1.295286050e-03 1.129481956e-03
1.299421240e-03 1.131202233e-03
1.299888890e-03 1.131440836e-03
1.305043510e-03 1.134024388e-03
1.314468330e-03 1.138544186e-03
1.316055630e-03 1.139260666e-03
1.319205500e-03 1.140645696e-03
1.324139150e-03 1.143262571e-03
1.331608280e-03 1.146971619e-03
1.331843190e-03 1.147084276e-03
1.331851080e-03 1.147088121e-03
1.349448100e-03 1.154825547e-03
1.355900420e-03 1.158096153e-03
1.357376130e-03 1.158816786e-03
1.360267650e-03 1.160195415e-03
1.361640870e-03 1.160838754e-03
1.362130670e-03 1.161067795e-03
1.364583000e-03 1.162251953e-03
1.380384000e-03 1.169163608e-03
1.382166230e-03 1.170014745e-03
1.386356680e-03 1.171964221e-03
1.398127950e-03 1.177025298e-03
1.402409770e-03 1.178691740e-03
1.406578930e-03 1.180225287e-03
1.408477540e-03 1.180924684e-03
1.408802390e-03 1.181067040e-03
1.410506000e-03 1.181805029e-03
1.415676890e-03 1.184167603e-03
1.421970420e-03 1.186881440e-03
1.425299930e-03 1.188238873e-03
1.426133470e-03 1.188576557e-03
1.433528020e-03 1.191434548e-03
1.437401460e-03 1.193069990e-03
1.439309660e-03 1.193915684e-03
1.440864400e-03 1.194594654e-03
1.450000000e-03 1.198507208e-03
1.455223590e-03 1.200568418e-03
1.455812390e-03 1.200795553e-03
1.461355340e-03 1.203304909e-03
1.462177000e-03 1.203689493e-03
1.469197070e-03 1.206842488e-03
1.470163640e-03 1.207261573e-03
1.478077900e-03 1.210538618e-03
1.482642220e-03 1.212315643e-03
1.491166020e-03 1.215686089e-03
1.491935150e-03 1.215975646e-03
1.493737400e-03 1.216642898e-03
1.493865890e-03 1.216690081e-03
1.495646830e-03 1.217376385e-03
1.511665460e-03 1.224338472e-03
1.513034100e-03 1.224878981e-03
1.513561000e-03 1.225088795e-03
1.520643070e-03 1.227794218e-03
1.522805700e-03 1.228665292e-03
1.526236330e-03 1.230012236e-03
1.538961790e-03 1.235387914e-03
1.544364920e-03 1.237452760e-03
1.545476610e-03 1.237864672e-03
1.546975250e-03 1.238411020e-03
1.548817000e-03 1.239073924e-03
1.549588320e-03 1.239360524e-03
1.549781540e-03 1.239445506e-03
1.566751000e-03 1.246804839e-03
1.572001220e-03 1.248826372e-03
1.583950740e-03 1.253356891e-03
1.585287940e-03 1.253828273e-03
1.586889930e-03 1.254516838e-03
1.591750420e-03 1.256538256e-03
1.594043220e-03 1.257459824e-03
1.599787960e-03 1.259716363e-03
1.605929480e-03 1.261992750e-03
1.612501220e-03 1.264504302e-03
1.613951910e-03 1.265074624e-03
1.618676570e-03 1.266875483e-03
1.621810000e-03 1.268016111e-03
1.628827460e-03 1.270884514e-03
1.633632090e-03 1.272757709e-03
1.640590000e-03 1.275306589e-03
1.642656640e-03 1.276082800e-03
1.655412860e-03 1.280505200e-03
1.663590130e-03 1.283016297e-03
1.667554330e-03 1.284457777e-03
1.668651600e-03 1.284845259e-03
1.669167770e-03 1.285026858e-03
1.675560340e-03 1.287209438e-03
1.678804000e-03 1.288260933e-03
1.679067570e-03 1.288349672e-03
1.695408000e-03 1.293911159e-03
1.695630050e-03 1.293979240e-03
1.696106760e-03 1.294153979e-03
1.705591420e-03 1.297512538e-03
1.708516820e-03 1.298482599e-03
1.715756480e-03 1.301022644e-03
1.717908000e-03 1.301739443e-03
1.720064300e-03 1.302438962e-03
1.726155780e-03 1.304705347e-03
1.733429820e-03 1.307248371e-03
1.737801000e-03 1.308688394e-03
1.742844540e-03 1.310287068e-03
1.746738030e-03 1.311548610e-03
1.753661970e-03 1.313652379e-03
1.755395250e-03 1.314230976e-03
1.757377440e-03 1.314878367e-03
1.776041660e-03 1.321662372e-03
1.778279000e-03 1.322394203e-03
1.788545760e-03 1.325539814e-03
1.788867020e-03 1.325634176e-03
1.792473080e-03 1.326665975e-03
1.795500000e-03 1.327549593e-03
1.800000000e-03 1.329039923e-03
1.806653660e-03 1.331312220e-03
1.814470500e-03 1.333778576e-03
1.819701000e-03 1.335318739e-03
1.827574400e-03 1.337453377e-03
1.829836270e-03 1.338035456e-03
1.830619720e-03 1.338282058e-03
1.831852640e-03 1.338690413e-03
1.833848440e-03 1.339342079e-03
1.847010070e-03 1.343694609e-03
1.848985680e-03 1.344299428e-03
1.854189890e-03 1.345824156e-03
1.857403770e-03 1.346719886e-03
1.860418720e-03 1.347544138e-03
1.863987560e-03 1.348671211e-03
1.879586980e-03 1.353485931e-03
1.887597370e-03 1.355647775e-03
1.889367220e-03 1.356214269e-03
1.890765340e-03 1.356688390e-03
1.893937480e-03 1.357848709e-03
1.895396900e-03 1.358373644e-03
1.895790820e-03 1.358514177e-03
1.903063180e-03 1.361041200e-03
1.924306340e-03 1.367535726e-03
1.929953370e-03 1.368999578e-03
1.930968230e-03 1.369253931e-03
1.933219990e-03 1.369805427e-03
1.936118870e-03 1.370496387e-03
1.938555410e-03 1.371238880e-03
1.947402130e-03 1.374105525e-03
1.949845000e-03 1.374853753e-03
1.950000000e-03 1.374901217e-03
1.961776040e-03 1.378408676e-03
1.968611900e-03 1.380246606e-03
1.973326770e-03 1.381436800e-03
1.975189000e-03 1.381989762e-03
1.978108410e-03 1.382915987e-03
1.982566590e-03 1.384304488e-03
1.985580830e-03 1.385210803e-03
1.998184450e-03 1.388674639e-03
2.001701200e-03 1.389634517e-03
2.003117790e-03 1.390092287e-03
2.005402930e-03 1.390884898e-03
2.018366000e-03 1.395116908e-03
2.028056460e-03 1.397941674e-03
2.028558740e-03 1.398082026e-03
2.041738000e-03 1.401563163e-03
2.045029670e-03 1.402343740e-03
2.045753170e-03 1.402560673e-03
2.050000000e-03 1.403950690e-03
2.050571620e-03 1.404134766e-03
2.067239100e-03 1.409077881e-03
2.072702730e-03 1.410536533e-03
2.079172790e-03 1.412341886e-03
2.081659240e-03 1.413003446e-03
2.086291600e-03 1.414199597e-03
2.089296000e-03 1.414939598e-03
2.096732630e-03 1.417139961e-03
2.104525880e-03 1.419307418e-03
2.122633360e-03 1.423631642e-03
2.126072810e-03 1.424589436e-03
2.126963300e-03 1.424831856e-03
2.134887410e-03 1.426892335e-03
2.138243920e-03 1.427717970e-03
2.141763760e-03 1.428559940e-03
2.150000000e-03 1.430434408e-03
2.152239610e-03 1.430957939e-03
2.166805930e-03 1.435348787e-03
2.175595260e-03 1.437713670e-03
2.181689560e-03 1.439244815e-03
2.187762000e-03 1.440678084e-03
2.197176930e-03 1.442719579e-03
2.197523850e-03 1.442790142e-03
2.205047660e-03 1.444232574e-03
2.214852110e-03 1.446862758e-03
2.222670390e-03 1.448787038e-03
2.232615050e-03 1.451046153e-03
2.243533450e-03 1.453523770e-03
2.245502280e-03 1.453936904e-03
2.248710640e-03 1.454827621e-03
2.252683590e-03 1.455909740e-03
2.265543470e-03 1.459117916e-03
2.276329570e-03 1.461490338e-03
2.285105710e-03 1.463872298e-03
2.290868000e-03 1.465366858e-03
2.294960120e-03 1.466378420e-03
2.296653040e-03 1.466784056e-03
2.305155240e-03 1.468895197e-03
2.317395000e-03 1.471632674e-03
2.323365830e-03 1.472831474e-03
2.327421640e-03 1.473968587e-03
2.333080470e-03 1.475490690e-03
2.345884070e-03 1.478698894e-03
2.348416540e-03 1.479342886e-03
2.354371860e-03 1.480813361e-03
2.359867200e-03 1.482106991e-03
2.359884220e-03 1.482110883e-03
2.369721370e-03 1.484240083e-03
2.371374000e-03 1.484582053e-03
2.388660180e-03 1.488873325e-03
2.409212190e-03 1.492992701e-03
2.412681770e-03 1.493732991e-03
2.414126840e-03 1.494068382e-03
2.414835530e-03 1.494231617e-03
2.420506740e-03 1.495516981e-03
2.421716370e-03 1.495785171e-03
2.425764490e-03 1.496772693e-03
2.426610000e-03 1.496979565e-03
2.442815550e-03 1.500606310e-03
2.449415900e-03 1.502263101e-03
2.459348550e-03 1.504774619e-03
2.471324210e-03 1.507500254e-03
2.479562140e-03 1.509194754e-03
2.482016770e-03 1.509667834e-03
2.483133000e-03 1.509908120e-03
2.493819870e-03 1.512127882e-03
2.500000000e-03 1.513288853e-03
2.502753150e-03 1.513823662e-03
2.510136240e-03 1.515623133e-03
2.519990080e-03 1.517855495e-03
2.522754480e-03 1.518442972e-03
2.526842260e-03 1.519296221e-03
2.533669630e-03 1.520634644e-03
2.540115840e-03 1.521815401e-03
2.548669500e-03 1.523485139e-03
2.557941550e-03 1.525521386e-03
2.559761200e-03 1.525907636e-03
2.569500160e-03 1.527853715e-03
2.571843370e-03 1.528296950e-03
2.578732170e-03 1.529691271e-03
2.583658740e-03 1.530640238e-03
2.584580900e-03 1.530855102e-03
2.600160000e-03 1.534689820e-03
2.611762120e-03 1.537208698e-03
2.620703970e-03 1.538947723e-03
2.627077570e-03 1.540115266e-03
2.630268000e-03 1.540745775e-03
2.637045310e-03 1.542023861e-03
2.641648690e-03 1.543091579e-03
2.652742170e-03 1.545487240e-03
2.659528690e-03 1.547071747e-03
2.668784330e-03 1.549115939e-03
2.673869200e-03 1.550193106e-03
2.677319700e-03 1.550900376e-03
2.678493990e-03 1.551135521e-03
2.691535000e-03 1.553555943e-03
2.711154940e-03 1.557271405e-03
2.712160990e-03 1.557440236e-03
2.712612740e-03 1.557529139e-03
2.721783080e-03 1.559266536e-03
2.722701000e-03 1.559434795e-03
2.727565540e-03 1.560419144e-03
2.738419770e-03 1.562439875e-03
2.740059810e-03 1.562796057e-03
2.742563840e-03 1.563331263e-03
2.778113320e-03 1.569804158e-03
2.780113410e-03 1.570142754e-03
2.781769640e-03 1.570479866e-03
2.791386830e-03 1.572358902e-03
2.800000000e-03 1.573890263e-03
2.804707890e-03 1.574774126e-03
2.817115750e-03 1.576892836e-03
2.817907640e-03 1.577055010e-03
2.818383000e-03 1.577154379e-03
2.827523420e-03 1.579020072e-03
2.830512070e-03 1.579662866e-03
2.834791930e-03 1.580556139e-03
2.860215470e-03 1.585187278e-03
2.863353770e-03 1.585672444e-03
2.871477610e-03 1.586869428e-03
2.875220820e-03 1.587449735e-03
2.883058830e-03 1.588593463e-03
2.884032000e-03 1.588778094e-03
2.894799710e-03 1.590702337e-03
2.903291430e-03 1.592313627e-03
2.905356030e-03 1.592695241e-03
2.910497660e-03 1.593614401e-03
2.917427000e-03 1.594944120e-03
2.933527170e-03 1.597740574e-03
2.936947820e-03 1.598404208e-03
2.946965620e-03 1.600252907e-03
2.951209000e-03 1.600980944e-03
2.967999940e-03 1.603540333e-03
2.971957350e-03 1.604152846e-03
2.974527380e-03 1.604638889e-03
2.976802360e-03 1.605071954e-03
2.980062950e-03 1.605686518e-03
2.998299180e-03 1.609271905e-03
3.000000000e-03 1.609577387e-03
3.003158050e-03 1.610136384e-03
3.024112290e-03 1.613394132e-03
3.029099060e-03 1.614167049e-03
3.029746240e-03 1.614266725e-03
3.030548620e-03 1.614392375e-03
3.033325920e-03 1.614951559e-03
3.040119040e-03 1.616399637e-03
3.046008470e-03 1.617595423e-03
3.070683850e-03 1.622028825e-03
3.073896950e-03 1.622542113e-03
3.077189640e-03 1.623117951e-03
3.090295000e-03 1.625230575e-03
3.104085300e-03 1.627609577e-03
3.109997020e-03 1.628531634e-03
3.110276150e-03 1.628573849e-03
3.124673880e-03 1.630976568e-03
3.128227610e-03 1.631531077e-03
3.134133890e-03 1.632423382e-03
3.135773210e-03 1.632668854e-03
3.144126060e-03 1.634055447e-03
3.168253830e-03 1.638371920e-03
3.182000480e-03 1.640411012e-03
3.191345130e-03 1.641617700e-03
3.191996880e-03 1.641697815e-03
3.197816420e-03 1.642579728e-03
3.198895000e-03 1.642740581e-03
3.212661470e-03 1.645204019e-03
3.234481370e-03 1.648496371e-03
3.239517610e-03 1.649360303e-03
3.241717650e-03 1.649730434e-03
3.246375200e-03 1.650489937e-03
3.249937390e-03 1.651049425e-03
3.253794730e-03 1.651717750e-03
3.295267150e-03 1.657563791e-03
3.297610300e-03 1.657875953e-03
3.310194360e-03 1.659409918e-03
3.311311140e-03 1.659586194e-03
3.313143160e-03 1.659929569e-03
3.333401310e-03 1.663451686e-03
3.339604860e-03 1.664408768e-03
3.349654000e-03 1.665876904e-03
3.368139930e-03 1.668180553e-03
3.376120860e-03 1.669287204e-03
3.388442000e-03 1.671183732e-03
3.398208270e-03 1.672544068e-03
3.403101930e-03 1.673288482e-03
3.412263800e-03 1.674592222e-03
3.427678000e-03 1.677064851e-03
3.438060410e-03 1.678565264e-03
3.442508750e-03 1.679259630e-03
3.450567990e-03 1.680460439e-03
3.464874390e-03 1.682367010e-03
3.479535780e-03 1.684380576e-03
3.485259680e-03 1.685327251e-03
3.490524370e-03 1.686280967e-03
3.492643570e-03 1.686659233e-03
3.494479640e-03 1.686982765e-03
3.507518850e-03 1.689205134e-03
3.529880360e-03 1.692476798e-03
3.548134000e-03 1.694635437e-03
3.557276300e-03 1.695823001e-03
3.567333790e-03 1.697273885e-03
3.576168820e-03 1.698703065e-03
3.578903680e-03 1.699131534e-03
3.596002550e-03 1.701586716e-03
3.609940260e-03 1.703301966e-03
3.614530430e-03 1.703969747e-03
3.630781000e-03 1.706188290e-03
3.641778390e-03 1.707708644e-03
3.642556170e-03 1.707811590e-03
3.646405770e-03 1.708310254e-03
3.664903280e-03 1.710436624e-03
3.672823000e-03 1.711445314e-03
3.684671270e-03 1.713080159e-03
3.688714520e-03 1.713597972e-03
3.691774300e-03 1.713986137e-03
3.694026870e-03 1.714268577e-03
3.707267400e-03 1.716033636e-03
3.713681950e-03 1.716830674e-03
3.740164150e-03 1.720566363e-03
3.742823750e-03 1.720903889e-03
3.750270100e-03 1.721804418e-03
3.756684210e-03 1.722622290e-03
3.768058020e-03 1.723947395e-03
3.778378250e-03 1.725030752e-03
3.790967010e-03 1.726214187e-03
3.800184940e-03 1.727227718e-03
3.800612010e-03 1.727280261e-03
3.801894000e-03 1.727489909e-03
3.831933760e-03 1.731853962e-03
3.844620810e-03 1.733430191e-03
3.845918000e-03 1.733580562e-03
3.857003230e-03 1.734798196e-03
3.862557940e-03 1.735352489e-03
3.867142360e-03 1.735781807e-03
3.882062370e-03 1.737456173e-03
3.887610200e-03 1.738133926e-03
3.889139800e-03 1.738321384e-03
3.902235640e-03 1.740092518e-03
3.905878690e-03 1.740562222e-03
3.907284320e-03 1.740739569e-03
3.911921490e-03 1.741316124e-03
3.916432410e-03 1.741853673e-03
3.917803290e-03 1.742012470e-03
3.949152510e-03 1.746048993e-03
3.951817560e-03 1.746340050e-03
3.955807180e-03 1.746854361e-03
3.957219780e-03 1.747037224e-03
3.961782550e-03 1.747683636e-03
3.964188620e-03 1.748020238e-03
3.995041780e-03 1.751757439e-03
4.000000000e-03 1.752442835e-03
4.006452750e-03 1.753312336e-03
4.009060710e-03 1.753651015e-03
4.015087880e-03 1.754502994e-03
4.026038510e-03 1.755951496e-03
4.037546600e-03 1.757333123e-03
4.058807480e-03 1.759585464e-03
4.058989880e-03 1.759607746e-03
4.073803000e-03 1.761329776e-03
4.078988570e-03 1.762019271e-03
4.081502110e-03 1.762350734e-03
4.084683770e-03 1.762761082e-03
4.088098260e-03 1.763189941e-03
4.120975000e-03 1.767313588e-03
4.129227640e-03 1.768189625e-03
4.133457430e-03 1.768610559e-03
4.138710280e-03 1.769115076e-03
4.144766000e-03 1.769659632e-03
4.149382050e-03 1.770190139e-03
4.168694000e-03 1.772236205e-03
4.182142010e-03 1.773835670e-03
4.186730230e-03 1.774338381e-03
4.190203300e-03 1.774714917e-03
4.196955880e-03 1.775422716e-03
4.198798020e-03 1.775607823e-03
4.207871910e-03 1.776469131e-03
4.242825500e-03 1.779901357e-03
4.245126170e-03 1.780142343e-03
4.247418160e-03 1.780385879e-03
4.248145670e-03 1.780474480e-03
4.263877240e-03 1.782261119e-03
4.265795000e-03 1.782524949e-03
4.275506380e-03 1.783807144e-03
4.276786120e-03 1.783974697e-03
4.315191000e-03 1.788326346e-03
4.317520380e-03 1.788542650e-03
4.333861100e-03 1.790145530e-03
4.338541350e-03 1.790555629e-03
4.349285760e-03 1.791415385e-03
4.363686190e-03 1.792442936e-03
4.365158000e-03 1.792589534e-03
4.372609160e-03 1.793309654e-03
4.375741800e-03 1.793606012e-03
4.379808290e-03 1.794097089e-03
4.384045160e-03 1.794645481e-03
4.394309270e-03 1.795904861e-03
4.429079220e-03 1.799423607e-03
4.435046920e-03 1.799927611e-03
4.439879910e-03 1.800386349e-03
4.440073140e-03 1.800404546e-03
4.445193190e-03 1.801010776e-03
4.446392610e-03 1.801149378e-03
4.446880780e-03 1.801205523e-03
4.447892640e-03 1.801324615e-03
4.478154530e-03 1.804444655e-03
4.489883550e-03 1.805679887e-03
4.495313800e-03 1.806225938e-03
4.498239600e-03 1.806509187e-03
4.499396940e-03 1.806651238e-03
4.506310070e-03 1.807475063e-03
4.529036890e-03 1.809907440e-03
4.533396150e-03 1.810320387e-03
4.547367140e-03 1.811769290e-03
4.556534020e-03 1.812623361e-03
4.560660290e-03 1.813078673e-03
4.565251300e-03 1.813586012e-03
4.579520610e-03 1.815067132e-03
4.582658770e-03 1.815368690e-03
4.586921140e-03 1.815780532e-03
4.608586700e-03 1.818339655e-03
4.632548880e-03 1.820996518e-03
4.643709270e-03 1.822062021e-03
4.655892380e-03 1.823099355e-03
4.665796890e-03 1.823846440e-03
4.670259570e-03 1.824213467e-03
4.676682940e-03 1.824723117e-03
4.677351000e-03 1.824792721e-03
4.692440500e-03 1.826729919e-03
4.697480700e-03 1.827335281e-03
4.746776130e-03 1.832117105e-03
4.750597830e-03 1.832400037e-03
4.751983920e-03 1.832501501e-03
4.752946540e-03 1.832573694e-03
4.765680950e-03 1.833654261e-03
4.766497860e-03 1.833744968e-03
4.786301000e-03 1.835777184e-03
4.800000000e-03 1.836992176e-03
4.811757160e-03 1.838092922e-03
4.818263960e-03 1.838662157e-03
4.821690910e-03 1.838959634e-03
4.841724000e-03 1.840501981e-03
4.844336930e-03 1.840712203e-03
4.876688450e-03 1.843779417e-03
4.888899250e-03 1.844714845e-03
4.897788000e-03 1.845565059e-03
4.904975620e-03 1.846206485e-03
4.914225100e-03 1.846986783e-03
4.926063780e-03 1.848138979e-03
4.936486270e-03 1.849062274e-03
4.940262470e-03 1.849389860e-03
4.957176580e-03 1.850987270e-03
4.976203850e-03 1.852515881e-03
4.983104370e-03 1.853183335e-03
4.985121530e-03 1.853371642e-03
5.000000000e-03 1.854723875e-03
5.001065370e-03 1.854815359e-03
5.027052740e-03 1.856772125e-03
5.028127340e-03 1.856844479e-03
5.048453080e-03 1.858317888e-03
5.058974420e-03 1.859282119e-03
5.067627920e-03 1.860012366e-03
5.081287310e-03 1.861048794e-03
5.086553500e-03 1.861417023e-03
5.093388540e-03 1.862065235e-03
5.096066340e-03 1.862321221e-03
5.101240530e-03 1.862815992e-03
5.106290080e-03 1.863280870e-03
5.126307710e-03 1.865171033e-03
5.126596480e-03 1.865196136e-03
5.153497030e-03 1.867261391e-03
5.170918670e-03 1.868335016e-03
5.171526480e-03 1.868381418e-03
5.175678540e-03 1.868787711e-03
5.178756580e-03 1.869125639e-03
5.185959080e-03 1.869891013e-03
5.201367250e-03 1.871404768e-03
5.212029440e-03 1.872389468e-03
5.235109550e-03 1.874244221e-03
5.238723160e-03 1.874580928e-03
5.260213740e-03 1.876391748e-03
5.265796520e-03 1.876836615e-03
5.271316980e-03 1.877389658e-03
5.282342020e-03 1.878431907e-03
5.299384920e-03 1.879907916e-03
5.308844000e-03 1.880790612e-03
5.332355340e-03 1.882771611e-03
5.332893060e-03 1.882812406e-03
5.341821330e-03 1.883699331e-03
5.381085380e-03 1.886951690e-03
5.382740550e-03 1.887067531e-03
5.394101250e-03 1.887814246e-03
5.395317760e-03 1.887903087e-03
5.401320770e-03 1.888327034e-03
5.403676080e-03 1.888492969e-03
5.410433380e-03 1.888947972e-03
5.432503000e-03 1.890865778e-03
5.456352340e-03 1.893157146e-03
5.457791950e-03 1.893285553e-03
5.466247800e-03 1.894012539e-03
5.476568590e-03 1.894961812e-03
5.483558410e-03 1.895565653e-03
5.535093670e-03 1.899129620e-03
5.539983600e-03 1.899510187e-03
5.556542820e-03 1.900682776e-03
5.559043000e-03 1.900851329e-03
5.571231330e-03 1.901827128e-03
5.576280940e-03 1.902211955e-03
5.623413000e-03 1.905689282e-03
5.626448520e-03 1.905863632e-03
5.655877980e-03 1.907981738e-03
5.664023250e-03 1.908470167e-03
5.672180390e-03 1.909076362e-03
5.684437320e-03 1.909910036e-03
5.686610730e-03 1.910047943e-03
5.688529000e-03 1.910173397e-03
5.707620020e-03 1.911540991e-03
5.741991280e-03 1.914058157e-03
5.742248910e-03 1.914074263e-03
5.757505970e-03 1.914954042e-03
5.773062830e-03 1.916085078e-03
5.779605130e-03 1.916517694e-03
5.786155840e-03 1.917074066e-03
5.787619670e-03 1.917198369e-03
5.789962560e-03 1.917397838e-03
5.804301700e-03 1.918605932e-03
5.818415270e-03 1.919865488e-03
5.852235060e-03 1.922404204e-03
5.861956560e-03 1.923007105e-03
5.875738920e-03 1.923797286e-03
5.886120210e-03 1.924327670e-03
5.907534010e-03 1.925212630e-03
5.907770540e-03 1.925223528e-03
5.915709090e-03 1.925769803e-03
5.924828630e-03 1.926379081e-03
5.946007980e-03 1.928196675e-03
5.950199680e-03 1.928526421e-03
5.953943150e-03 1.928812648e-03
5.953943670e-03 1.928812689e-03
5.977523600e-03 1.930470383e-03
5.999367290e-03 1.931781017e-03
6.005756320e-03 1.932174487e-03
6.011807970e-03 1.932637174e-03
6.037263030e-03 1.934437475e-03
6.052281490e-03 1.935326663e-03
6.053504100e-03 1.935393447e-03
6.080310720e-03 1.937426723e-03
6.080891700e-03 1.937477509e-03
6.093313470e-03 1.938672552e-03
6.093313870e-03 1.938672590e-03
6.095369000e-03 1.938866106e-03
6.114487820e-03 1.940599209e-03
6.133231280e-03 1.942108122e-03
6.158891240e-03 1.943864465e-03
6.182869400e-03 1.945268586e-03
6.193881210e-03 1.945806312e-03
6.194653360e-03 1.945858977e-03
6.199978010e-03 1.946213758e-03
6.199978320e-03 1.946213778e-03
6.201721470e-03 1.946329016e-03
6.226234150e-03 1.947833575e-03
6.243330320e-03 1.948920469e-03
6.251776030e-03 1.949399416e-03
6.281199980e-03 1.951801295e-03
6.287941750e-03 1.952296505e-03
6.296300990e-03 1.952878229e-03
6.309573000e-03 1.953753821e-03
6.337516230e-03 1.955882827e-03
6.350563050e-03 1.956868358e-03
6.363486120e-03 1.957759122e-03
6.380240530e-03 1.958789459e-03
6.382635000e-03 1.958930929e-03
6.405032330e-03 1.960110698e-03
6.422281110e-03 1.960863689e-03
6.428726820e-03 1.961170830e-03
6.432194550e-03 1.961410134e-03
6.456542000e-03 1.962919598e-03
6.494106050e-03 1.965411851e-03
6.503168480e-03 1.965907154e-03
6.529836380e-03 1.967123883e-03
6.531306000e-03 1.967184472e-03
6.534830810e-03 1.967329604e-03
6.551558910e-03 1.968295238e-03
6.569010870e-03 1.969366469e-03
6.588092420e-03 1.970862965e-03
6.610501040e-03 1.972399496e-03
6.629107360e-03 1.973492332e-03
6.644330620e-03 1.974497755e-03
6.645077150e-03 1.974545765e-03
6.654647110e-03 1.975148993e-03
6.683439000e-03 1.976702756e-03
6.705869200e-03 1.977859037e-03
6.712714390e-03 1.978163831e-03
6.724744010e-03 1.978876995e-03
6.731516840e-03 1.979275628e-03
6.746251440e-03 1.980100011e-03
6.751106960e-03 1.980354085e-03
6.764479790e-03 1.980996242e-03
6.770566060e-03 1.981261524e-03
6.790444290e-03 1.982586155e-03
6.815167770e-03 1.983980775e-03
6.819460030e-03 1.984194088e-03
6.836041780e-03 1.985124513e-03
6.861571960e-03 1.986340139e-03
6.864445930e-03 1.986519024e-03
6.865322050e-03 1.986575064e-03
6.870792190e-03 1.986917438e-03
6.925780600e-03 1.989769297e-03
6.931517080e-03 1.990110840e-03
6.936924700e-03 1.990419716e-03
6.940747380e-03 1.990630387e-03
6.961066880e-03 1.991836642e-03
6.975377440e-03 1.992579482e-03
6.982406120e-03 1.993020358e-03
6.996060080e-03 1.993857981e-03
7.000000000e-03 1.994090052e-03
7.044522190e-03 1.996321229e-03
7.045245090e-03 1.996366566e-03
7.048642050e-03 1.996576775e-03
7.048897860e-03 1.996594510e-03
7.061968560e-03 1.997464717e-03
7.112247460e-03 2.000959461e-03
7.118527170e-03 2.001322313e-03
7.121734580e-03 2.001504469e-03
7.138236090e-03 2.002406908e-03
7.141412030e-03 2.002567411e-03
7.144424850e-03 2.002715795e-03
7.153235830e-03 2.003217724e-03
7.193874890e-03 2.005260016e-03
7.205982040e-03 2.005964288e-03
7.211782320e-03 2.006280372e-03
7.226462590e-03 2.007033175e-03
7.226634300e-03 2.007046111e-03
7.227783720e-03 2.007132421e-03
7.229987730e-03 2.007296884e-03
7.302037620e-03 2.011724265e-03
7.308808380e-03 2.012031402e-03
7.315187290e-03 2.012303738e-03
7.326058190e-03 2.012851693e-03
7.328245000e-03 2.012960956e-03
7.353960660e-03 2.014585980e-03
7.404616690e-03 2.017075935e-03
7.413102000e-03 2.017392983e-03
7.435891520e-03 2.018481963e-03
7.445932300e-03 2.018895947e-03
7.466636020e-03 2.019792247e-03
7.477389200e-03 2.020219712e-03
7.493547740e-03 2.021084039e-03
7.497263420e-03 2.021268540e-03
7.498942000e-03 2.021354251e-03
7.537889720e-03 2.023070726e-03
7.542233560e-03 2.023225106e-03
7.545522320e-03 2.023420662e-03
7.569758300e-03 2.024943921e-03
7.585776000e-03 2.025829699e-03
7.589870330e-03 2.026041107e-03
7.610378230e-03 2.027075627e-03
7.615305500e-03 2.027380508e-03
7.628287900e-03 2.028141033e-03
7.640556580e-03 2.028824042e-03
7.641909460e-03 2.028897424e-03
7.697410440e-03 2.031314482e-03
7.715000000e-03 2.032012760e-03
7.715000000e-03 1.592630443e-02
