1.075000000e-03 5.028099660e-03 84 0
1.075000000e-03 2.925344954e-04
1.076300000e-03 2.975136268e-04
1.079000000e-03 3.059840779e-04
1.081800000e-03 3.130464963e-04
1.085500000e-03 3.202090555e-04
1.090000000e-03 3.263239975e-04
1.094000000e-03 3.299637979e-04
1.100000000e-03 3.332131880e-04
1.109175000e-03 3.350674160e-04
1.128496220e-03 3.348011269e-04
1.148154000e-03 3.345350544e-04
1.173000000e-03 3.371378618e-04
1.208228500e-03 3.430397822e-04
1.244515000e-03 3.490450190e-04
1.273903490e-03 3.531772979e-04
1.300187160e-03 3.568331579e-04
1.323629840e-03 3.600630634e-04
1.344488650e-03 3.629132014e-04
1.381785630e-03 3.679553396e-04
1.410435800e-03 3.717828653e-04
1.432312590e-03 3.746796146e-04
1.465765630e-03 3.790671015e-04
1.500000000e-03 3.835059750e-04
1.526987980e-03 3.867556410e-04
1.551000470e-03 3.896216671e-04
1.593934520e-03 3.946884295e-04
1.626913210e-03 3.985316921e-04
1.652094240e-03 4.014386770e-04
1.690598430e-03 4.058389589e-04
1.730000000e-03 4.102874728e-04
1.766201880e-03 4.135860259e-04
1.798499430e-03 4.164940133e-04
1.827243900e-03 4.190552686e-04
1.878656570e-03 4.235754194e-04
1.918163180e-03 4.269974960e-04
1.948337400e-03 4.295821878e-04
1.994491050e-03 4.334885941e-04
2.041738000e-03 4.374305144e-04
2.071333460e-03 4.395691363e-04
2.124161500e-03 4.433369093e-04
2.164664860e-03 4.461839179e-04
2.226872580e-03 4.504887525e-04
2.290868000e-03 4.548351169e-04
2.340857910e-03 4.576381137e-04
2.385493110e-03 4.601049026e-04
2.425246530e-03 4.622742510e-04
2.460573830e-03 4.641808165e-04
2.523639340e-03 4.675362438e-04
2.571996990e-03 4.700687271e-04
2.608872360e-03 4.719770870e-04
2.665179060e-03 4.748541614e-04
2.722701000e-03 4.777487708e-04
2.778113320e-03 4.799749914e-04
2.827523420e-03 4.819314364e-04
2.871477610e-03 4.836498725e-04
2.950047940e-03 4.866718899e-04
3.010383340e-03 4.889507854e-04
3.056443340e-03 4.906669603e-04
3.126858060e-03 4.932525183e-04
3.198895000e-03 4.958517055e-04
3.259304860e-03 4.976022624e-04
3.313098580e-03 4.991390678e-04
3.360895890e-03 5.004876619e-04
3.446206420e-03 5.028564839e-04
3.511607420e-03 5.046404536e-04
3.561471400e-03 5.059825842e-04
3.637598100e-03 5.080024715e-04
3.715352000e-03 5.100304232e-04
3.796426230e-03 5.116484337e-04
3.868816130e-03 5.130684028e-04
3.933288690e-03 5.143141070e-04
3.990582930e-03 5.154065801e-04
4.092863350e-03 5.173239965e-04
4.171290370e-03 5.187667363e-04
4.231095290e-03 5.198514319e-04
4.322414190e-03 5.214827278e-04
4.415704000e-03 5.231191439e-04
4.517617360e-03 5.243617974e-04
4.608719200e-03 5.254515441e-04
4.689939080e-03 5.264069262e-04
4.762179770e-03 5.272443110e-04
4.826302590e-03 5.279781161e-04
4.940602100e-03 5.292647335e-04
5.028099660e-03 5.302317539e-04
6.600000000e-05 5.004664680e-03 161 1
6.600000000e-05 1.212040914e-07
6.640000000e-05 1.258090951e-07
6.770000000e-05 1.409101812e-07
6.920000000e-05 1.588944420e-07
7.079458000e-05 1.786531304e-07
7.244360000e-05 1.996985054e-07
7.413102000e-05 2.218500554e-07
7.585776000e-05 2.451128308e-07
7.800000000e-05 2.747191019e-07
8.035261000e-05 3.080498450e-07
8.300000000e-05 3.464457433e-07
8.609938000e-05 3.923840323e-07
8.912509000e-05 4.380944230e-07
9.240200000e-05 4.883653765e-07
9.650000000e-05 5.521699010e-07
1.000000000e-04 6.073520000e-07
1.047129000e-04 6.824367591e-07
1.100000000e-04 7.676276300e-07
1.161449000e-04 8.679464900e-07
1.230269000e-04 9.820826221e-07
1.273503330e-04 1.053907506e-06
1.318257000e-04 1.130985310e-06
1.372461120e-04 1.223491685e-06
1.428894000e-04 1.323564399e-06
1.496235650e-04 1.442534836e-06
1.566751000e-04 1.572199072e-06
1.650061050e-04 1.725119318e-06
1.737801000e-04 1.892913369e-06
1.819701090e-04 2.048846542e-06
1.905461000e-04 2.217625036e-06
1.995262410e-04 2.391921429e-06
2.089296000e-04 2.579916754e-06
2.187761730e-04 2.772281328e-06
2.290868000e-04 2.978989002e-06
2.344228990e-04 3.082289523e-06
2.426609980e-04 3.243995316e-06
2.511886000e-04 3.414184665e-06
2.577804270e-04 3.540331454e-06
2.679939300e-04 3.738344289e-06
2.786121000e-04 3.947432062e-06
2.867477170e-04 4.101604108e-06
2.930049550e-04 4.221171960e-06
3.026477560e-04 4.407090859e-06
3.126079000e-04 4.601198363e-06
3.226635930e-04 4.790000620e-06
3.304170720e-04 4.936669273e-06
3.423980220e-04 5.165135609e-06
3.548134000e-04 5.404175131e-06
3.656074260e-04 5.603655343e-06
3.739178990e-04 5.758082959e-06
3.867391370e-04 5.997740522e-06
4.000000000e-04 6.247372800e-06
4.111923220e-04 6.447717454e-06
4.197916050e-04 6.602180987e-06
4.330288970e-04 6.840842169e-06
4.466836000e-04 7.088130671e-06
4.597269880e-04 7.310706383e-06
4.697588740e-04 7.482212869e-06
4.852186470e-04 7.747046059e-06
5.011872000e-04 8.021252977e-06
5.173089270e-04 8.281941792e-06
5.297396430e-04 8.483003467e-06
5.489480240e-04 8.793785121e-06
5.688529000e-04 9.115952458e-06
5.871512340e-04 9.395097605e-06
6.012602310e-04 9.610051834e-06
6.230619500e-04 9.941739496e-06
6.456542000e-04 1.028487526e-05
6.645076600e-04 1.055254461e-05
6.790081710e-04 1.075785841e-05
7.013543780e-04 1.107334322e-05
7.244360000e-04 1.139807999e-05
7.477389640e-04 1.170178155e-05
7.657067980e-04 1.193485648e-05
7.794654520e-04 1.211270418e-05
8.005683610e-04 1.238445714e-05
8.222426000e-04 1.266230704e-05
8.365655550e-04 1.283262712e-05
8.622336880e-04 1.313621840e-05
8.820003220e-04 1.336861609e-05
8.971221110e-04 1.354560850e-05
9.202922950e-04 1.381550034e-05
9.440609000e-04 1.409076977e-05
9.744285020e-04 1.441462609e-05
9.978435500e-04 1.466239376e-05
1.015773350e-03 1.485101052e-05
1.043273910e-03 1.513849436e-05
1.071519000e-03 1.543154327e-05
1.105986710e-03 1.575750642e-05
1.132563170e-03 1.600648982e-05
1.152913780e-03 1.619580577e-05
1.184127360e-03 1.648398578e-05
1.216186000e-03 1.677729369e-05
1.237773010e-03 1.695803548e-05
1.276476330e-03 1.727903090e-05
1.306295970e-03 1.752375900e-05
1.329116960e-03 1.770957670e-05
1.364098150e-03 1.799200467e-05
1.400000000e-03 1.827893648e-05
1.425975390e-03 1.846550657e-05
1.449098900e-03 1.863031697e-05
1.490470950e-03 1.892228238e-05
1.522273310e-03 1.914425524e-05
1.546569600e-03 1.931244184e-05
1.583743050e-03 1.956749632e-05
1.621810000e-03 1.982591944e-05
1.652437250e-03 2.001272034e-05
1.679710180e-03 2.017761445e-05
1.728525390e-03 2.046945503e-05
1.766065550e-03 2.069110214e-05
1.794754750e-03 2.085891111e-05
1.838664730e-03 2.111317948e-05
1.883649000e-03 2.137054769e-05
1.919221030e-03 2.155064120e-05
1.950897180e-03 2.170946756e-05
2.007593610e-03 2.199023512e-05
2.051194650e-03 2.220319160e-05
2.084515730e-03 2.236426103e-05
2.135515000e-03 2.260805856e-05
2.187762000e-03 2.285451382e-05
2.232287210e-03 2.303947872e-05
2.271989490e-03 2.320255063e-05
2.307307810e-03 2.334618537e-05
2.370441060e-03 2.359968818e-05
2.418922100e-03 2.379162049e-05
2.455932480e-03 2.393659330e-05
2.512512490e-03 2.415571028e-05
2.570396000e-03 2.437683332e-05
2.622708590e-03 2.455010962e-05
2.669354730e-03 2.470273647e-05
2.710850140e-03 2.483706284e-05
2.785025290e-03 2.507389422e-05
2.841985570e-03 2.525299851e-05
2.885469000e-03 2.538816601e-05
2.951944770e-03 2.559227498e-05
3.019952000e-03 2.579802464e-05
3.081413910e-03 2.595711401e-05
3.136218310e-03 2.609712151e-05
3.184971150e-03 2.622024751e-05
3.272119320e-03 2.643711765e-05
3.339041780e-03 2.660094643e-05
3.390130330e-03 2.672448404e-05
3.468232510e-03 2.691086691e-05
3.548134000e-03 2.709854947e-05
3.620345470e-03 2.724065547e-05
3.684735050e-03 2.736560921e-05
3.742014670e-03 2.747541397e-05
3.844404880e-03 2.766863356e-05
3.923031950e-03 2.781443941e-05
3.983055780e-03 2.792429765e-05
4.074817880e-03 2.808989930e-05
4.168694000e-03 2.825648310e-05
4.253535030e-03 2.837831159e-05
4.329186150e-03 2.848534224e-05
4.396483800e-03 2.857932539e-05
4.516781730e-03 2.874454232e-05
4.609160430e-03 2.886908158e-05
4.679682240e-03 2.896283986e-05
4.787493250e-03 2.910404877e-05
4.897788000e-03 2.924594593e-05
5.004664680e-03 2.935257680e-05
3.400000000e-05 4.997467540e-03 249 2
3.400000000e-05 2.316635061e-08
3.458949120e-05 2.670457686e-08
3.503830730e-05 2.970857083e-08
3.537873690e-05 3.218131607e-08
3.589559310e-05 3.628163559e-08
3.642000000e-05 4.090438814e-08
3.678493170e-05 4.441948697e-08
3.715352000e-05 4.823665328e-08
3.780000000e-05 5.528479159e-08
3.850000000e-05 6.352656695e-08
3.935501000e-05 7.446713667e-08
4.000000000e-05 8.336640000e-08
4.073803000e-05 9.419865636e-08
4.168694000e-05 1.091942453e-07
4.265795000e-05 1.257908286e-07
4.365158000e-05 1.440697709e-07
4.466836000e-05 1.640793064e-07
4.570882000e-05 1.858893195e-07
4.680000000e-05 2.101521262e-07
4.800000000e-05 2.384363520e-07
4.950000000e-05 2.759530356e-07
5.080000000e-05 3.102530053e-07
5.230000000e-05 3.516737462e-07
5.400000000e-05 4.006356552e-07
5.580000000e-05 4.543330079e-07
5.754399000e-05 5.076908549e-07
5.950000000e-05 5.685094531e-07
6.150000000e-05 6.310897822e-07
6.350000000e-05 6.935824838e-07
6.580000000e-05 7.644461742e-07
6.800000000e-05 8.309494464e-07
7.070000000e-05 9.103056546e-07
7.328245000e-05 9.833240851e-07
7.585776000e-05 1.053007246e-06
7.900000000e-05 1.133891092e-06
8.300000000e-05 1.230771517e-06
8.502351370e-05 1.276485576e-06
8.709636000e-05 1.323897577e-06
8.963961780e-05 1.377508546e-06
9.225714000e-05 1.433290477e-06
9.508522350e-05 1.488761069e-06
9.800000000e-05 1.546378456e-06
1.018856680e-04 1.617528942e-06
1.059254000e-04 1.691953088e-06
1.083927220e-04 1.733953788e-06
1.122018810e-04 1.798917826e-06
1.161449000e-04 1.866315736e-06
1.188502510e-04 1.909239111e-06
1.230268880e-04 1.975482233e-06
1.273503000e-04 2.044023735e-06
1.304013210e-04 2.088829342e-06
1.327374600e-04 2.123076887e-06
1.363203750e-04 2.175503955e-06
1.400000000e-04 2.229225600e-06
1.431680130e-04 2.271474856e-06
1.480549510e-04 2.336354787e-06
1.531087000e-04 2.403087855e-06
1.562247760e-04 2.440052266e-06
1.610182000e-04 2.496567658e-06
1.659587000e-04 2.554392066e-06
1.693628470e-04 2.589770890e-06
1.746004370e-04 2.643760006e-06
1.800000000e-04 2.698874640e-06
1.836382030e-04 2.731208870e-06
1.892338490e-04 2.780437944e-06
1.950000000e-04 2.830554383e-06
1.998184450e-04 2.866509784e-06
2.035102550e-04 2.893775760e-06
2.091762530e-04 2.935161720e-06
2.150000000e-04 2.977139615e-06
2.209945970e-04 3.013481736e-06
2.255999790e-04 3.041029212e-06
2.291168880e-04 3.061854904e-06
2.344953170e-04 3.093361226e-06
2.400000000e-04 3.125191680e-06
2.438146690e-04 3.143923688e-06
2.506368150e-04 3.176975305e-06
2.558784060e-04 3.201991829e-06
2.598814110e-04 3.220883402e-06
2.660036430e-04 3.249429971e-06
2.722701000e-04 3.278229535e-06
2.766145060e-04 3.294824717e-06
2.843846810e-04 3.324068672e-06
2.903552180e-04 3.346171853e-06
2.949152380e-04 3.362845652e-06
3.018898950e-04 3.388012235e-06
3.090295000e-04 3.413367158e-06
3.135089590e-04 3.425802444e-06
3.215048160e-04 3.447673246e-06
3.276352560e-04 3.464167942e-06
3.323096770e-04 3.476590736e-06
3.394466490e-04 3.495308495e-06
3.467369000e-04 3.514127035e-06
3.517629130e-04 3.523262851e-06
3.607343720e-04 3.539307715e-06
3.676128060e-04 3.551389284e-06
3.728575680e-04 3.560477531e-06
3.808653440e-04 3.574153520e-06
3.890451000e-04 3.587882032e-06
3.946843930e-04 3.593847973e-06
4.047505590e-04 3.604312217e-06
4.124683090e-04 3.612180414e-06
4.183530430e-04 3.618092820e-06
4.273379380e-04 3.626979567e-06
4.365158000e-04 3.635888167e-06
4.434809550e-04 3.639269981e-06
4.496665720e-04 3.642231620e-06
4.606997280e-04 3.647420327e-06
4.691518890e-04 3.651316695e-06
4.755926180e-04 3.654241723e-06
4.854198780e-04 3.658633631e-06
4.954502000e-04 3.663030819e-06
5.026318580e-04 3.663275226e-06
5.154511560e-04 3.663703007e-06
5.252797360e-04 3.664023843e-06
5.327739660e-04 3.664264531e-06
5.442162610e-04 3.664625541e-06
5.559043000e-04 3.664986598e-06
5.635390180e-04 3.662420966e-06
5.771529450e-04 3.657935439e-06
5.875787890e-04 3.654574885e-06
5.955215820e-04 3.652056507e-06
6.076375410e-04 3.648282179e-06
6.200000000e-04 3.644511776e-06
6.294771700e-04 3.638673931e-06
6.378884540e-04 3.633573469e-06
6.528795520e-04 3.624664907e-06
6.643536270e-04 3.617997788e-06
6.730913250e-04 3.613005537e-06
6.864138170e-04 3.605530030e-06
7.000000000e-04 3.598070000e-06
7.121734580e-04 3.588502289e-06
7.229987730e-04 3.580151425e-06
7.326058190e-04 3.572860344e-06
7.497263420e-04 3.560136683e-06
7.628287900e-04 3.550623692e-06
7.728056770e-04 3.543505618e-06
7.880162010e-04 3.532855275e-06
8.035261000e-04 3.522236933e-06
8.163473510e-04 3.510803835e-06
8.277336520e-04 3.500830303e-06
8.480431590e-04 3.483444780e-06
8.636016470e-04 3.470462313e-06
8.754575490e-04 3.460757220e-06
8.935472800e-04 3.446250465e-06
9.120108000e-04 3.431804505e-06
9.265630460e-04 3.417708707e-06
9.394866110e-04 3.405422383e-06
9.509425100e-04 3.394708070e-06
9.713274890e-04 3.376039107e-06
9.869024870e-04 3.362104784e-06
1.010734500e-03 3.341311090e-06
1.035142000e-03 3.320645958e-06
1.053173520e-03 3.303055861e-06
1.069208580e-03 3.287741059e-06
1.083439390e-03 3.274398738e-06
1.108800590e-03 3.251180002e-06
1.128210320e-03 3.233874028e-06
1.142990270e-03 3.220955059e-06
1.165524020e-03 3.201673312e-06
1.188502000e-03 3.182506950e-06
1.210946400e-03 3.161079704e-06
1.230932670e-03 3.142449245e-06
1.248691060e-03 3.126237638e-06
1.264439690e-03 3.112121141e-06
1.292479230e-03 3.087570509e-06
1.313916180e-03 3.069284673e-06
1.330226900e-03 3.055641385e-06
1.355073410e-03 3.035290150e-06
1.380384000e-03 3.015074465e-06
1.408477540e-03 2.990172617e-06
1.433528020e-03 2.968552336e-06
1.455812390e-03 2.949762783e-06
1.475595200e-03 2.933419536e-06
1.493125560e-03 2.919193517e-06
1.524306290e-03 2.894463735e-06
1.548118420e-03 2.876054023e-06
1.566221310e-03 2.862323593e-06
1.593773320e-03 2.841850774e-06
1.621810000e-03 2.821524403e-06
1.652437250e-03 2.797427050e-06
1.679710180e-03 2.776510765e-06
1.703942990e-03 2.758337352e-06
1.725433310e-03 2.742533223e-06
1.763695590e-03 2.715093529e-06
1.792948100e-03 2.694694102e-06
1.815205450e-03 2.679495203e-06
1.849110580e-03 2.656857379e-06
1.883649000e-03 2.634410844e-06
1.919221030e-03 2.609639142e-06
1.950897180e-03 2.588155040e-06
1.979042380e-03 2.569501590e-06
2.004002310e-03 2.553290114e-06
2.048442060e-03 2.525165828e-06
2.082417400e-03 2.504276089e-06
2.108268200e-03 2.488722260e-06
2.147647330e-03 2.465572451e-06
2.187762000e-03 2.442638024e-06
2.232287210e-03 2.415602498e-06
2.271989490e-03 2.392192004e-06
2.307307810e-03 2.371894039e-06
2.338661410e-03 2.354274602e-06
2.366445120e-03 2.338965017e-06
2.415863200e-03 2.312412421e-06
2.453602830e-03 2.292695952e-06
2.482293950e-03 2.278019025e-06
2.525960900e-03 2.256179613e-06
2.570396000e-03 2.234549564e-06
2.622708590e-03 2.207640080e-06
2.669354730e-03 2.184360245e-06
2.710850140e-03 2.164191827e-06
2.747687440e-03 2.146697307e-06
2.780330460e-03 2.131505612e-06
2.838391680e-03 2.105178440e-06
2.882731910e-03 2.085646676e-06
2.916441050e-03 2.071116857e-06
2.967745270e-03 2.049511707e-06
3.019952000e-03 2.028131954e-06
3.081413910e-03 2.001793579e-06
3.136218310e-03 1.979028217e-06
3.184971150e-03 1.959321011e-06
3.228251180e-03 1.942238266e-06
3.266603370e-03 1.927413068e-06
3.334819320e-03 1.901740773e-06
3.386914520e-03 1.882711196e-06
3.426519290e-03 1.868564079e-06
3.486796470e-03 1.847542481e-06
3.548134000e-03 1.826757385e-06
3.620345470e-03 1.801316421e-06
3.684735050e-03 1.779346383e-06
3.742014670e-03 1.760342533e-06
3.792864290e-03 1.743880738e-06
3.837924200e-03 1.729602985e-06
3.918070990e-03 1.704897649e-06
3.979277540e-03 1.686600496e-06
4.025809110e-03 1.673006619e-06
4.096628650e-03 1.652820953e-06
4.168694000e-03 1.632878848e-06
4.253535030e-03 1.608609732e-06
4.329186150e-03 1.587670331e-06
4.396483800e-03 1.569572081e-06
4.456226850e-03 1.553905412e-06
4.509167610e-03 1.540325422e-06
4.603331810e-03 1.516845369e-06
4.675243190e-03 1.499470522e-06
4.729912990e-03 1.486570127e-06
4.813118650e-03 1.467427321e-06
4.897788000e-03 1.448531024e-06
4.997467540e-03 1.425609649e-06
3.400000000e-05 4.989674840e-03 249 3
3.400000000e-05 4.866204225e-08
3.454190620e-05 5.535246235e-08
3.495399640e-05 6.096729150e-08
3.558136810e-05 7.047528330e-08
3.622000000e-05 8.146606661e-08
3.665735950e-05 8.983454913e-08
3.710000000e-05 9.906266945e-08
3.780000000e-05 1.145659023e-07
3.850000000e-05 1.313399788e-07
3.935501000e-05 1.535478590e-07
4.030000000e-05 1.803460886e-07
4.120975000e-05 2.083728865e-07
4.220000000e-05 2.413491759e-07
4.330000000e-05 2.809799474e-07
4.450000000e-05 3.277665244e-07
4.570882000e-05 3.785331111e-07
4.680600000e-05 4.276449404e-07
4.800000000e-05 4.842115891e-07
4.954502000e-05 5.618777203e-07
5.080000000e-05 6.283455820e-07
5.230000000e-05 7.112842208e-07
5.400000000e-05 8.091948989e-07
5.580000000e-05 9.164357183e-07
5.754399000e-05 1.022857974e-06
5.950000000e-05 1.143995465e-06
6.150000000e-05 1.268580947e-06
6.350000000e-05 1.392705844e-06
6.580000000e-05 1.533598736e-06
6.800000000e-05 1.665558881e-06
7.070000000e-05 1.822618583e-06
7.328245000e-05 1.967089340e-06
7.650000000e-05 2.138792429e-06
8.000000000e-05 2.315202560e-06
8.400000000e-05 2.504150692e-06
8.602796500e-05 2.593248351e-06
8.810489000e-05 2.685516112e-06
9.067759790e-05 2.791261985e-06
9.332543000e-05 2.901171740e-06
9.660508790e-05 3.026805616e-06
1.000000000e-04 3.157880000e-06
1.020351980e-04 3.230128850e-06
1.051659200e-04 3.341613224e-06
1.083927000e-04 3.456945312e-06
1.109174840e-04 3.540564155e-06
1.148153530e-04 3.669799977e-06
1.188502000e-04 3.803753057e-06
1.219691400e-04 3.899684198e-06
1.243619420e-04 3.973216975e-06
1.280394480e-04 4.086124055e-06
1.318257000e-04 4.202239543e-06
1.350025800e-04 4.291453387e-06
1.374353820e-04 4.359604504e-06
1.411670310e-04 4.463865862e-06
1.450000000e-04 4.570620545e-06
1.482606810e-04 4.652894988e-06
1.532896990e-04 4.779091866e-06
1.584893000e-04 4.908711379e-06
1.617640730e-04 4.981400704e-06
1.668035390e-04 5.092457942e-06
1.720000000e-04 5.205991149e-06
1.759528610e-04 5.281099256e-06
1.789770090e-04 5.338140548e-06
1.836109650e-04 5.424859738e-06
1.883649000e-04 5.512987737e-06
1.927524820e-04 5.582578750e-06
1.961101070e-04 5.635347807e-06
2.012565270e-04 5.715438224e-06
2.065380000e-04 5.796666798e-06
2.121690030e-04 5.869614563e-06
2.164927780e-04 5.924927261e-06
2.197933360e-04 5.966753559e-06
2.248387590e-04 6.030047232e-06
2.300000000e-04 6.094012288e-06
2.367701670e-04 6.164824152e-06
2.419782530e-04 6.218472426e-06
2.459593610e-04 6.259014866e-06
2.520541670e-04 6.320324600e-06
2.583000000e-04 6.382234912e-06
2.622610870e-04 6.415575846e-06
2.693397130e-04 6.474342055e-06
2.747737850e-04 6.518769758e-06
2.789211660e-04 6.552290414e-06
2.852599070e-04 6.602894959e-06
2.917427000e-04 6.653890283e-06
2.959715730e-04 6.680997741e-06
3.035201320e-04 6.728701701e-06
3.093076280e-04 6.764703165e-06
3.137205550e-04 6.791830497e-06
3.204582760e-04 6.832725750e-06
3.273407000e-04 6.873867187e-06
3.320855720e-04 6.894972934e-06
3.405551920e-04 6.932063979e-06
3.470488670e-04 6.960013218e-06
3.520002510e-04 6.981048993e-06
3.595600950e-04 7.012721996e-06
3.672823000e-04 7.044538691e-06
3.726061320e-04 7.059017049e-06
3.821092000e-04 7.084425802e-06
3.893952200e-04 7.103542376e-06
3.949507640e-04 7.117913676e-06
4.034330460e-04 7.139525150e-06
4.120975000e-04 7.161202213e-06
4.186730230e-04 7.170365803e-06
4.245126170e-04 7.178393600e-06
4.349285760e-04 7.192463820e-06
4.429079220e-04 7.203034584e-06
4.489883550e-04 7.210972855e-06
4.582658770e-04 7.222896689e-06
4.677351000e-04 7.234840197e-06
4.745150280e-04 7.237700844e-06
4.866172360e-04 7.242709720e-06
4.958960220e-04 7.246468627e-06
5.029710370e-04 7.249289117e-06
5.137732700e-04 7.253521862e-06
5.248075000e-04 7.257757100e-06
5.324146950e-04 7.254914967e-06
5.459935770e-04 7.249943885e-06
5.564045330e-04 7.246217843e-06
5.643428190e-04 7.243424537e-06
5.764631070e-04 7.239236609e-06
5.888437000e-04 7.235051141e-06
5.973791020e-04 7.226186503e-06
6.126148380e-04 7.210699489e-06
6.242961070e-04 7.199106060e-06
6.332029980e-04 7.190423185e-06
6.468021660e-04 7.177418530e-06
6.606934000e-04 7.164437398e-06
6.712474220e-04 7.148974857e-06
6.806203980e-04 7.135472537e-06
6.973391320e-04 7.111904779e-06
7.101471420e-04 7.094280008e-06
7.199072950e-04 7.081090168e-06
7.347996130e-04 7.061351325e-06
7.500000000e-04 7.041667500e-06
7.630510760e-04 7.019347235e-06
7.746569320e-04 6.999875034e-06
7.849567680e-04 6.982881208e-06
8.033121030e-04 6.953241173e-06
8.173597340e-04 6.931093750e-06
8.280564340e-04 6.914529469e-06
8.443645280e-04 6.889757301e-06
8.609938000e-04 6.865073844e-06
8.747320120e-04 6.839022834e-06
8.869326490e-04 6.816309335e-06
8.977477210e-04 6.796496910e-06
9.169923900e-04 6.761963611e-06
9.316961410e-04 6.736178836e-06
9.541950160e-04 6.697685907e-06
9.772372000e-04 6.659412953e-06
9.928302540e-04 6.628782439e-06
1.006678140e-03 6.602096233e-06
1.018953400e-03 6.578834117e-06
1.040796360e-03 6.538322394e-06
1.057485310e-03 6.508102263e-06
1.070177410e-03 6.485528976e-06
1.089501740e-03 6.451815719e-06
1.109175000e-03 6.418277688e-06
1.130121370e-03 6.377395816e-06
1.148773670e-03 6.341837751e-06
1.165346790e-03 6.310887065e-06
1.180044290e-03 6.283929201e-06
1.206212350e-03 6.237029772e-06
1.226218520e-03 6.202085178e-06
1.241440590e-03 6.176005047e-06
1.264628740e-03 6.137090595e-06
1.288250000e-03 6.098421363e-06
1.312990380e-03 6.053089212e-06
1.335027650e-03 6.013699977e-06
1.354613460e-03 5.979444693e-06
1.371986610e-03 5.949631477e-06
1.402927480e-03 5.897815623e-06
1.426590190e-03 5.859250055e-06
1.444598780e-03 5.830491563e-06
1.472038780e-03 5.787618090e-06
1.500000000e-03 5.745060000e-06
1.527846980e-03 5.698716928e-06
1.552636830e-03 5.658473396e-06
1.574657680e-03 5.623493561e-06
1.594181980e-03 5.593063729e-06
1.628933800e-03 5.540207080e-06
1.655493910e-03 5.500892579e-06
1.675697820e-03 5.471590020e-06
1.706466920e-03 5.427928422e-06
1.737801000e-03 5.384615351e-06
1.770618630e-03 5.335748743e-06
1.799842050e-03 5.293354438e-06
1.825807920e-03 5.256535767e-06
1.848835170e-03 5.224529627e-06
1.889833860e-03 5.168986976e-06
1.921178430e-03 5.127717913e-06
1.945027560e-03 5.096982505e-06
1.981357490e-03 5.051224397e-06
2.018366000e-03 5.005877149e-06
2.059443780e-03 4.952211325e-06
2.096072050e-03 4.905725864e-06
2.128655780e-03 4.865409127e-06
2.157581790e-03 4.830403949e-06
2.183214300e-03 4.799981023e-06
2.228806110e-03 4.747201270e-06
2.263623700e-03 4.707997689e-06
2.290093370e-03 4.678807620e-06
2.330379350e-03 4.635361518e-06
2.371374000e-03 4.592318809e-06
2.419636040e-03 4.538589757e-06
2.462670390e-03 4.492092812e-06
2.500952830e-03 4.451798870e-06
2.534937820e-03 4.416838265e-06
2.565053310e-03 4.386473056e-06
2.618618860e-03 4.333835372e-06
2.659525830e-03 4.294772041e-06
2.690624880e-03 4.265705768e-06
2.737956630e-03 4.222474841e-06
2.786121000e-03 4.179682036e-06
2.842824040e-03 4.126778973e-06
2.893385060e-03 4.081038359e-06
2.938363070e-03 4.041431399e-06
2.978292010e-03 4.007090727e-06
3.013674680e-03 3.977282121e-06
3.076608810e-03 3.925649643e-06
3.124670390e-03 3.887365626e-06
3.161208650e-03 3.858897838e-06
3.216818700e-03 3.816586559e-06
3.273407000e-03 3.774739232e-06
3.340027250e-03 3.723331535e-06
3.399431250e-03 3.678924425e-06
3.452275790e-03 3.640502871e-06
3.499188200e-03 3.607213334e-06
3.540759200e-03 3.578334792e-06
3.614700340e-03 3.528352540e-06
3.671167760e-03 3.491324552e-06
3.714096460e-03 3.463808791e-06
3.779432560e-03 3.422941239e-06
3.845918000e-03 3.382555866e-06
3.924189880e-03 3.333154524e-06
3.993983420e-03 3.290520566e-06
4.056070270e-03 3.253663406e-06
4.111187480e-03 3.221752221e-06
4.160029090e-03 3.194086780e-06
4.246902260e-03 3.146242684e-06
4.313245620e-03 3.110830507e-06
4.363682380e-03 3.084533172e-06
4.440445510e-03 3.045503419e-06
4.518559000e-03 3.006967534e-06
4.610520520e-03 2.960175136e-06
4.692520840e-03 2.919829469e-06
4.765466600e-03 2.884978362e-06
4.830223740e-03 2.854825062e-06
4.887607670e-03 2.828699543e-06
4.989674840e-03 2.783553900e-06
5.140000000e-06 5.011872000e-03 465 4
5.140000000e-06 1.332779515e-11
5.150000000e-06 1.303741735e-11
5.164000000e-06 1.264239319e-11
5.195000000e-06 1.186230569e-11
5.221470070e-06 1.120405577e-11
5.248075000e-06 1.058233293e-11
5.273973600e-06 9.980083151e-12
5.300000000e-06 9.412108154e-12
5.314978840e-06 9.085697792e-12
5.330000000e-06 8.770607482e-12
5.350121030e-06 8.350076290e-12
5.370318000e-06 7.949708797e-12
5.395101820e-06 7.457770401e-12
5.420000000e-06 6.996273965e-12
5.434979310e-06 6.719198944e-12
5.450000000e-06 6.453097131e-12
5.472657410e-06 6.051246649e-12
5.495409000e-06 5.674420534e-12
5.515168980e-06 5.349207172e-12
5.535000000e-06 5.042632641e-12
5.552472430e-06 4.772135130e-12
5.570000000e-06 4.516147821e-12
5.584979860e-06 4.297430795e-12
5.600000000e-06 4.089306368e-12
5.617472750e-06 3.847652474e-12
5.635000000e-06 3.620279013e-12
5.647486170e-06 3.458689335e-12
5.660000000e-06 3.304312282e-12
5.674246580e-06 3.128951318e-12
5.688529000e-06 2.962896928e-12
5.704242800e-06 2.780318800e-12
5.720000000e-06 2.608991522e-12
5.731488470e-06 2.484135867e-12
5.743000000e-06 2.365255377e-12
5.756484180e-06 2.226114121e-12
5.770000000e-06 2.095158220e-12
5.780989540e-06 1.988782940e-12
5.792000000e-06 1.887808633e-12
5.803488610e-06 1.782483286e-12
5.815000000e-06 1.683034378e-12
5.824991420e-06 1.596899291e-12
5.835000000e-06 1.515172544e-12
5.844991450e-06 1.433721688e-12
5.855000000e-06 1.356649448e-12
5.862495210e-06 1.298958650e-12
5.870000000e-06 1.243721192e-12
5.880989720e-06 1.162957993e-12
5.892000000e-06 1.087439357e-12
5.900993140e-06 1.025856928e-12
5.910000000e-06 9.677620179e-13
5.918493900e-06 9.130567949e-13
5.927000000e-06 8.614439860e-13
5.934495270e-06 8.159974336e-13
5.942000000e-06 7.729485218e-13
5.949306010e-06 7.311282212e-13
5.956621000e-06 6.915706596e-13
5.963306750e-06 6.554719025e-13
5.970000000e-06 6.212574866e-13
5.977495300e-06 5.829742762e-13
5.985000000e-06 5.470502033e-13
5.990497480e-06 5.208010062e-13
5.996000000e-06 4.958113736e-13
6.002995920e-06 4.640748655e-13
6.010000000e-06 4.343698297e-13
6.016496490e-06 4.068959244e-13
6.023000000e-06 3.811597854e-13
6.028997020e-06 3.574796561e-13
6.035000000e-06 3.352707263e-13
6.038998680e-06 3.205170884e-13
6.043000000e-06 3.064127232e-13
6.047498330e-06 2.905902130e-13
6.052000000e-06 2.755847783e-13
6.056997940e-06 2.589752331e-13
6.062000000e-06 2.433667773e-13
6.065998690e-06 2.309315444e-13
6.070000000e-06 2.191317370e-13
6.073499000e-06 2.088468627e-13
6.077000000e-06 1.990447322e-13
6.080998690e-06 1.878917131e-13
6.085000000e-06 1.773636536e-13
6.088499000e-06 1.681980434e-13
6.092000000e-06 1.595061078e-13
6.095998690e-06 1.496279926e-13
6.100000000e-06 1.403616457e-13
6.103998690e-06 1.311652098e-13
6.108000000e-06 1.225713419e-13
6.111499000e-06 1.151134367e-13
6.115000000e-06 1.081093305e-13
6.118249140e-06 1.016625085e-13
6.121500000e-06 9.560014451e-14
6.124249390e-06 9.051637222e-14
6.127000000e-06 8.570295887e-14
6.129999270e-06 8.050970134e-14
6.133000000e-06 7.563115023e-14
6.135999270e-06 7.081742818e-14
6.139000000e-06 6.631010161e-14
6.141499500e-06 6.260879415e-14
6.144000000e-06 5.911410021e-14
6.146999270e-06 5.499636266e-14
6.150000000e-06 5.116546860e-14
6.152499500e-06 4.804156230e-14
6.155000000e-06 4.510839719e-14
6.157499500e-06 4.225001870e-14
6.160000000e-06 3.957277715e-14
6.162974290e-06 3.649522987e-14
6.165950000e-06 3.365703049e-14
6.167711750e-06 3.202612488e-14
6.170355310e-06 2.972674839e-14
6.173000000e-06 2.759246786e-14
6.175498490e-06 2.569288168e-14
6.177373020e-06 2.435451685e-14
6.180185880e-06 2.247655257e-14
6.183000000e-06 2.074340290e-14
6.185499500e-06 1.936970415e-14
6.188000000e-06 1.808698136e-14
6.191000000e-06 1.673990385e-14
6.194000000e-06 1.557623343e-14
6.197000000e-06 1.459651970e-14
6.199000000e-06 1.404535421e-14
6.201500000e-06 1.347103857e-14
6.203000000e-06 1.318762863e-14
6.205000000e-06 1.288094883e-14
6.207000000e-06 1.265568299e-14
6.209000000e-06 1.251175727e-14
6.211000000e-06 1.244909695e-14
6.213000000e-06 1.246767437e-14
6.215000000e-06 1.256743714e-14
6.217000000e-06 1.274806776e-14
6.219000000e-06 1.301001655e-14
6.221000000e-06 1.335308495e-14
6.223000000e-06 1.377700071e-14
6.225000000e-06 1.428180354e-14
6.227800000e-06 1.512435308e-14
6.230000000e-06 1.589735557e-14
6.233000000e-06 1.710899292e-14
6.235173630e-06 1.811823047e-14
6.237348000e-06 1.918699649e-14
6.239673570e-06 2.046651657e-14
6.242000000e-06 2.183135779e-14
6.243623530e-06 2.285739897e-14
6.246465710e-06 2.477035851e-14
6.248598200e-06 2.630942806e-14
6.251798290e-06 2.879916901e-14
6.255000000e-06 3.152451255e-14
6.257499510e-06 3.376020109e-14
6.260000000e-06 3.615443273e-14
6.262499510e-06 3.863377109e-14
6.265000000e-06 4.128312211e-14
6.268499030e-06 4.511436764e-14
6.272000000e-06 4.930115612e-14
6.274499510e-06 5.236800232e-14
6.277000000e-06 5.562561252e-14
6.279499510e-06 5.893747685e-14
6.282000000e-06 6.244650989e-14
6.284999290e-06 6.671983380e-14
6.288000000e-06 7.128557316e-14
6.291499030e-06 7.668728924e-14
6.295000000e-06 8.249830701e-14
6.298499030e-06 8.837877883e-14
6.302000000e-06 9.467839193e-14
6.304499510e-06 9.921514724e-14
6.307000000e-06 1.039692731e-13
6.312000000e-06 1.137528074e-13
6.315998740e-06 1.218059161e-13
6.320000000e-06 1.304291208e-13
6.323499040e-06 1.380166742e-13
6.327000000e-06 1.460456000e-13
6.330998740e-06 1.552648649e-13
6.335000000e-06 1.650660794e-13
6.338499040e-06 1.736743928e-13
6.342000000e-06 1.827316090e-13
6.345998740e-06 1.931147364e-13
6.350000000e-06 2.040878237e-13
6.357000000e-06 2.238020356e-13
6.360998750e-06 2.353435938e-13
6.365000000e-06 2.474803231e-13
6.370497630e-06 2.642038886e-13
6.376000000e-06 2.820575198e-13
6.380498420e-06 2.966866978e-13
6.385000000e-06 3.120745982e-13
6.389998050e-06 3.292023526e-13
6.395000000e-06 3.472701013e-13
6.399998050e-06 3.653439550e-13
6.405000000e-06 3.843584347e-13
6.409998050e-06 4.033833906e-13
6.415000000e-06 4.233500065e-13
6.425000000e-06 4.642683800e-13
6.432495630e-06 4.956477597e-13
6.440000000e-06 5.291479927e-13
6.447495640e-06 5.626463454e-13
6.455000000e-06 5.982653034e-13
6.462495650e-06 6.338931399e-13
6.470000000e-06 6.716426310e-13
6.477495660e-06 7.093495218e-13
6.485000000e-06 7.491732753e-13
6.492495670e-06 7.889686860e-13
6.500000000e-06 8.308779375e-13
6.507495680e-06 8.727803276e-13
6.515000000e-06 9.167958602e-13
6.524992340e-06 9.753830034e-13
6.535000000e-06 1.037714054e-12
6.545990760e-06 1.106201747e-12
6.557000000e-06 1.179209465e-12
6.568489940e-06 1.255381840e-12
6.580000000e-06 1.336474583e-12
6.589992420e-06 1.406891449e-12
6.600000000e-06 1.481018394e-12
6.613486230e-06 1.580866416e-12
6.627000000e-06 1.687445953e-12
6.638490040e-06 1.778050361e-12
6.650000000e-06 1.873519534e-12
6.670000000e-06 2.042886453e-12
6.684983180e-06 2.172360524e-12
6.700000000e-06 2.310040298e-12
6.714983250e-06 2.447321281e-12
6.730000000e-06 2.592760500e-12
6.745397390e-06 2.741836835e-12
6.760830000e-06 2.899484531e-12
6.790000000e-06 3.204503967e-12
6.820000000e-06 3.533104137e-12
6.850000000e-06 3.876925344e-12
6.869970890e-06 4.110562694e-12
6.890000000e-06 4.358279772e-12
6.909971060e-06 4.605062761e-12
6.930000000e-06 4.865819427e-12
6.954955070e-06 5.190410086e-12
6.980000000e-06 5.536653490e-12
7.020000000e-06 6.102183969e-12
7.044955650e-06 6.462585680e-12
7.070000000e-06 6.844272955e-12
7.099936620e-06 7.299954502e-12
7.130000000e-06 7.785974477e-12
7.170000000e-06 8.444372654e-12
7.230000000e-06 9.477200761e-12
7.290000000e-06 1.056348454e-11
7.350000000e-06 1.170231073e-11
7.420000000e-06 1.309608143e-11
7.500000000e-06 1.477326094e-11
7.585776000e-06 1.666920118e-11
7.673615000e-06 1.871347012e-11
7.770000000e-06 2.107288870e-11
7.880000000e-06 2.391115483e-11
8.000000000e-06 2.717859840e-11
8.128305000e-06 3.086414993e-11
8.270000000e-06 3.515770742e-11
8.420000000e-06 3.995030616e-11
8.550000000e-06 4.430361953e-11
8.709636000e-06 4.989274976e-11
8.850000000e-06 5.502139608e-11
9.050000000e-06 6.266238977e-11
9.225714000e-06 6.968698662e-11
9.440609000e-06 7.865761198e-11
9.700000000e-06 9.001876334e-11
9.930000000e-06 1.005583617e-10
1.023293000e-05 1.150727110e-10
1.059254000e-05 1.331834256e-10
1.096478000e-05 1.528695833e-10
1.135011000e-05 1.741889592e-10
1.180000000e-05 2.002198795e-10
1.230269000e-05 2.306779041e-10
1.273503000e-05 2.579696499e-10
1.333521000e-05 2.974228552e-10
1.400000000e-05 3.430795760e-10
1.462177000e-05 3.875314800e-10
1.548817000e-05 4.520465039e-10
1.640590000e-05 5.234541635e-10
1.737801000e-05 6.022923110e-10
1.862087000e-05 7.074425373e-10
2.000000000e-05 8.295840000e-10
2.079768740e-05 9.020143858e-10
2.162719000e-05 9.807686059e-10
2.254415590e-05 1.068128241e-09
2.350000000e-05 1.163269230e-09
2.462315990e-05 1.275789239e-09
2.580000000e-05 1.399192999e-09
2.727783460e-05 1.555717842e-09
2.884032000e-05 1.729752775e-09
2.968247230e-05 1.823953310e-09
3.099203300e-05 1.974959712e-09
3.235937000e-05 2.138468009e-09
3.349654670e-05 2.274463044e-09
3.527767880e-05 2.494842137e-09
3.715352000e-05 2.736574364e-09
3.890451250e-05 2.964510609e-09
4.027170210e-05 3.147837627e-09
4.241309810e-05 3.444302536e-09
4.466836000e-05 3.768688658e-09
4.630469240e-05 4.006016734e-09
4.778558150e-05 4.225907100e-09
4.912015880e-05 4.428189831e-09
5.154598160e-05 4.805761701e-09
5.344364910e-05 5.109921572e-09
5.491260800e-05 5.350609233e-09
5.719209690e-05 5.733063269e-09
5.956621000e-05 6.142854548e-09
6.201546080e-05 6.574320725e-09
6.440301980e-05 7.006304410e-09
6.672477180e-05 7.437033476e-09
6.897737430e-05 7.864860933e-09
7.115820720e-05 8.288275046e-09
7.326531820e-05 8.705905332e-09
7.529736740e-05 9.116525768e-09
7.725357040e-05 9.519054708e-09
8.105946810e-05 1.032231684e-08
8.454312370e-05 1.108058341e-08
8.771391850e-05 1.178962220e-08
9.058576540e-05 1.244715201e-08
9.317565900e-05 1.305250394e-08
9.788741810e-05 1.418356996e-08
1.015769520e-04 1.509573817e-08
1.044350800e-04 1.581815948e-08
1.088737640e-04 1.696712779e-08
1.135011000e-04 1.819955270e-08
1.181680370e-04 1.944759391e-08
1.217937440e-04 2.043947518e-08
1.274419540e-04 2.202295269e-08
1.333521000e-04 2.372910420e-08
1.377878090e-04 2.499430835e-08
1.412111520e-04 2.598728799e-08
1.465062970e-04 2.755121122e-08
1.520000000e-04 2.920925233e-08
1.558234060e-04 3.033396324e-08
1.617395930e-04 3.210274877e-08
1.678804000e-04 3.397467236e-08
1.722860010e-04 3.527790151e-08
1.791121230e-04 3.732707345e-08
1.862087000e-04 3.949527387e-08
1.905460630e-04 4.077553989e-08
1.972422720e-04 4.277417147e-08
2.041738000e-04 4.487076687e-08
2.095318250e-04 4.642160532e-08
2.178336500e-04 4.884894004e-08
2.264644000e-04 5.140319759e-08
2.330772950e-04 5.327864461e-08
2.381633830e-04 5.472999939e-08
2.460013680e-04 5.698149728e-08
2.540973000e-04 5.932561710e-08
2.622708700e-04 6.158503835e-08
2.685731320e-04 6.333589841e-08
2.783116080e-04 6.605595993e-08
2.884032000e-04 6.889283786e-08
2.985382960e-04 7.161293373e-08
3.063726770e-04 7.372325624e-08
3.123830910e-04 7.534671006e-08
3.216205170e-04 7.784916651e-08
3.311311000e-04 8.043473536e-08
3.378702630e-04 8.218414828e-08
3.499955040e-04 8.533767303e-08
3.593741520e-04 8.778197545e-08
3.665726990e-04 8.966103920e-08
3.776417780e-04 9.255532044e-08
3.890451000e-04 9.554302969e-08
3.981071270e-04 9.782765668e-08
4.062093860e-04 9.987147382e-08
4.207871380e-04 1.035514360e-07
4.320627580e-04 1.064001229e-07
4.407173180e-04 1.085879488e-07
4.540252850e-04 1.119543266e-07
4.677351000e-04 1.154250654e-07
4.793193530e-04 1.182644731e-07
4.896906840e-04 1.208061933e-07
4.989495200e-04 1.230749685e-07
5.155757140e-04 1.271483331e-07
5.284079380e-04 1.302915866e-07
5.382412700e-04 1.326999165e-07
5.533354390e-04 1.363961353e-07
5.688529000e-04 1.401953081e-07
5.871512340e-04 1.444383936e-07
6.012602310e-04 1.477047725e-07
6.230619500e-04 1.527433611e-07
6.456542000e-04 1.579538291e-07
6.625977920e-04 1.616012768e-07
6.755966500e-04 1.643920306e-07
6.955746420e-04 1.686687851e-07
7.161434000e-04 1.730568015e-07
7.370551630e-04 1.771606494e-07
7.531387480e-04 1.803022752e-07
7.779245730e-04 1.851194799e-07
8.035261000e-04 1.900653876e-07
8.293731790e-04 1.946409000e-07
8.493026630e-04 1.981446754e-07
8.645634270e-04 2.008138360e-07
8.879702610e-04 2.048851450e-07
9.120108000e-04 2.090389954e-07
9.332542460e-04 2.124121974e-07
9.522477800e-04 2.154083707e-07
9.691839510e-04 2.180646707e-07
9.995502730e-04 2.227922564e-07
1.022947780e-03 2.264050861e-07
1.040854640e-03 2.291531062e-07
1.068304370e-03 2.333377985e-07
1.096478000e-03 2.375989078e-07
1.115577940e-03 2.403035167e-07
1.149806890e-03 2.451108730e-07
1.176166070e-03 2.487793972e-07
1.196331260e-03 2.515667754e-07
1.227229130e-03 2.558065125e-07
1.258925000e-03 2.601177032e-07
1.280854760e-03 2.628414756e-07
1.320155030e-03 2.676768855e-07
1.350419560e-03 2.713617296e-07
1.373572410e-03 2.741586144e-07
1.409048090e-03 2.784080874e-07
1.445440000e-03 2.827234243e-07
1.468503790e-03 2.851661639e-07
1.509754460e-03 2.894918468e-07
1.541451120e-03 2.927791140e-07
1.565659560e-03 2.952690362e-07
1.602686940e-03 2.990436822e-07
1.640590000e-03 3.028665836e-07
1.671571900e-03 3.056486341e-07
1.699160640e-03 3.081038853e-07
1.748541110e-03 3.124481278e-07
1.786515970e-03 3.157464586e-07
1.815537380e-03 3.182430382e-07
1.859955830e-03 3.220249679e-07
1.905461000e-03 3.258518402e-07
1.944240810e-03 3.287627010e-07
1.978820020e-03 3.313310251e-07
2.009580960e-03 3.335947639e-07
2.064567690e-03 3.375935887e-07
2.106792870e-03 3.406241307e-07
2.139027530e-03 3.429148743e-07
2.188306620e-03 3.463799096e-07
2.238721000e-03 3.498799595e-07
2.284283370e-03 3.526736092e-07
2.324910470e-03 3.551363473e-07
2.361051470e-03 3.573053418e-07
2.425655350e-03 3.611330143e-07
2.475265690e-03 3.640306505e-07
2.513138180e-03 3.662191262e-07
2.571036160e-03 3.695265285e-07
2.630268000e-03 3.728638062e-07
2.683799050e-03 3.754847207e-07
2.731531660e-03 3.777931281e-07
2.773993590e-03 3.798246284e-07
2.849896420e-03 3.834060665e-07
2.908183410e-03 3.861142898e-07
2.952679650e-03 3.881580077e-07
3.020703760e-03 3.912438780e-07
3.090295000e-03 3.943542820e-07
3.153188650e-03 3.967603325e-07
3.209269720e-03 3.988776662e-07
3.259158250e-03 4.007395972e-07
3.348336530e-03 4.040189189e-07
3.416817950e-03 4.064960098e-07
3.469096610e-03 4.083637880e-07
3.549018190e-03 4.111815606e-07
3.630781000e-03 4.140187743e-07
3.704674410e-03 4.161649451e-07
3.770563760e-03 4.180519723e-07
3.829177530e-03 4.197101373e-07
3.933952590e-03 4.226277638e-07
4.014411030e-03 4.248292879e-07
4.075832930e-03 4.264879534e-07
4.169732340e-03 4.289881027e-07
4.265795000e-03 4.315029070e-07
4.352612250e-03 4.333508134e-07
4.430025540e-03 4.349742248e-07
4.498890770e-03 4.363996976e-07
4.621990830e-03 4.389055208e-07
4.716521330e-03 4.407943264e-07
4.788685840e-03 4.422162665e-07
4.899008110e-03 4.443577752e-07
5.011872000e-03 4.465096582e-07
