1.432700000e-02 1.441500000e-02 2 0
1.432700000e-02 4.581417888e-02
1.441500000e-02 4.617194524e-02
1.924600000e-03 1.461519530e-02 77 1
1.924600000e-03 4.819468631e-04
1.982303960e-03 5.074836459e-04
2.041738000e-03 5.343735276e-04
2.089296120e-03 5.523957701e-04
2.137962000e-03 5.710258264e-04
2.200391520e-03 5.943930231e-04
2.264644000e-03 6.187164327e-04
2.337491010e-03 6.449319838e-04
2.403151810e-03 6.687801855e-04
2.462116270e-03 6.903696609e-04
2.514895760e-03 7.098313979e-04
2.609996910e-03 7.452188792e-04
2.683675460e-03 7.729124923e-04
2.798111380e-03 8.163944573e-04
2.917427000e-03 8.623225873e-04
3.037386250e-03 9.073782640e-04
3.162278000e-03 9.547880667e-04
3.245264090e-03 9.840451485e-04
3.373844320e-03 1.029620277e-03
3.507519000e-03 1.077306171e-03
3.630780680e-03 1.120227871e-03
3.726061370e-03 1.153537702e-03
3.799159210e-03 1.179168463e-03
3.911503550e-03 1.218686365e-03
4.027170000e-03 1.259528639e-03
4.140502980e-03 1.296882545e-03
4.227590910e-03 1.325623188e-03
4.361669310e-03 1.369932799e-03
4.500000000e-03 1.415723467e-03
4.662935180e-03 1.467286921e-03
4.788996570e-03 1.507188266e-03
4.885774150e-03 1.537824777e-03
5.034619780e-03 1.584951108e-03
5.188000000e-03 1.633521610e-03
5.370317570e-03 1.687153760e-03
5.511248190e-03 1.728530305e-03
5.619367940e-03 1.760227277e-03
5.785537580e-03 1.808865895e-03
5.956621000e-03 1.858848498e-03
6.130557550e-03 1.906917236e-03
6.264335050e-03 1.943782787e-03
6.470494670e-03 2.000421726e-03
6.683439000e-03 2.058711034e-03
6.809653110e-03 2.090922761e-03
7.036290160e-03 2.148510789e-03
7.211204360e-03 2.192740298e-03
7.345237630e-03 2.226508941e-03
7.550973060e-03 2.278139482e-03
7.762471000e-03 2.330967282e-03
7.897688310e-03 2.362247880e-03
8.140010930e-03 2.418002385e-03
8.326619840e-03 2.460680166e-03
8.469378620e-03 2.493182104e-03
8.688119090e-03 2.542741725e-03
8.912509000e-03 2.593286489e-03
9.199197390e-03 2.653315759e-03
9.420249490e-03 2.699247863e-03
9.589517480e-03 2.734218000e-03
9.849139310e-03 2.787524521e-03
1.011579000e-02 2.841870300e-03
1.030682380e-02 2.877781138e-03
1.047693550e-02 2.909575216e-03
1.078141460e-02 2.966062380e-03
1.101556700e-02 3.009146302e-03
1.119451250e-02 3.041869392e-03
1.146839590e-02 3.091622457e-03
1.174898000e-02 3.142189275e-03
1.197085420e-02 3.178681940e-03
1.216842860e-02 3.210960552e-03
1.252206240e-02 3.268238713e-03
1.279401600e-02 3.311866918e-03
1.300185020e-02 3.344969833e-03
1.331994890e-02 3.395245603e-03
1.364583000e-02 3.446277049e-03
1.392354910e-02 3.485598469e-03
1.417118600e-02 3.520372652e-03
1.461519530e-02 3.582064180e-03
1.730900000e-03 1.448363750e-02 135 2
1.730900000e-03 6.496895485e-04
1.731000000e-03 6.562779318e-04
1.731200000e-03 6.663454256e-04
1.731350000e-03 6.714848126e-04
1.731500000e-03 6.817178180e-04
1.731650000e-03 6.869873350e-04
1.731800000e-03 6.939714376e-04
1.732000000e-03 7.005974083e-04
1.732150000e-03 7.039886253e-04
1.732500000e-03 7.174227083e-04
1.732600000e-03 7.172634848e-04
1.732850000e-03 7.225957669e-04
1.733200000e-03 7.331869033e-04
1.733350000e-03 7.359358997e-04
1.733500000e-03 7.412757539e-04
1.733650000e-03 7.440573252e-04
1.733800000e-03 7.494561321e-04
1.736500000e-03 7.836418579e-04
1.738000000e-03 7.964696841e-04
1.743000000e-03 8.171170310e-04
1.751000000e-03 8.442421745e-04
1.758000000e-03 8.638241250e-04
1.768000000e-03 8.808171902e-04
1.772000000e-03 8.890659027e-04
1.787000000e-03 9.134475230e-04
1.798000000e-03 9.237935924e-04
1.840772000e-03 9.381595638e-04
1.890000000e-03 9.626634467e-04
1.926843120e-03 9.714307734e-04
1.983458810e-03 9.847317213e-04
2.041738000e-03 9.982147724e-04
2.098335940e-03 1.008723395e-03
2.149144660e-03 1.018009140e-03
2.194610490e-03 1.026204264e-03
2.235181410e-03 1.033429093e-03
2.271295750e-03 1.039792541e-03
2.335905560e-03 1.051022996e-03
2.385566210e-03 1.059525369e-03
2.423503320e-03 1.065947245e-03
2.481543180e-03 1.075653135e-03
2.540973000e-03 1.085447383e-03
2.581517390e-03 1.090900953e-03
2.654032950e-03 1.100510706e-03
2.709753300e-03 1.107773548e-03
2.752309920e-03 1.113252110e-03
2.817401270e-03 1.121520794e-03
2.884032000e-03 1.129850889e-03
2.955459900e-03 1.135937447e-03
3.019408980e-03 1.141290072e-03
3.076498480e-03 1.145994304e-03
3.127336560e-03 1.150126411e-03
3.172508540e-03 1.153754230e-03
3.253135170e-03 1.160130457e-03
3.314947010e-03 1.164935742e-03
3.362075420e-03 1.168552765e-03
3.434027290e-03 1.173999362e-03
3.507519000e-03 1.179471355e-03
3.599564940e-03 1.183829547e-03
3.670181130e-03 1.187108752e-03
3.724050930e-03 1.189574114e-03
3.806341770e-03 1.193281759e-03
3.890451000e-03 1.197000967e-03
3.963920650e-03 1.199273562e-03
4.029343830e-03 1.201265619e-03
4.087474280e-03 1.203011386e-03
4.191227790e-03 1.206072583e-03
4.270767590e-03 1.208373582e-03
4.331411490e-03 1.210102226e-03
4.423995750e-03 1.212699813e-03
4.518559000e-03 1.215302983e-03
4.617160420e-03 1.216126641e-03
4.705200070e-03 1.216847803e-03
4.783610760e-03 1.217479174e-03
4.853291260e-03 1.218031882e-03
4.977683380e-03 1.218999744e-03
5.073065300e-03 1.219726136e-03
5.145799270e-03 1.220271219e-03
5.256860140e-03 1.221089297e-03
5.370318000e-03 1.221907920e-03
5.456008060e-03 1.221440657e-03
5.532107730e-03 1.221031952e-03
5.667845100e-03 1.220317044e-03
5.771829330e-03 1.219781142e-03
5.851067540e-03 1.219379364e-03
5.971969170e-03 1.218776951e-03
6.095369000e-03 1.218174836e-03
6.210477650e-03 1.216571563e-03
6.312979510e-03 1.215170436e-03
6.404055460e-03 1.213945773e-03
6.566611400e-03 1.211805579e-03
6.691230490e-03 1.210202909e-03
6.786244380e-03 1.209002296e-03
6.931300900e-03 1.207203613e-03
7.079458000e-03 1.205407607e-03
7.223538820e-03 1.202348136e-03
7.352012920e-03 1.199677461e-03
7.466300780e-03 1.197345494e-03
7.567759100e-03 1.195308741e-03
7.748639890e-03 1.191752752e-03
7.887132060e-03 1.189092702e-03
7.992623190e-03 1.187101567e-03
8.153511300e-03 1.184121114e-03
8.317638000e-03 1.181148138e-03
8.486918130e-03 1.176892520e-03
8.637861980e-03 1.173181433e-03
8.772138440e-03 1.169943829e-03
8.891341510e-03 1.167118259e-03
9.103857820e-03 1.162189914e-03
9.266571860e-03 1.158507328e-03
9.390513070e-03 1.155753037e-03
9.579540030e-03 1.151633886e-03
9.772372000e-03 1.147529414e-03
9.956919650e-03 1.142648946e-03
1.012125550e-02 1.138395546e-03
1.026727290e-02 1.134686856e-03
1.039676500e-02 1.131451617e-03
1.062731840e-02 1.125812180e-03
1.080358240e-02 1.121601036e-03
1.093769640e-02 1.118453047e-03
1.114199520e-02 1.113747570e-03
1.135011000e-02 1.109061927e-03
1.158110630e-02 1.102980104e-03
1.178708120e-02 1.097685851e-03
1.197031220e-02 1.093074255e-03
1.213297430e-02 1.089054992e-03
1.242296970e-02 1.082056825e-03
1.264500590e-02 1.076837719e-03
1.281413350e-02 1.072939920e-03
1.307207570e-02 1.067119670e-03
1.333521000e-02 1.061330984e-03
1.362093800e-02 1.054183915e-03
1.387596760e-02 1.047969710e-03
1.410303250e-02 1.042562348e-03
1.430476020e-02 1.037853796e-03
1.448363750e-02 1.033751250e-03
1.678400000e-03 1.453014410e-02 121 3
1.678400000e-03 1.512058875e-03
1.695000000e-03 1.601265587e-03
1.704000000e-03 1.643887876e-03
1.714000000e-03 1.684549398e-03
1.721000000e-03 1.708976692e-03
1.729000000e-03 1.726572244e-03
1.744000000e-03 1.750944320e-03
1.785000000e-03 1.775609909e-03
1.835000000e-03 1.820813026e-03
1.870000000e-03 1.837555278e-03
1.901685550e-03 1.849870907e-03
1.950223350e-03 1.868499258e-03
2.000000000e-03 1.887315200e-03
2.051876650e-03 1.904410611e-03
2.098371350e-03 1.919496100e-03
2.139917630e-03 1.932793867e-03
2.176944860e-03 1.944504980e-03
2.209868870e-03 1.954810397e-03
2.268688570e-03 1.972976457e-03
2.313828510e-03 1.986711715e-03
2.348271900e-03 1.997075855e-03
2.400900700e-03 2.012723532e-03
2.454709000e-03 2.028493826e-03
2.490290550e-03 2.037050109e-03
2.553803800e-03 2.052110555e-03
2.602499530e-03 2.063478897e-03
2.639629710e-03 2.072046471e-03
2.696320590e-03 2.084964566e-03
2.754229000e-03 2.097963209e-03
2.822442060e-03 2.108046829e-03
2.883512920e-03 2.116909762e-03
2.938032930e-03 2.124695385e-03
2.986582880e-03 2.131531281e-03
3.029721750e-03 2.137530733e-03
3.106719530e-03 2.148070446e-03
3.165749330e-03 2.156009306e-03
3.210756580e-03 2.161982709e-03
3.279470030e-03 2.170973855e-03
3.349654000e-03 2.180002381e-03
3.427677570e-03 2.186483574e-03
3.487385620e-03 2.191357108e-03
3.578903490e-03 2.198687801e-03
3.672823000e-03 2.206042997e-03
3.752969170e-03 2.209609771e-03
3.824530410e-03 2.212735416e-03
3.888264950e-03 2.215473989e-03
3.944903340e-03 2.217873026e-03
4.046012940e-03 2.222077586e-03
4.123542200e-03 2.225236238e-03
4.182662530e-03 2.227608177e-03
4.272936090e-03 2.231170811e-03
4.365158000e-03 2.234739153e-03
4.441196300e-03 2.234976255e-03
4.508815560e-03 2.235183735e-03
4.568826420e-03 2.235365295e-03
4.675773740e-03 2.235683073e-03
4.757623920e-03 2.235921430e-03
4.819950470e-03 2.236100217e-03
4.914974550e-03 2.236368419e-03
5.011872000e-03 2.236636651e-03
5.091842620e-03 2.235316208e-03
5.162862970e-03 2.234161465e-03
5.289540460e-03 2.232142092e-03
5.386584190e-03 2.230628753e-03
5.460533600e-03 2.229494424e-03
5.573365570e-03 2.227794020e-03
5.688529000e-03 2.226094920e-03
5.795954620e-03 2.222300806e-03
5.891614890e-03 2.218986263e-03
5.976611880e-03 2.216090096e-03
6.128317860e-03 2.211030880e-03
6.244619120e-03 2.207244050e-03
6.333291220e-03 2.204408186e-03
6.468665800e-03 2.200161233e-03
6.606934000e-03 2.195922450e-03
6.731703420e-03 2.189966955e-03
6.842807980e-03 2.184769142e-03
6.941527690e-03 2.180231182e-03
7.029075030e-03 2.176268199e-03
7.184948120e-03 2.169350309e-03
7.304117130e-03 2.164176314e-03
7.486586860e-03 2.156438466e-03
7.673615000e-03 2.148728284e-03
7.818528140e-03 2.140838299e-03
7.947570260e-03 2.133958322e-03
8.062228030e-03 2.127956493e-03
8.163909670e-03 2.122718734e-03
8.344948080e-03 2.113583668e-03
8.483356630e-03 2.106758165e-03
8.588667490e-03 2.101653519e-03
8.749090030e-03 2.094019723e-03
8.912509000e-03 2.086413655e-03
9.080818080e-03 2.076805436e-03
9.230693810e-03 2.068434544e-03
9.363862840e-03 2.061137700e-03
9.481960790e-03 2.054774075e-03
9.692227490e-03 2.043684977e-03
9.852981860e-03 2.035407451e-03
9.975294960e-03 2.029221304e-03
1.016161740e-02 2.019977315e-03
1.035142000e-02 2.010775466e-03
1.054690230e-02 1.999725787e-03
1.072097520e-02 1.990107152e-03
1.087564410e-02 1.981728763e-03
1.101280880e-02 1.974426677e-03
1.125702260e-02 1.961712644e-03
1.144373040e-02 1.952230892e-03
1.158579060e-02 1.945149632e-03
1.180219430e-02 1.934575918e-03
1.202264000e-02 1.924059711e-03
1.225366120e-02 1.911631924e-03
1.245944350e-02 1.900823523e-03
1.264233580e-02 1.891416283e-03
1.280456750e-02 1.883223149e-03
1.309349830e-02 1.868970467e-03
1.331446690e-02 1.858351782e-03
1.348263720e-02 1.850427398e-03
1.373888360e-02 1.838604140e-03
1.400000000e-02 1.826856416e-03
1.428029050e-02 1.812967537e-03
1.453014410e-02 1.800901391e-03
2.928000000e-04 1.442132320e-02 136 4
2.928000000e-04 4.672066612e-06
2.965000000e-04 4.909611144e-06
3.000000000e-04 5.118876000e-06
3.054921000e-04 5.421957600e-06
3.100000000e-04 5.649118375e-06
3.162278000e-04 5.935562297e-06
3.240000000e-04 6.261521192e-06
3.415259880e-04 6.954969958e-06
3.600000000e-04 7.725216499e-06
3.807599250e-04 8.682215783e-06
4.027170000e-04 9.757767961e-06
4.265795000e-04 1.092823834e-05
4.429746840e-04 1.171777107e-05
4.600000000e-04 1.256434502e-05
4.767803690e-04 1.339647738e-05
5.031056160e-04 1.474914197e-05
5.308844000e-04 1.623838716e-05
5.527133670e-04 1.740118144e-05
5.754399000e-04 1.864724082e-05
5.922430520e-04 1.954386311e-05
6.183722300e-04 2.097027667e-05
6.456542000e-04 2.250079728e-05
6.664230060e-04 2.365699214e-05
6.988355360e-04 2.550362712e-05
7.328245000e-04 2.749440809e-05
7.542233600e-04 2.871453078e-05
7.874989380e-04 3.064698424e-05
8.222426000e-04 3.270948948e-05
8.524734890e-04 3.447665544e-05
8.758738560e-04 3.586440679e-05
9.121842820e-04 3.805146961e-05
9.500000000e-04 4.037190253e-05
9.818445050e-04 4.227043827e-05
1.006426460e-03 4.375270437e-05
1.044458150e-03 4.607412856e-05
1.083927000e-03 4.851872150e-05
1.122018620e-03 5.082745647e-05
1.151463260e-03 5.263082113e-05
1.197085340e-03 5.545654247e-05
1.244515000e-03 5.843397474e-05
1.295686970e-03 6.154896223e-05
1.335442080e-03 6.399369869e-05
1.366056880e-03 6.589076885e-05
1.413300030e-03 6.884233829e-05
1.462177000e-03 7.192612129e-05
1.513561120e-03 7.506747123e-05
1.553280790e-03 7.751319432e-05
1.614823220e-03 8.133199394e-05
1.678804000e-03 8.533893044e-05
1.742844540e-03 8.923274085e-05
1.792473080e-03 9.226925522e-05
1.830619720e-03 9.461426121e-05
1.889367220e-03 9.824398759e-05
1.950000000e-03 1.020129605e-04
2.024304990e-03 1.064745214e-04
2.081886010e-03 1.099482846e-04
2.126144100e-03 1.126277798e-04
2.194301600e-03 1.167699592e-04
2.264644000e-03 1.210644761e-04
2.310733970e-03 1.237660876e-04
2.393659990e-03 1.286397807e-04
2.457801720e-03 1.324205882e-04
2.507033470e-03 1.353289403e-04
2.582736270e-03 1.398116718e-04
2.660725000e-03 1.444428927e-04
2.714875930e-03 1.475178587e-04
2.812305380e-03 1.530573994e-04
2.887665250e-03 1.573481461e-04
2.945507440e-03 1.606449615e-04
3.034450360e-03 1.657201507e-04
3.126079000e-03 1.709556776e-04
3.189700870e-03 1.744204451e-04
3.304170640e-03 1.806536089e-04
3.392710880e-03 1.854742326e-04
3.460669610e-03 1.891739305e-04
3.565168580e-03 1.948623102e-04
3.672823000e-03 2.007217350e-04
3.742182800e-03 2.043183211e-04
3.866729080e-03 2.107681095e-04
3.962851560e-03 2.157387178e-04
4.036508300e-03 2.195434518e-04
4.149568280e-03 2.253767306e-04
4.265795000e-03 2.313650024e-04
4.352612250e-03 2.356175523e-04
4.430025540e-03 2.394026051e-04
4.568826500e-03 2.461733423e-04
4.675773800e-03 2.513767671e-04
4.840906920e-03 2.593888499e-04
5.011872000e-03 2.676563011e-04
5.113873480e-03 2.723182823e-04
5.204826260e-03 2.764640803e-04
5.367903330e-03 2.838716716e-04
5.493555590e-03 2.895573322e-04
5.589721260e-03 2.938961851e-04
5.737135310e-03 3.005266705e-04
5.888437000e-03 3.073067439e-04
6.008278180e-03 3.123646403e-04
6.115138260e-03 3.168585428e-04
6.306736930e-03 3.248789972e-04
6.454365300e-03 3.310272899e-04
6.567349990e-03 3.357147503e-04
6.740546210e-03 3.428706856e-04
6.918310000e-03 3.501791523e-04
7.059111070e-03 3.556025362e-04
7.184660700e-03 3.604168564e-04
7.409769450e-03 3.689992802e-04
7.583217630e-03 3.755699515e-04
7.715963030e-03 3.805746239e-04
7.919450800e-03 3.882069537e-04
8.128305000e-03 3.959923472e-04
8.293731920e-03 4.017321177e-04
8.441239950e-03 4.068226234e-04
8.705719830e-03 4.158867117e-04
8.909503780e-03 4.228170618e-04
9.065466130e-03 4.280905103e-04
9.304543550e-03 4.361242566e-04
9.549926000e-03 4.443087692e-04
9.730272780e-03 4.498844551e-04
9.890867850e-03 4.548205470e-04
1.017831340e-02 4.635893792e-04
1.039936660e-02 4.702767875e-04
1.056830130e-02 4.753555629e-04
1.082686270e-02 4.830767471e-04
1.109175000e-02 4.909233568e-04
1.131748890e-02 4.970805685e-04
1.151877590e-02 5.025314344e-04
1.187968070e-02 5.122146771e-04
1.215776090e-02 5.195993654e-04
1.237058450e-02 5.252076639e-04
1.269682540e-02 5.337338055e-04
1.303167000e-02 5.423983640e-04
1.327776750e-02 5.482219118e-04
1.349691210e-02 5.533687711e-04
1.388915420e-02 5.624923325e-04
1.419079850e-02 5.694335793e-04
1.442132320e-02 5.746956734e-04
2.222000000e-04 1.433689280e-02 161 5
2.222000000e-04 1.754780720e-06
2.600160000e-04 3.420569492e-06
2.630268000e-04 3.585920742e-06
2.730000000e-04 4.115388381e-06
2.818383000e-04 4.598232813e-06
2.917427000e-04 5.148560387e-06
3.050000000e-04 5.904853970e-06
3.235937000e-04 7.024503072e-06
3.430000000e-04 8.278784598e-06
3.600000000e-04 9.431510400e-06
3.780000000e-04 1.068520644e-05
3.935501000e-04 1.177709622e-05
4.168694000e-04 1.342957369e-05
4.466836000e-04 1.559847867e-05
4.623810300e-04 1.675625862e-05
4.786301000e-04 1.799997334e-05
5.069907000e-04 2.015961116e-05
5.232351080e-04 2.137648745e-05
5.400000000e-04 2.266681683e-05
5.606565160e-04 2.421134715e-05
5.821032000e-04 2.586112247e-05
6.060381700e-04 2.766293864e-05
6.309573000e-04 2.959029221e-05
6.574235710e-04 3.157978717e-05
6.850000000e-04 3.370304519e-05
7.125991070e-04 3.574544839e-05
7.413102000e-04 3.791162115e-05
7.585775400e-04 3.915863104e-05
7.852356090e-04 4.110647328e-05
8.128305000e-04 4.315120578e-05
8.317637510e-04 4.449009887e-05
8.609937240e-04 4.657673285e-05
8.912509000e-04 4.876123217e-05
9.120108060e-04 5.017457048e-05
9.440608490e-04 5.237175780e-05
9.772372000e-04 5.466516184e-05
1.002882390e-03 5.633371254e-05
1.042617530e-03 5.893251402e-05
1.083927000e-03 6.165120301e-05
1.109524170e-03 6.323360859e-05
1.149057780e-03 6.568369774e-05
1.190000000e-03 6.822871759e-05
1.220844200e-03 7.000889084e-05
1.244500880e-03 7.137443673e-05
1.280848160e-03 7.347285753e-05
1.318257000e-03 7.563297183e-05
1.350025800e-03 7.734585326e-05
1.374353820e-03 7.865592352e-05
1.411670310e-03 8.066275196e-05
1.450000000e-03 8.272078102e-05
1.491166020e-03 8.474661265e-05
1.522805700e-03 8.629847736e-05
1.571528400e-03 8.867971933e-05
1.621810000e-03 9.112666824e-05
1.664631500e-03 9.303392194e-05
1.697487990e-03 9.449051310e-05
1.747992680e-03 9.671827067e-05
1.800000000e-03 9.899854992e-05
1.852270290e-03 1.010703652e-04
1.892466730e-03 1.026526315e-04
1.954402860e-03 1.050725968e-04
2.018366000e-03 1.075496094e-04
2.077303380e-03 1.095871704e-04
2.122633100e-03 1.111406346e-04
2.157278360e-03 1.123201676e-04
2.210309370e-03 1.141129789e-04
2.264644000e-03 1.159344061e-04
2.324073930e-03 1.177096236e-04
2.369667630e-03 1.190588512e-04
2.439740760e-03 1.211117472e-04
2.511886000e-03 1.232000398e-04
2.585234530e-03 1.250707945e-04
2.641648110e-03 1.264924793e-04
2.684764690e-03 1.275693372e-04
2.750762660e-03 1.292018389e-04
2.818383000e-03 1.308552302e-04
2.900681340e-03 1.325979828e-04
2.963978360e-03 1.339202616e-04
3.012355920e-03 1.349206166e-04
3.086406790e-03 1.364351775e-04
3.162278000e-03 1.379667403e-04
3.254618130e-03 1.395569211e-04
3.325638460e-03 1.407615733e-04
3.379918900e-03 1.416718811e-04
3.463005230e-03 1.430483935e-04
3.548134000e-03 1.444382795e-04
3.604748820e-03 1.452089910e-04
3.706007100e-03 1.465676426e-04
3.783813110e-03 1.475949689e-04
3.843237730e-03 1.483701856e-04
3.934129100e-03 1.495406528e-04
4.027170000e-03 1.507203519e-04
4.091428540e-03 1.513758954e-04
4.206357980e-03 1.525299628e-04
4.294668790e-03 1.534012846e-04
4.362116500e-03 1.540580397e-04
4.465279370e-03 1.550484497e-04
4.570882000e-03 1.560452262e-04
4.643816020e-03 1.565774118e-04
4.708587290e-03 1.570445627e-04
4.824118440e-03 1.578654337e-04
4.912623310e-03 1.584839016e-04
5.048434390e-03 1.594161492e-04
5.188000000e-03 1.603538796e-04
5.270781060e-03 1.607554103e-04
5.344297290e-03 1.611075729e-04
5.475426650e-03 1.617257159e-04
5.575880830e-03 1.621908798e-04
5.652429070e-03 1.625406300e-04
5.769226340e-03 1.630666703e-04
5.888437000e-03 1.635944125e-04
5.991009820e-03 1.638763839e-04
6.082225670e-03 1.641235070e-04
6.245207920e-03 1.645568702e-04
6.370304340e-03 1.648826438e-04
6.465768340e-03 1.651273969e-04
6.611653400e-03 1.654952082e-04
6.760830000e-03 1.658638379e-04
6.878599330e-03 1.659810182e-04
6.983329130e-03 1.660836194e-04
7.076274910e-03 1.661734468e-04
7.241916620e-03 1.663307618e-04
7.368687490e-03 1.664488458e-04
7.563016800e-03 1.666261299e-04
7.762471000e-03 1.668036018e-04
7.897688310e-03 1.667536055e-04
8.017934230e-03 1.667098711e-04
8.124650280e-03 1.666716128e-04
8.314832460e-03 1.666046819e-04
8.460384930e-03 1.665545016e-04
8.571218930e-03 1.665168769e-04
8.740198280e-03 1.664604545e-04
8.912509000e-03 1.664040512e-04
9.067759320e-03 1.661988434e-04
9.205820180e-03 1.660194940e-04
9.328346670e-03 1.658627218e-04
9.546705140e-03 1.655887278e-04
9.713821820e-03 1.653835287e-04
9.841076340e-03 1.652297961e-04
1.003509070e-02 1.649994635e-04
1.023293000e-02 1.647694560e-04
1.041118170e-02 1.644116454e-04
1.056969720e-02 1.640991988e-04
1.071037690e-02 1.638262992e-04
1.096108660e-02 1.633498105e-04
1.115296270e-02 1.629933529e-04
1.129907090e-02 1.627265246e-04
1.152182970e-02 1.623270950e-04
1.174898000e-02 1.619286455e-04
1.197085420e-02 1.613864193e-04
1.216842860e-02 1.609134635e-04
1.234397920e-02 1.605007597e-04
1.249966240e-02 1.601405172e-04
1.277684730e-02 1.595120328e-04
1.298876230e-02 1.590422876e-04
1.315000200e-02 1.586908882e-04
1.339562220e-02 1.581652450e-04
1.364583000e-02 1.576413403e-04
1.390352620e-02 1.569612159e-04
1.413299920e-02 1.563685115e-04
1.433689280e-02 1.558517319e-04
2.144000000e-04 1.450185810e-02 168 6
2.144000000e-04 3.626631387e-06
2.180000000e-04 3.969773608e-06
2.240000000e-04 4.533873495e-06
2.270000000e-04 4.817511477e-06
2.330000000e-04 5.402185241e-06
2.380000000e-04 5.860733598e-06
2.580000000e-04 7.848363678e-06
2.660725000e-04 8.731643464e-06
2.754229000e-04 9.773983263e-06
2.851018000e-04 1.086732646e-05
2.985383000e-04 1.242218240e-05
3.162278000e-04 1.457541994e-05
3.350000000e-04 1.701100490e-05
3.550000000e-04 1.973181239e-05
3.715352000e-04 2.202640144e-05
3.890451000e-04 2.447195697e-05
4.120975000e-04 2.771919096e-05
4.265794870e-04 2.976513656e-05
4.415704000e-04 3.196209252e-05
4.570881850e-04 3.421755140e-05
4.731513000e-04 3.663217052e-05
5.011872000e-04 4.082093781e-05
5.188000240e-04 4.339908135e-05
5.370318000e-04 4.614005340e-05
5.591135210e-04 4.935061260e-05
5.821032000e-04 5.278457201e-05
6.095368950e-04 5.679074420e-05
6.382635000e-04 6.110097153e-05
6.645076950e-04 6.490254644e-05
6.918310000e-04 6.894064725e-05
7.203285710e-04 7.296593184e-05
7.500000000e-04 7.722624375e-05
7.696547460e-04 7.992720737e-05
8.001068410e-04 8.415680326e-05
8.317638000e-04 8.861022132e-05
8.659643210e-04 9.319839252e-05
9.015711000e-04 9.802413622e-05
9.225714000e-04 1.007065036e-04
9.549925750e-04 1.048683082e-04
9.885531000e-04 1.092021033e-04
1.014495170e-03 1.123643459e-04
1.034397530e-03 1.147959808e-04
1.064985510e-03 1.185424479e-04
1.096478000e-03 1.224111854e-04
1.122018210e-03 1.253318648e-04
1.161448280e-03 1.298440613e-04
1.202264000e-03 1.345187065e-04
1.233814440e-03 1.378816652e-04
1.258019450e-03 1.404589462e-04
1.295220200e-03 1.444154706e-04
1.333521000e-03 1.484834439e-04
1.368515970e-03 1.519135030e-04
1.395363550e-03 1.545379432e-04
1.436625700e-03 1.585598624e-04
1.479108000e-03 1.626864535e-04
1.520095600e-03 1.663193458e-04
1.551579970e-03 1.690971553e-04
1.600033430e-03 1.733511008e-04
1.650000000e-03 1.777120587e-04
1.690880710e-03 1.809743652e-04
1.722204570e-03 1.834603345e-04
1.770281730e-03 1.872534639e-04
1.819701000e-03 1.911250158e-04
1.872837210e-03 1.948701270e-04
1.913705160e-03 1.977270447e-04
1.944940300e-03 1.998971836e-04
1.992751500e-03 2.031971329e-04
2.041738000e-03 2.065515574e-04
2.095318250e-03 2.098188034e-04
2.136424170e-03 2.123031076e-04
2.199600010e-03 2.160848280e-04
2.264644000e-03 2.199339105e-04
2.324073930e-03 2.230735125e-04
2.369667630e-03 2.254575890e-04
2.439740760e-03 2.290815652e-04
2.511886000e-03 2.327637923e-04
2.585234530e-03 2.360230797e-04
2.641648110e-03 2.384974621e-04
2.684764690e-03 2.403702542e-04
2.750762660e-03 2.432070575e-04
2.818383000e-03 2.460773352e-04
2.863353770e-03 2.477002550e-04
2.943786120e-03 2.505661629e-04
3.005589660e-03 2.527373351e-04
3.052792340e-03 2.543780503e-04
3.124989950e-03 2.568591157e-04
3.198895000e-03 2.593643793e-04
3.245263630e-03 2.606784044e-04
3.328031880e-03 2.629939889e-04
3.391490450e-03 2.647441641e-04
3.488954290e-03 2.673912924e-04
3.589219000e-03 2.700648857e-04
3.646489500e-03 2.713029627e-04
3.748920510e-03 2.734832698e-04
3.827627630e-03 2.751299923e-04
3.887740490e-03 2.763715379e-04
3.979684520e-03 2.782443666e-04
4.073803000e-03 2.801298884e-04
4.138805510e-03 2.811396550e-04
4.196532980e-03 2.820261883e-04
4.299500220e-03 2.835843496e-04
4.378380260e-03 2.847586174e-04
4.499422020e-03 2.865291450e-04
4.623810000e-03 2.883106792e-04
4.697588680e-03 2.890735963e-04
4.763110080e-03 2.897428032e-04
4.879979220e-03 2.909176474e-04
4.969509080e-03 2.918019056e-04
5.037732760e-03 2.924668628e-04
5.141828410e-03 2.934671408e-04
5.248075000e-03 2.944708388e-04
5.331814430e-03 2.949858291e-04
5.406181770e-03 2.954371833e-04
5.538829230e-03 2.962287187e-04
5.640446370e-03 2.968237609e-04
5.717880810e-03 2.972708272e-04
5.836030240e-03 2.979426888e-04
5.956621000e-03 2.986160691e-04
6.060381570e-03 2.988716429e-04
6.152653670e-03 2.990954527e-04
6.234543480e-03 2.992914221e-04
6.380481980e-03 2.996346783e-04
6.492173350e-03 2.998923771e-04
6.663387030e-03 3.002793426e-04
6.839116000e-03 3.006668081e-04
6.948242590e-03 3.006399349e-04
7.045155790e-03 3.006164244e-04
7.218017800e-03 3.005752827e-04
7.350442080e-03 3.005444309e-04
7.451352220e-03 3.005212936e-04
7.605320880e-03 3.004865925e-04
7.762471000e-03 3.004518938e-04
7.886330870e-03 3.001582743e-04
7.996328400e-03 2.999015930e-04
8.192528670e-03 2.994529282e-04
8.342831670e-03 2.991168710e-04
8.457365790e-03 2.988650753e-04
8.632121890e-03 2.984877793e-04
8.810489000e-03 2.981109592e-04
8.963961610e-03 2.975177144e-04
9.100441560e-03 2.969995921e-04
9.221565030e-03 2.965469765e-04
9.437423110e-03 2.957565574e-04
9.602626150e-03 2.951651256e-04
9.728423490e-03 2.947223291e-04
9.920216180e-03 2.940593780e-04
1.011579000e-02 2.933979196e-04
1.029200170e-02 2.925293919e-04
1.044870320e-02 2.917715502e-04
1.058777280e-02 2.911100388e-04
1.083561330e-02 2.899560065e-04
1.102529360e-02 2.890934905e-04
1.116972970e-02 2.884482897e-04
1.138993920e-02 2.874831784e-04
1.161449000e-02 2.865212978e-04
1.181680620e-02 2.854077777e-04
1.199672170e-02 2.844369965e-04
1.215639340e-02 2.835902690e-04
1.244094950e-02 2.821145629e-04
1.265872930e-02 2.810128257e-04
1.282456230e-02 2.801893441e-04
1.307739400e-02 2.789586504e-04
1.333521000e-02 2.777333584e-04
1.358704120e-02 2.762910943e-04
1.381129170e-02 2.750352626e-04
1.401054490e-02 2.739410894e-04
1.418724810e-02 2.729872597e-04
1.450185810e-02 2.713260437e-04
9.500000000e-05 1.454406670e-02 285 7
9.500000000e-05 1.882149545e-07
9.535000000e-05 1.912822555e-07
9.800000000e-05 2.157788074e-07
9.900000000e-05 2.266304087e-07
1.000000000e-04 2.389196000e-07
1.011579000e-04 2.554581471e-07
1.023293000e-04 2.754313648e-07
1.030000000e-04 2.886053731e-07
1.040000000e-04 3.109578541e-07
1.050300000e-04 3.378076867e-07
1.060000000e-04 3.671578372e-07
1.071519000e-04 4.077946265e-07
1.085000000e-04 4.643615269e-07
1.092474260e-04 5.008571168e-07
1.100000000e-04 5.402209560e-07
1.107474610e-04 5.839471856e-07
1.115000000e-04 6.312126089e-07
1.126762560e-04 7.142740312e-07
1.135665850e-04 7.836673759e-07
1.142389450e-04 8.401018505e-07
1.152549550e-04 9.324641784e-07
1.162800000e-04 1.034980881e-06
1.171368440e-04 1.125586811e-06
1.180000000e-04 1.224124561e-06
1.190000000e-04 1.344325481e-06
1.197476520e-04 1.437682561e-06
1.205000000e-04 1.537522700e-06
1.220000000e-04 1.744899187e-06
1.235000000e-04 1.964732829e-06
1.250000000e-04 2.194765625e-06
1.265000000e-04 2.433457325e-06
1.280000000e-04 2.678826467e-06
1.295000000e-04 2.929756705e-06
1.315000000e-04 3.270849458e-06
1.335000000e-04 3.618061288e-06
1.358000000e-04 4.023558465e-06
1.380384000e-04 4.424544842e-06
1.400000000e-04 4.781409024e-06
1.430000000e-04 5.338479087e-06
1.465000000e-04 6.008251551e-06
1.500000000e-04 6.702318000e-06
1.548817000e-04 7.713467162e-06
1.600000000e-04 8.825798656e-06
1.650000000e-04 9.955357582e-06
1.698244000e-04 1.107404304e-05
1.740000000e-04 1.205553577e-05
1.800000000e-04 1.346825750e-05
1.862087000e-04 1.491551332e-05
1.927525000e-04 1.641122338e-05
2.000000000e-04 1.803161600e-05
2.080000000e-04 1.977867269e-05
2.162719000e-04 2.154406697e-05
2.264644000e-04 2.367555124e-05
2.400000000e-04 2.645421466e-05
2.511886000e-04 2.869604550e-05
2.630268000e-04 3.097085397e-05
2.754229000e-04 3.320559110e-05
2.826174820e-04 3.439864892e-05
2.900000000e-04 3.563457279e-05
2.976452740e-04 3.680519649e-05
3.054921000e-04 3.801427592e-05
3.162277630e-04 3.951507042e-05
3.273407000e-04 4.107511580e-05
3.388441720e-04 4.254582702e-05
3.507519000e-04 4.406919760e-05
3.573740180e-04 4.483420715e-05
3.675423500e-04 4.600669328e-05
3.780000000e-04 4.720984178e-05
3.901628200e-04 4.845034451e-05
4.027170000e-04 4.972344326e-05
4.097320900e-04 5.034496360e-05
4.204845100e-04 5.129184070e-05
4.315191000e-04 5.225652625e-05
4.408333910e-04 5.295824864e-05
4.479508110e-04 5.349071726e-05
4.588429810e-04 5.429947506e-05
4.700000000e-04 5.512046128e-05
4.817518440e-04 5.587015182e-05
4.907581630e-04 5.643910390e-05
5.045843190e-04 5.730341341e-05
5.188000000e-04 5.818095933e-05
5.299831820e-04 5.875426941e-05
5.385284830e-04 5.918795610e-05
5.516054690e-04 5.984449600e-05
5.650000000e-04 6.050831856e-05
5.774791870e-04 6.100464078e-05
5.870191270e-04 6.137955215e-05
6.016253480e-04 6.194624376e-05
6.165950000e-04 6.251816738e-05
6.327759900e-04 6.299617060e-05
6.451897910e-04 6.335707002e-05
6.546597020e-04 6.362910104e-05
6.691258210e-04 6.403933835e-05
6.839116000e-04 6.445222099e-05
6.998666420e-04 6.478697381e-05
7.120767180e-04 6.503917879e-05
7.307924050e-04 6.541932820e-05
7.500000000e-04 6.580170000e-05
7.696547460e-04 6.604015240e-05
7.847330940e-04 6.621955906e-05
7.962353970e-04 6.635443354e-05
8.138057380e-04 6.655726031e-05
8.317638000e-04 6.676070708e-05
8.535913560e-04 6.687636880e-05
8.703371140e-04 6.696324735e-05
8.831116720e-04 6.702847951e-05
9.026259320e-04 6.712644750e-05
9.225714000e-04 6.722455856e-05
9.440607500e-04 6.722905535e-05
9.605056150e-04 6.723242830e-05
9.730269800e-04 6.723495797e-05
9.921157500e-04 6.723875298e-05
1.011579000e-03 6.724254788e-05
1.026242140e-03 6.717517353e-05
1.052415900e-03 6.705742774e-05
1.072483380e-03 6.696925496e-05
1.087784710e-03 6.690320222e-05
1.111146980e-03 6.680424324e-05
1.135011000e-03 6.670543250e-05
1.151463200e-03 6.657324072e-05
1.166054380e-03 6.645778724e-05
1.192035250e-03 6.625622489e-05
1.211900100e-03 6.610545590e-05
1.242319770e-03 6.587994259e-05
1.273503000e-03 6.565520063e-05
1.294332870e-03 6.542866785e-05
1.312838290e-03 6.523109178e-05
1.329247440e-03 6.505870249e-05
1.358458510e-03 6.475811808e-05
1.380787310e-03 6.453359092e-05
1.397774430e-03 6.436570570e-05
1.423647760e-03 6.411469854e-05
1.450000000e-03 6.386466956e-05
1.472556650e-03 6.358473396e-05
1.492581380e-03 6.334079718e-05
1.528282120e-03 6.291615794e-05
1.555616950e-03 6.259954802e-05
1.576438440e-03 6.236313569e-05
1.608194380e-03 6.201019181e-05
1.640590000e-03 6.165924487e-05
1.666767600e-03 6.131376406e-05
1.690015420e-03 6.101305712e-05
1.710623100e-03 6.075114852e-05
1.747293020e-03 6.029551029e-05
1.775310420e-03 5.995602698e-05
1.796617890e-03 5.970266845e-05
1.829059550e-03 5.932463693e-05
1.862087000e-03 5.894899937e-05
1.890285430e-03 5.857424464e-05
1.915309120e-03 5.824828836e-05
1.937476440e-03 5.796456501e-05
1.976888380e-03 5.747137138e-05
2.006972570e-03 5.710423174e-05
2.052959430e-03 5.655791534e-05
2.100000000e-03 5.601682548e-05
2.129079550e-03 5.564430807e-05
2.154854290e-03 5.532038838e-05
2.200713170e-03 5.475805969e-05
2.235746660e-03 5.434006688e-05
2.262387300e-03 5.402866833e-05
2.302944620e-03 5.356491223e-05
2.344229000e-03 5.310513735e-05
2.378209070e-03 5.269028904e-05
2.408345440e-03 5.232995663e-05
2.462005880e-03 5.170529355e-05
2.503034390e-03 5.124169491e-05
2.534253840e-03 5.089672521e-05
2.581814640e-03 5.038362157e-05
2.630268000e-03 4.987568998e-05
2.668394260e-03 4.944473421e-05
2.702207820e-03 4.907070425e-05
2.732145980e-03 4.874574929e-05
2.785338090e-03 4.818224775e-05
2.825910680e-03 4.776390045e-05
2.887880380e-03 4.714318084e-05
2.951209000e-03 4.653052753e-05
2.998299180e-03 4.604659729e-05
3.040119040e-03 4.562728850e-05
3.077189640e-03 4.526352704e-05
3.143154170e-03 4.463390858e-05
3.193553910e-03 4.416744915e-05
3.231883350e-03 4.382080625e-05
3.290241790e-03 4.330593656e-05
3.349654000e-03 4.279711639e-05
3.403101930e-03 4.231152687e-05
3.450567990e-03 4.189115773e-05
3.492643570e-03 4.152676202e-05
3.567514130e-03 4.089668012e-05
3.624718450e-03 4.043040073e-05
3.668222840e-03 4.008418327e-05
3.734460400e-03 3.957040831e-05
3.801894000e-03 3.906321840e-05
3.868120550e-03 3.854121407e-05
3.927014430e-03 3.809018557e-05
3.979281680e-03 3.769986778e-05
4.025585860e-03 3.736162187e-05
4.107918450e-03 3.677697771e-05
4.170771070e-03 3.634450611e-05
4.218540830e-03 3.602349318e-05
4.291223290e-03 3.554728248e-05
4.365158000e-03 3.507736688e-05
4.439879910e-03 3.458223837e-05
4.506310070e-03 3.415473719e-05
4.565251300e-03 3.378501116e-05
4.617456940e-03 3.346478557e-05
4.710257420e-03 3.291167680e-05
4.781079700e-03 3.250285295e-05
4.834894360e-03 3.219957120e-05
4.916754200e-03 3.174994635e-05
5.000000000e-03 3.130660000e-05
5.081287310e-03 3.085877334e-05
5.153497030e-03 3.047218289e-05
5.217521820e-03 3.013789125e-05
5.274195670e-03 2.984839590e-05
5.374860200e-03 2.934845406e-05
5.451617470e-03 2.897900075e-05
5.509903920e-03 2.870496601e-05
5.598504110e-03 2.829876527e-05
5.688529000e-03 2.789831254e-05
5.787619670e-03 2.744487537e-05
5.875738920e-03 2.705416739e-05
5.953943150e-03 2.671686353e-05
6.023225220e-03 2.642517399e-05
6.084508040e-03 2.617255945e-05
6.193257120e-03 2.573628079e-05
6.276092580e-03 2.541385100e-05
6.402427760e-03 2.493776448e-05
6.531306000e-03 2.447059670e-05
6.645077150e-03 2.404929887e-05
6.746251440e-03 2.368661747e-05
6.836041780e-03 2.337376083e-05
6.915588120e-03 2.310340285e-05
6.985950110e-03 2.286940617e-05
7.110810560e-03 2.246560021e-05
7.205918250e-03 2.216743175e-05
7.350970210e-03 2.172758265e-05
7.498942000e-03 2.129646120e-05
7.629568890e-03 2.090976521e-05
7.745732640e-03 2.057717047e-05
7.848825850e-03 2.029049264e-05
7.940157370e-03 2.004292780e-05
8.020943820e-03 1.982878756e-05
8.164302970e-03 1.945953279e-05
8.273501320e-03 1.918711121e-05
8.356357510e-03 1.898530085e-05
8.482200190e-03 1.868655815e-05
8.609938000e-03 1.839251643e-05
8.759917620e-03 1.804168766e-05
8.893291340e-03 1.774020630e-05
9.011658080e-03 1.748054554e-05
9.116520610e-03 1.725646202e-05
9.209275790e-03 1.706274659e-05
9.373873970e-03 1.672896249e-05
9.499250350e-03 1.648291644e-05
9.594381890e-03 1.630075966e-05
9.738868500e-03 1.603129204e-05
9.885531000e-03 1.576627906e-05
1.007221580e-02 1.542518514e-05
1.023845480e-02 1.513278717e-05
1.038616310e-02 1.488148921e-05
1.051715480e-02 1.466502888e-05
1.063312710e-02 1.447821070e-05
1.083916410e-02 1.415698705e-05
1.099630770e-02 1.392075536e-05
1.111565860e-02 1.374617159e-05
1.129711820e-02 1.348839334e-05
1.148154000e-02 1.323544932e-05
1.159778730e-02 1.307378616e-05
1.181893260e-02 1.277597126e-05
1.201589100e-02 1.252095338e-05
1.219092030e-02 1.230199220e-05
1.234616110e-02 1.211354450e-05
1.248361750e-02 1.195102207e-05
1.260514670e-02 1.181060475e-05
1.282067650e-02 1.156883292e-05
1.298473880e-02 1.139075737e-05
1.310916180e-02 1.125900179e-05
1.329803530e-02 1.106422067e-05
1.348963000e-02 1.087280950e-05
1.364583250e-02 1.071549420e-05
1.379391470e-02 1.057007904e-05
1.393420080e-02 1.043554487e-05
1.406701460e-02 1.031097487e-05
1.431946180e-02 1.008139996e-05
1.454406670e-02 9.884718890e-06
9.380000000e-05 1.439467370e-02 289 8
9.380000000e-05 2.771238708e-07
9.398000000e-05 2.793398829e-07
9.630000000e-05 3.091235956e-07
9.740000000e-05 3.255018913e-07
9.850000000e-05 3.444758511e-07
9.960000000e-05 3.667369142e-07
1.005000000e-04 3.879745027e-07
1.015000000e-04 4.153930157e-07
1.025000000e-04 4.474926380e-07
1.035142000e-04 4.855746488e-07
1.045000000e-04 5.286593579e-07
1.055000000e-04 5.792549142e-07
1.066900000e-04 6.495978146e-07
1.080000000e-04 7.412563632e-07
1.088207820e-04 8.077374112e-07
1.096478000e-04 8.801808327e-07
1.103029600e-04 9.439397016e-07
1.114589220e-04 1.066831431e-06
1.123338360e-04 1.169390222e-06
1.129945260e-04 1.252729212e-06
1.139928530e-04 1.389004903e-06
1.150000000e-04 1.540104944e-06
1.157475710e-04 1.658058634e-06
1.165000000e-04 1.785045976e-06
1.172476020e-04 1.915231114e-06
1.180000000e-04 2.054910548e-06
1.194000000e-04 2.327519406e-06
1.205000000e-04 2.554439102e-06
1.220000000e-04 2.879691604e-06
1.235000000e-04 3.220639547e-06
1.250000000e-04 3.574429688e-06
1.265000000e-04 3.938585818e-06
1.280000000e-04 4.310905651e-06
1.295000000e-04 4.689762495e-06
1.315000000e-04 5.203063097e-06
1.335000000e-04 5.724139080e-06
1.358000000e-04 6.332391599e-06
1.380384000e-04 6.933995292e-06
1.400000000e-04 7.469733264e-06
1.430000000e-04 8.306970277e-06
1.465000000e-04 9.314769504e-06
1.500000000e-04 1.035951525e-05
1.548817000e-04 1.188027499e-05
1.600000000e-04 1.354845389e-05
1.650000000e-04 1.523738683e-05
1.705000000e-04 1.713779460e-05
1.760000000e-04 1.905588705e-05
1.820000000e-04 2.113929426e-05
1.880000000e-04 2.319067606e-05
1.950000000e-04 2.552962224e-05
2.018366000e-04 2.775796772e-05
2.089296000e-04 3.002063692e-05
2.194200000e-04 3.330181351e-05
2.317395000e-04 3.708259468e-05
2.450000000e-04 4.104817728e-05
2.514159900e-04 4.287251831e-05
2.580000000e-04 4.477794041e-05
2.691535000e-04 4.781289082e-05
2.754228840e-04 4.940365535e-05
2.818383000e-04 5.104734552e-05
2.884031430e-04 5.258917877e-05
2.951209000e-04 5.417758174e-05
3.037385800e-04 5.603940678e-05
3.126079000e-04 5.796521365e-05
3.236103320e-04 6.013470246e-05
3.350000000e-04 6.238538932e-05
3.418090990e-04 6.360674841e-05
3.522831230e-04 6.548376647e-05
3.630781000e-04 6.741617455e-05
3.694026690e-04 6.842582790e-05
3.790966880e-04 6.996873013e-05
3.890451000e-04 7.154642249e-05
3.958220350e-04 7.248076658e-05
4.062094220e-04 7.390521008e-05
4.168694000e-04 7.535764862e-05
4.253534920e-04 7.635652995e-05
4.384044770e-04 7.787973276e-05
4.518559000e-04 7.943332112e-05
4.623809900e-04 8.047881654e-05
4.704353850e-04 8.127195899e-05
4.827808050e-04 8.247635220e-05
4.954502000e-04 8.369859413e-05
5.069907090e-04 8.465061288e-05
5.158221590e-04 8.537172634e-05
5.293586150e-04 8.646493085e-05
5.432503000e-04 8.757213385e-05
5.543065240e-04 8.828578777e-05
5.627461100e-04 8.882484232e-05
5.756470290e-04 8.963960115e-05
5.888437000e-04 9.046183364e-05
6.042964360e-04 9.121117449e-05
6.161515330e-04 9.177725119e-05
6.251952340e-04 9.220411291e-05
6.390102810e-04 9.284813084e-05
6.531306000e-04 9.349664665e-05
6.683439520e-04 9.402815003e-05
6.799860700e-04 9.442875962e-05
6.978305930e-04 9.503287632e-05
7.161434000e-04 9.564085788e-05
7.328245180e-04 9.602624080e-05
7.455898530e-04 9.631629665e-05
7.651559950e-04 9.675302416e-05
7.852356000e-04 9.719173146e-05
8.058421640e-04 9.742450964e-05
8.216511970e-04 9.759945919e-05
8.337111710e-04 9.773087711e-05
8.521338410e-04 9.792833614e-05
8.709636000e-04 9.812619429e-05
8.912509500e-04 9.819654923e-05
9.067759780e-04 9.824934850e-05
9.305720550e-04 9.832859987e-05
9.549926000e-04 9.840791585e-05
9.674421850e-04 9.835984718e-05
9.896207550e-04 9.827578275e-05
1.006587720e-03 9.821278139e-05
1.032585140e-03 9.811835427e-05
1.059254000e-03 9.802402000e-05
1.076155630e-03 9.785057329e-05
1.091165640e-03 9.769906028e-05
1.117938660e-03 9.743447526e-05
1.138448640e-03 9.723650534e-05
1.154077690e-03 9.708829347e-05
1.177924480e-03 9.686640006e-05
1.202264000e-03 9.664501207e-05
1.219808310e-03 9.638366470e-05
1.235369460e-03 9.615556330e-05
1.263080680e-03 9.575768891e-05
1.284271260e-03 9.546036257e-05
1.300397170e-03 9.523797267e-05
1.324966490e-03 9.490536185e-05
1.350000000e-03 9.457391176e-05
1.371409120e-03 9.419275932e-05
1.390420430e-03 9.386051170e-05
1.407271390e-03 9.357075606e-05
1.437253460e-03 9.306583504e-05
1.460158470e-03 9.268893400e-05
1.495202220e-03 9.212644254e-05
1.531087000e-03 9.156736329e-05
1.555517470e-03 9.109104164e-05
1.577213690e-03 9.067629252e-05
1.596445990e-03 9.031493817e-05
1.630668510e-03 8.968602754e-05
1.656815990e-03 8.921722148e-05
1.676701370e-03 8.886722372e-05
1.706977840e-03 8.834480302e-05
1.737801000e-03 8.782545234e-05
1.765529780e-03 8.727081549e-05
1.790155160e-03 8.678838153e-05
1.811983970e-03 8.636844153e-05
1.850826800e-03 8.563842823e-05
1.880504390e-03 8.509497160e-05
1.903074450e-03 8.468964143e-05
1.937438470e-03 8.408526543e-05
1.972423000e-03 8.348520348e-05
2.001013690e-03 8.292577183e-05
2.026370300e-03 8.243934496e-05
2.071519970e-03 8.159495388e-05
2.106041180e-03 8.096734102e-05
2.132309100e-03 8.049980187e-05
2.172326550e-03 7.980355028e-05
2.213095000e-03 7.911332021e-05
2.245174230e-03 7.851167000e-05
2.273624770e-03 7.798898075e-05
2.324283460e-03 7.708263462e-05
2.363016830e-03 7.640979322e-05
2.392489870e-03 7.590901956e-05
2.437390120e-03 7.516400675e-05
2.483133000e-03 7.442630515e-05
2.515503880e-03 7.386409594e-05
2.544174380e-03 7.337564773e-05
2.595136280e-03 7.252862280e-05
2.634026500e-03 7.189977689e-05
2.663576150e-03 7.143172292e-05
2.708523340e-03 7.073534903e-05
2.754229000e-03 7.004576472e-05
2.798176060e-03 6.933438158e-05
2.837204570e-03 6.871784942e-05
2.871800820e-03 6.818288380e-05
2.933362420e-03 6.725669448e-05
2.980398130e-03 6.657031911e-05
3.016169190e-03 6.606013773e-05
3.070632380e-03 6.530218817e-05
3.126079000e-03 6.455293487e-05
3.175959520e-03 6.383620196e-05
3.220257430e-03 6.321559152e-05
3.259524650e-03 6.267750910e-05
3.329397940e-03 6.174686199e-05
3.382784130e-03 6.105795676e-05
3.423384800e-03 6.054632640e-05
3.485201290e-03 5.978690741e-05
3.548134000e-03 5.903701437e-05
3.604748820e-03 5.832769575e-05
3.655027330e-03 5.771403629e-05
3.699595960e-03 5.718238293e-05
3.739039090e-03 5.672120513e-05
3.809079140e-03 5.592307601e-05
3.862468840e-03 5.533185774e-05
3.943959770e-03 5.445672917e-05
4.027170000e-03 5.359544185e-05
4.091428540e-03 5.290475610e-05
4.148495280e-03 5.230771096e-05
4.199081250e-03 5.179082678e-05
4.243849710e-03 5.134274450e-05
4.323346060e-03 5.056790867e-05
4.383944050e-03 4.999446523e-05
4.429949300e-03 4.956865441e-05
4.499863950e-03 4.893672840e-05
4.570882000e-03 4.831285857e-05
4.650503910e-03 4.758753134e-05
4.721310000e-03 4.696180825e-05
4.784149110e-03 4.642105343e-05
4.839819040e-03 4.595300331e-05
4.938804690e-03 4.514524251e-05
5.014370240e-03 4.454875355e-05
5.071802190e-03 4.410656461e-05
5.159185820e-03 4.345149734e-05
5.248075000e-03 4.280615927e-05
5.336652640e-03 4.214280362e-05
5.415383600e-03 4.157080549e-05
5.485225410e-03 4.107667951e-05
5.547075490e-03 4.064913965e-05
5.656995990e-03 3.991162483e-05
5.740863440e-03 3.936728343e-05
5.804578990e-03 3.896390498e-05
5.901480660e-03 3.836657384e-05
6.000000000e-03 3.777840000e-05
6.098981850e-03 3.717125027e-05
6.186929540e-03 3.664800389e-05
6.264923480e-03 3.619620911e-05
6.333974290e-03 3.580546003e-05
6.456649560e-03 3.513177172e-05
6.550212720e-03 3.463483671e-05
6.621273790e-03 3.426675407e-05
6.729313460e-03 3.372195174e-05
6.839116000e-03 3.318581082e-05
6.948242590e-03 3.264132491e-05
7.045155790e-03 3.217223317e-05
7.131063030e-03 3.176731108e-05
7.207090740e-03 3.141718712e-05
7.342094850e-03 3.081373015e-05
7.445004950e-03 3.036875626e-05
7.523133030e-03 3.003924796e-05
7.641865090e-03 2.955167690e-05
7.762471000e-03 2.907201971e-05
7.897688310e-03 2.852433270e-05
8.017934230e-03 2.805357720e-05
8.124650280e-03 2.764804359e-05
8.219191320e-03 2.729801353e-05
8.302816730e-03 2.699537435e-05
8.451213720e-03 2.647380685e-05
8.564249460e-03 2.608925493e-05
8.650017330e-03 2.580451126e-05
8.780282310e-03 2.538321221e-05
8.912509000e-03 2.496879152e-05
9.067759320e-03 2.447480275e-05
9.205820180e-03 2.405058634e-05
9.328346670e-03 2.368543292e-05
9.436894360e-03 2.337047441e-05
9.532909220e-03 2.309832322e-05
9.703291860e-03 2.262966253e-05
9.833074320e-03 2.228441782e-05
9.931549090e-03 2.202894528e-05
1.008111340e-02 2.165121741e-05
1.023293000e-02 2.127996671e-05
1.042617470e-02 2.080355573e-05
1.059825500e-02 2.039545311e-05
1.075115350e-02 2.004493622e-05
1.088674810e-02 1.974317923e-05
1.100679540e-02 1.948287009e-05
1.111292220e-02 1.925791668e-05
1.130111220e-02 1.887048053e-05
1.144434320e-02 1.858502742e-05
1.166260040e-02 1.816492329e-05
1.188502000e-02 1.775431601e-05
1.200535260e-02 1.753021018e-05
1.223426950e-02 1.711760795e-05
1.243814960e-02 1.676455516e-05
1.261932990e-02 1.646161264e-05
1.278002620e-02 1.620103162e-05
1.292231330e-02 1.597640955e-05
1.304811340e-02 1.578242135e-05
1.327121750e-02 1.544859264e-05
1.344104540e-02 1.520286298e-05
1.356984110e-02 1.502113455e-05
1.376535210e-02 1.475260639e-05
1.396368000e-02 1.448887917e-05
1.411521180e-02 1.428585554e-05
1.425876600e-02 1.409810542e-05
1.439467370e-02 1.392433117e-05
2.751000000e-05 1.437724920e-02 258 9
2.751000000e-05 2.064118829e-10
2.754229000e-05 2.032126542e-10
2.764595000e-05 1.925677355e-10
2.775000000e-05 1.824804400e-10
2.782988510e-05 1.757338634e-10
2.791000000e-05 1.692367245e-10
2.806000000e-05 1.588888256e-10
2.818383000e-05 1.519149039e-10
2.828000000e-05 1.474196028e-10
2.840000000e-05 1.429871052e-10
2.851018000e-05 1.401082043e-10
2.862000000e-05 1.383484326e-10
2.873000000e-05 1.376836636e-10
2.884032000e-05 1.381233836e-10
2.892000000e-05 1.391369354e-10
2.903000000e-05 1.415149845e-10
2.915000000e-05 1.454023865e-10
2.926000000e-05 1.501459491e-10
2.937000000e-05 1.560162591e-10
2.948000000e-05 1.630043940e-10
2.960000000e-05 1.719207881e-10
2.975000000e-05 1.849398809e-10
2.990000000e-05 2.000642059e-10
3.010000000e-05 2.235188496e-10
3.024962810e-05 2.437175825e-10
3.040000000e-05 2.657416018e-10
3.055161210e-05 2.902130638e-10
3.066581720e-05 3.100344952e-10
3.083792570e-05 3.423336398e-10
3.101100000e-05 3.779976618e-10
3.118003930e-05 4.149212902e-10
3.135000000e-05 4.554516794e-10
3.148609460e-05 4.892821211e-10
3.162278000e-05 5.256254240e-10
3.176307880e-05 5.640561342e-10
3.190400000e-05 6.052966499e-10
3.205165840e-05 6.496181658e-10
3.220000000e-05 6.971849852e-10
3.245000000e-05 7.811861314e-10
3.262453070e-05 8.425196284e-10
3.280000000e-05 9.086685790e-10
3.297453570e-05 9.756800041e-10
3.315000000e-05 1.047633259e-09
3.332454060e-05 1.120327961e-09
3.350000000e-05 1.198066853e-09
3.369166180e-05 1.284180952e-09
3.388442000e-05 1.376484663e-09
3.408003540e-05 1.471372747e-09
3.427678000e-05 1.572801898e-09
3.448774090e-05 1.682851069e-09
3.470000000e-05 1.800600328e-09
3.494910590e-05 1.940393435e-09
3.520000000e-05 2.091039588e-09
3.544911850e-05 2.242282561e-09
3.570000000e-05 2.404464738e-09
3.610000000e-05 2.671697945e-09
3.639876380e-05 2.877730374e-09
3.670000000e-05 3.099651240e-09
3.730000000e-05 3.559994647e-09
3.785000000e-05 4.010148866e-09
3.850000000e-05 4.576526472e-09
3.920000000e-05 5.227823105e-09
4.000000000e-05 6.023552000e-09
4.073803000e-05 6.806108143e-09
4.168694000e-05 7.878741864e-09
4.265795000e-05 9.053275775e-09
4.365158000e-05 1.033334838e-08
4.466836000e-05 1.172286485e-08
4.570882000e-05 1.322588422e-08
4.680000000e-05 1.488779492e-08
4.800000000e-05 1.681354506e-08
4.954502000e-05 1.943871543e-08
5.128614000e-05 2.258456802e-08
5.308844000e-05 2.603808487e-08
5.500000000e-05 2.990544040e-08
5.688529000e-05 3.391097241e-08
5.900000000e-05 3.861293611e-08
6.150000000e-05 4.443345657e-08
6.400000000e-05 5.051226522e-08
6.683439000e-05 5.768505110e-08
7.000000000e-05 6.601000700e-08
7.328245000e-05 7.495494688e-08
7.762471000e-05 8.723259824e-08
8.222426000e-05 1.007481223e-07
8.709636000e-05 1.155844246e-07
9.332543000e-05 1.353178293e-07
9.716277340e-05 1.477356594e-07
1.011579000e-04 1.612930473e-07
1.059253580e-04 1.775596104e-07
1.109175000e-04 1.954666705e-07
1.163268460e-04 2.150537310e-07
1.220000000e-04 2.366035417e-07
1.285919130e-04 2.619004670e-07
1.355400000e-04 2.899020602e-07
1.425868160e-04 3.184746333e-07
1.500000000e-04 3.498633000e-07
1.577777080e-04 3.827640794e-07
1.659587000e-04 4.187588096e-07
1.705269220e-04 4.385991243e-07
1.776161050e-04 4.701359434e-07
1.850000000e-04 5.039403654e-07
1.918133340e-04 5.347564420e-07
1.970875050e-04 5.590989531e-07
2.052719170e-04 5.977060658e-07
2.137962000e-04 6.389790830e-07
2.200391660e-04 6.690658675e-07
2.256511220e-04 6.965516545e-07
2.358186410e-04 7.473965986e-07
2.437438170e-04 7.879514470e-07
2.498620020e-04 8.198052861e-07
2.593284260e-04 8.700167132e-07
2.691535000e-04 9.233034856e-07
2.788306100e-04 9.754616596e-07
2.863160940e-04 1.016504952e-06
2.979227910e-04 1.081330468e-06
3.100000000e-04 1.150290092e-06
3.206426390e-04 1.210083927e-06
3.288637160e-04 1.256960352e-06
3.415922330e-04 1.330701690e-06
3.548134000e-04 1.408769155e-06
3.646489830e-04 1.465963382e-06
3.734785170e-04 1.517909920e-06
3.894477590e-04 1.613284771e-06
4.018712110e-04 1.688728406e-06
4.114481950e-04 1.747617526e-06
4.262432920e-04 1.839823916e-06
4.415704000e-04 1.936895227e-06
4.610520680e-04 2.059237866e-06
4.762253280e-04 2.156039948e-06
4.879320840e-04 2.231616269e-06
5.060340080e-04 2.349976894e-06
5.248075000e-04 2.474615131e-06
5.432503710e-04 2.595735000e-06
5.599187750e-04 2.706568088e-06
5.749226320e-04 2.807422248e-06
5.883804470e-04 2.898747695e-06
6.126940730e-04 3.065773789e-06
6.315863920e-04 3.197329353e-06
6.461369520e-04 3.299687621e-06
6.685937290e-04 3.459401774e-06
6.918310000e-04 3.626846518e-06
7.202777710e-04 3.827941965e-06
7.423778530e-04 3.986047501e-06
7.593967840e-04 4.108897551e-06
7.856595120e-04 4.300308166e-06
8.128305000e-04 4.500635515e-06
8.305676160e-04 4.628567474e-06
8.625439800e-04 4.861260826e-06
8.873315810e-04 5.043426146e-06
9.063886470e-04 5.184516051e-06
9.357443930e-04 5.403585877e-06
9.660509000e-04 5.631912411e-06
9.885531590e-04 5.797252943e-06
1.029200670e-03 6.098364432e-06
1.060779420e-03 6.334418020e-06
1.085097720e-03 6.517435174e-06
1.122624460e-03 6.801923300e-06
1.161449000e-03 7.098829272e-06
1.186793390e-03 7.287427977e-06
1.232484090e-03 7.629612438e-06
1.267902830e-03 7.896754220e-06
1.295133270e-03 8.103231256e-06
1.337079380e-03 8.423113515e-06
1.380384000e-03 8.755623166e-06
1.410506000e-03 8.980071807e-06
1.464809740e-03 9.386790115e-06
1.506905200e-03 9.703872584e-06
1.539268800e-03 9.948693956e-06
1.589122090e-03 1.032755559e-05
1.640590000e-03 1.072084476e-05
1.676390020e-03 1.098566672e-05
1.740930060e-03 1.146494258e-05
1.790960540e-03 1.183807216e-05
1.829424690e-03 1.212586710e-05
1.888675360e-03 1.257073116e-05
1.949845000e-03 1.303191589e-05
1.992393370e-03 1.334222909e-05
2.069099300e-03 1.390316291e-05
2.128560600e-03 1.433928602e-05
2.174275300e-03 1.467533295e-05
2.244694800e-03 1.519422709e-05
2.317395000e-03 1.573146831e-05
2.367963830e-03 1.609146150e-05
2.413115940e-03 1.641320692e-05
2.494213670e-03 1.699181865e-05
2.556820580e-03 1.743912433e-05
2.653689780e-03 1.813225824e-05
2.754229000e-03 1.885294105e-05
2.814330150e-03 1.926611890e-05
2.867993510e-03 1.963507065e-05
2.964378310e-03 2.029781928e-05
3.038786740e-03 2.080952000e-05
3.095816210e-03 2.120174344e-05
3.183373440e-03 2.180398322e-05
3.273407000e-03 2.242332984e-05
3.344837320e-03 2.289227935e-05
3.408616330e-03 2.331064839e-05
3.523169830e-03 2.406127603e-05
3.611604390e-03 2.464006693e-05
3.679384020e-03 2.508327873e-05
3.783445950e-03 2.576308883e-05
3.890451000e-03 2.646132335e-05
3.969629350e-03 2.695260002e-05
4.040231180e-03 2.738994351e-05
4.166819280e-03 2.817243945e-05
4.264356470e-03 2.877394719e-05
4.414959830e-03 2.970037456e-05
4.570882000e-03 3.065662974e-05
4.670625070e-03 3.123633300e-05
4.759684080e-03 3.175255844e-05
4.919643020e-03 3.267656649e-05
5.043130280e-03 3.338717595e-05
5.137775630e-03 3.393025585e-05
5.283084480e-03 3.476148433e-05
5.432503000e-03 3.561307606e-05
5.543065110e-03 3.620811257e-05
5.641651230e-03 3.673691962e-05
5.818414790e-03 3.768098304e-05
5.954612600e-03 3.840491772e-05
6.058849110e-03 3.895698165e-05
6.218635090e-03 3.979999240e-05
6.382635000e-03 4.066124588e-05
6.512534070e-03 4.130316953e-05
6.628362580e-03 4.187316045e-05
6.836041520e-03 4.288963721e-05
6.996059880e-03 4.366815530e-05
7.118527020e-03 4.426130353e-05
7.306259050e-03 4.516616680e-05
7.498942000e-03 4.608952847e-05
7.651560160e-03 4.677452775e-05
7.787646860e-03 4.738224808e-05
8.031648450e-03 4.846481972e-05
8.219653720e-03 4.929294967e-05
8.363540130e-03 4.992332026e-05
8.584106150e-03 5.088402323e-05
8.810489000e-03 5.186321350e-05
9.002746790e-03 5.265344203e-05
9.174410740e-03 5.335476277e-05
9.327299690e-03 5.397607699e-05
9.601011630e-03 5.508083731e-05
9.811553920e-03 5.592422127e-05
9.972485060e-03 5.656522312e-05
1.021884460e-02 5.754052874e-05
1.047129000e-02 5.853264889e-05
1.066903570e-02 5.925115140e-05
1.084512410e-02 5.988707219e-05
1.116030070e-02 6.101639938e-05
1.140267970e-02 6.187734933e-05
1.158791220e-02 6.253102422e-05
1.187141810e-02 6.352450782e-05
1.216186000e-02 6.453377443e-05
1.248101810e-02 6.554844414e-05
1.272587110e-02 6.631990122e-05
1.310218660e-02 6.749414536e-05
1.348963000e-02 6.868918019e-05
1.374437620e-02 6.939438590e-05
1.397122240e-02 7.001737804e-05
1.437724920e-02 7.112110030e-05
1.465000000e-05 1.442322550e-02 288 10
1.465000000e-05 7.896223787e-08
1.480000000e-05 8.163934465e-08
1.515000000e-05 8.746575491e-08
1.540000000e-05 9.132193951e-08
1.570000000e-05 9.555152806e-08
1.603245000e-05 9.971936719e-08
1.640590000e-05 1.037479469e-07
1.678804000e-05 1.071320401e-07
1.717908000e-05 1.098155327e-07
1.757924000e-05 1.117999597e-07
1.800000000e-05 1.131072077e-07
1.850000000e-05 1.137420713e-07
1.877525730e-05 1.136118490e-07
1.905461000e-05 1.134817764e-07
1.950000000e-05 1.126814826e-07
1.974841770e-05 1.119761333e-07
2.000000000e-05 1.112752000e-07
2.034699000e-05 1.099597499e-07
2.070000000e-05 1.086598510e-07
2.109620820e-05 1.068466619e-07
2.150000000e-05 1.050637301e-07
2.171845060e-05 1.039513864e-07
2.205029520e-05 1.023049146e-07
2.238721000e-05 1.006845205e-07
2.271171840e-05 9.895997507e-08
2.295818290e-05 9.768597862e-08
2.333290340e-05 9.580566976e-08
2.371374000e-05 9.396155532e-08
2.412681830e-05 9.183583942e-08
2.444134240e-05 9.027317307e-08
2.467992330e-05 8.911864747e-08
2.504216820e-05 8.741448506e-08
2.540973000e-05 8.574291139e-08
2.585235110e-05 8.369632004e-08
2.627430830e-05 8.182202898e-08
2.667614590e-05 8.010301830e-08
2.705844840e-05 7.852425984e-08
2.742183140e-05 7.707244486e-08
2.776693390e-05 7.573575651e-08
2.809441090e-05 7.450367352e-08
2.840492730e-05 7.336680499e-08
2.869915270e-05 7.231675129e-08
2.897775630e-05 7.134597908e-08
2.950744840e-05 6.956076845e-08
2.997886560e-05 6.803539082e-08
3.039752960e-05 6.672814905e-08
3.076865400e-05 6.560493324e-08
3.109710290e-05 6.463763987e-08
3.138737060e-05 6.380296558e-08
3.190187360e-05 6.236813583e-08
3.229327790e-05 6.131322842e-08
3.288940680e-05 5.976422944e-08
3.349654000e-05 5.825436381e-08
3.398207990e-05 5.714088422e-08
3.441269710e-05 5.618406156e-08
3.479396110e-05 5.535999475e-08
3.513103050e-05 5.464885696e-08
3.572877840e-05 5.342627726e-08
3.618375420e-05 5.252732421e-08
3.652878430e-05 5.186305080e-08
3.705250780e-05 5.088235765e-08
3.758374000e-05 4.992020929e-08
3.801893910e-05 4.919279167e-08
3.840387020e-05 4.856500161e-08
3.908690120e-05 4.748558605e-08
3.960713480e-05 4.669179787e-08
4.000184890e-05 4.610517676e-08
4.060130780e-05 4.523903548e-08
4.120975000e-05 4.438916604e-08
4.192759720e-05 4.348209664e-08
4.247417670e-05 4.281397912e-08
4.288878230e-05 4.231963661e-08
4.351829130e-05 4.158880473e-08
4.415704000e-05 4.087059398e-08
4.479710580e-05 4.022553431e-08
4.528323640e-05 3.974842957e-08
4.602234150e-05 3.904336187e-08
4.677351000e-05 3.835080088e-08
4.745150310e-05 3.780619053e-08
4.796643960e-05 3.740281420e-08
4.874934060e-05 3.680580494e-08
4.954502000e-05 3.621832516e-08
5.011872320e-05 3.586208796e-08
5.099175780e-05 3.533429111e-08
5.188000000e-05 3.481426210e-08
5.292938700e-05 3.432109785e-08
5.400000000e-05 3.383491954e-08
5.510574400e-05 3.346287992e-08
5.623413000e-05 3.309493125e-08
5.721369340e-05 3.288772655e-08
5.821032000e-05 3.268181884e-08
5.922430850e-05 3.258417275e-08
6.025596000e-05 3.248681845e-08
6.130557820e-05 3.250852982e-08
6.237348000e-05 3.253025580e-08
6.342782880e-05 3.267586366e-08
6.450000000e-05 3.282212347e-08
6.549236600e-05 3.307040988e-08
6.650000000e-05 3.332057428e-08
6.850000000e-05 3.403249979e-08
7.079458000e-05 3.510643832e-08
7.300000000e-05 3.639137330e-08
7.500000000e-05 3.776574375e-08
7.762471000e-05 3.986408129e-08
8.035261000e-05 4.238986105e-08
8.317638000e-05 4.536154369e-08
8.650000000e-05 4.930390403e-08
9.015711000e-05 5.416857996e-08
9.549926000e-05 6.221149487e-08
1.035142000e-04 7.619732260e-08
1.141563030e-04 9.792869810e-08
1.258925000e-04 1.258578309e-07
1.327589930e-04 1.437708335e-07
1.400000000e-04 1.642333392e-07
1.472529730e-04 1.856781548e-07
1.548817000e-04 2.099231324e-07
1.621810470e-04 2.339094727e-07
1.698244000e-04 2.606365465e-07
1.772498640e-04 2.872432505e-07
1.850000000e-04 3.165660541e-07
1.943505940e-04 3.526889941e-07
2.041738000e-04 3.929338652e-07
2.150304570e-04 4.384402068e-07
2.264644000e-04 4.892167072e-07
2.398832900e-04 5.503496078e-07
2.540973000e-04 6.191217183e-07
2.676085790e-04 6.858466207e-07
2.818383000e-04 7.597626839e-07
2.955839530e-04 8.315884550e-07
3.100000000e-04 9.102044230e-07
3.241013770e-04 9.866777445e-07
3.388442000e-04 1.069576166e-06
3.548133990e-04 1.158512425e-06
3.715352000e-04 1.254843809e-06
3.812852200e-04 1.310146659e-06
3.963920860e-04 1.397704198e-06
4.120975000e-04 1.491113243e-06
4.229119800e-04 1.554262772e-06
4.396681430e-04 1.654036804e-06
4.570882000e-04 1.760215715e-06
4.690833370e-04 1.831787112e-06
4.876688320e-04 1.944637492e-06
5.069907000e-04 2.064440221e-06
5.217950920e-04 2.153846472e-06
5.448161630e-04 2.295267923e-06
5.688529000e-04 2.445975100e-06
5.871512340e-04 2.557933232e-06
6.012602310e-04 2.645252187e-06
6.230619500e-04 2.781851227e-06
6.456542000e-04 2.925504147e-06
6.625977920e-04 3.029400580e-06
6.888505180e-04 3.192204344e-06
7.161434000e-04 3.363757376e-06
7.349367950e-04 3.476444390e-06
7.640556410e-04 3.652592485e-06
7.943282000e-04 3.837665824e-06
8.151733810e-04 3.959040952e-06
8.474713040e-04 4.148339117e-06
8.810489000e-04 4.346688414e-06
9.041698230e-04 4.476625943e-06
9.219078310e-04 4.576621842e-06
9.491694410e-04 4.730819323e-06
9.772372000e-04 4.890212092e-06
1.005773010e-03 5.043267306e-06
1.027720370e-03 5.161194189e-06
1.061542650e-03 5.343275070e-06
1.096478000e-03 5.531779328e-06
1.128495850e-03 5.693578955e-06
1.153121310e-03 5.818026828e-06
1.191070700e-03 6.009817326e-06
1.230269000e-03 6.207930118e-06
1.266193390e-03 6.376895921e-06
1.293823440e-03 6.506631583e-06
1.336403080e-03 6.706200539e-06
1.380384000e-03 6.911890532e-06
1.420692100e-03 7.086056931e-06
1.451693740e-03 7.219555875e-06
1.499469230e-03 7.424534738e-06
1.548817000e-03 7.635333245e-06
1.594043220e-03 7.812441187e-06
1.628827460e-03 7.947963007e-06
1.682432170e-03 8.155666277e-06
1.737801000e-03 8.368797406e-06
1.788545760e-03 8.546785101e-06
1.827574400e-03 8.682755766e-06
1.887720010e-03 8.890778336e-06
1.949845000e-03 9.103784634e-06
2.006781490e-03 9.280347207e-06
2.050572300e-03 9.415012837e-06
2.084041360e-03 9.517292782e-06
2.135272000e-03 9.672799889e-06
2.187762000e-03 9.830847882e-06
2.251645730e-03 1.000343770e-05
2.300779770e-03 1.013486563e-05
2.338332650e-03 1.023456862e-05
2.395814310e-03 1.038596495e-05
2.454709000e-03 1.053960090e-05
2.526387850e-03 1.070562619e-05
2.581517250e-03 1.083185926e-05
2.623652340e-03 1.092750984e-05
2.688147950e-03 1.107257180e-05
2.754229000e-03 1.121955937e-05
2.834653770e-03 1.137646856e-05
2.896509800e-03 1.149558893e-05
2.943786010e-03 1.158574693e-05
3.016151060e-03 1.172231152e-05
3.090295000e-03 1.186048583e-05
3.180533480e-03 1.200584390e-05
3.249937390e-03 1.211603022e-05
3.302982420e-03 1.219933317e-05
3.384177730e-03 1.232536273e-05
3.467369000e-03 1.245269421e-05
3.522695130e-03 1.252430605e-05
3.621648540e-03 1.265061909e-05
3.697683490e-03 1.274618908e-05
3.755755470e-03 1.281834018e-05
3.844577930e-03 1.292733325e-05
3.935501000e-03 1.303725304e-05
3.998296770e-03 1.309917870e-05
4.110609980e-03 1.320825708e-05
4.196910490e-03 1.329066150e-05
4.262822830e-03 1.335280208e-05
4.363637300e-03 1.344655799e-05
4.466836000e-03 1.354097229e-05
4.538109870e-03 1.359235885e-05
4.665586590e-03 1.368275517e-05
4.763538610e-03 1.375094677e-05
4.838349830e-03 1.380231332e-05
4.952775350e-03 1.387972310e-05
5.069907000e-03 1.395756710e-05
5.150803610e-03 1.399778562e-05
5.222646300e-03 1.403307172e-05
5.350790590e-03 1.409503671e-05
5.448957990e-03 1.414168993e-05
5.523763650e-03 1.417678110e-05
5.637902100e-03 1.422958128e-05
5.754399000e-03 1.428257810e-05
5.846217650e-03 1.431134511e-05
5.927760000e-03 1.433656379e-05
6.073205370e-03 1.438080344e-05
6.184626600e-03 1.441407276e-05
6.269531970e-03 1.443907523e-05
6.399080550e-03 1.447666031e-05
6.531306000e-03 1.451434318e-05
6.654647110e-03 1.453768041e-05
6.764479790e-03 1.455813119e-05
6.862069390e-03 1.457604925e-05
7.036251160e-03 1.460745899e-05
7.169782870e-03 1.463106063e-05
7.271592060e-03 1.464878695e-05
7.427022860e-03 1.467541662e-05
7.585776000e-03 1.470209477e-05
7.706816460e-03 1.470943482e-05
7.814310120e-03 1.471586036e-05
8.006044290e-03 1.472711183e-05
8.152925950e-03 1.473555607e-05
8.264852930e-03 1.474189246e-05
8.435631060e-03 1.475140208e-05
8.609938000e-03 1.476091786e-05
8.747320120e-03 1.475555890e-05
8.869326490e-03 1.475087138e-05
9.086946680e-03 1.474267192e-05
9.253658810e-03 1.473652525e-05
9.380697040e-03 1.473191690e-05
9.574531900e-03 1.472500714e-05
9.772372000e-03 1.471810065e-05
9.928302540e-03 1.470013955e-05
1.006678140e-02 1.468444143e-05
1.031378330e-02 1.465701057e-05
1.050300380e-02 1.463647086e-05
1.064719390e-02 1.462108495e-05
1.086719900e-02 1.459803650e-05
1.109175000e-02 1.457502424e-05
1.126873200e-02 1.454464014e-05
1.142590620e-02 1.451810595e-05
1.170625440e-02 1.447178749e-05
1.192102050e-02 1.443714557e-05
1.208467690e-02 1.441121866e-05
1.233438360e-02 1.437241541e-05
1.258925000e-02 1.433371696e-05
1.275336720e-02 1.429812511e-05
1.304573710e-02 1.423605195e-05
1.326940480e-02 1.418967421e-05
1.343966850e-02 1.415498991e-05
1.369916900e-02 1.410312230e-05
1.396368000e-02 1.405144487e-05
1.420691860e-02 1.399209616e-05
1.442322550e-02 1.394037147e-05
1.400000000e-05 1.439698820e-02 286 11
1.400000000e-05 1.421583240e-07
1.412538000e-05 1.460126130e-07
1.445440000e-05 1.554697555e-07
1.479108000e-05 1.643604345e-07
1.515000000e-05 1.727922959e-07
1.550000000e-05 1.798989117e-07
1.584893000e-05 1.858817039e-07
1.621810000e-05 1.910084956e-07
1.659587000e-05 1.950140119e-07
1.701200000e-05 1.980620441e-07
1.750000000e-05 1.999758600e-07
1.774823940e-05 2.001493053e-07
1.800000000e-05 2.003229014e-07
1.824828760e-05 1.998170426e-07
1.850000000e-05 1.993124636e-07
1.877525730e-05 1.981168404e-07
1.905461000e-05 1.969283897e-07
1.938652910e-05 1.948166695e-07
1.972423000e-05 1.927275963e-07
2.006781260e-05 1.900168677e-07
2.041738000e-05 1.873442642e-07
2.077303740e-05 1.842016456e-07
2.113489000e-05 1.811117437e-07
2.137962140e-05 1.787801943e-07
2.175204210e-05 1.753390277e-07
2.213095000e-05 1.719640971e-07
2.246554760e-05 1.687371255e-07
2.271981150e-05 1.663567001e-07
2.310661320e-05 1.628488797e-07
2.350000000e-05 1.594150253e-07
2.373063650e-05 1.572969794e-07
2.413971030e-05 1.536578901e-07
2.445113680e-05 1.509839310e-07
2.468734040e-05 1.490090428e-07
2.504593090e-05 1.460950390e-07
2.540973000e-05 1.432380234e-07
2.579660490e-05 1.401832039e-07
2.616464810e-05 1.373785069e-07
2.651445610e-05 1.348000885e-07
2.684664730e-05 1.324267888e-07
2.716185540e-05 1.302397827e-07
2.746072340e-05 1.282222794e-07
2.774389810e-05 1.263592629e-07
2.801202580e-05 1.246372756e-07
2.852176920e-05 1.214715494e-07
2.897539820e-05 1.187675701e-07
2.937823800e-05 1.164510089e-07
2.973531440e-05 1.144611133e-07
3.005131470e-05 1.127478681e-07
3.033056850e-05 1.112698277e-07
3.082552120e-05 1.087297279e-07
3.120202900e-05 1.068627787e-07
3.177543090e-05 1.041222910e-07
3.235937000e-05 1.014520817e-07
3.278121500e-05 9.967246647e-08
3.315483810e-05 9.814092982e-08
3.348524980e-05 9.682015221e-08
3.407141330e-05 9.455141933e-08
3.451775970e-05 9.288482463e-08
3.485635270e-05 9.165418571e-08
3.537047980e-05 8.983873223e-08
3.589219000e-05 8.805923784e-08
3.626670000e-05 8.689149998e-08
3.693152000e-05 8.488509754e-08
3.743812070e-05 8.341075849e-08
3.782262640e-05 8.232183339e-08
3.840680190e-05 8.071504221e-08
3.900000000e-05 7.913961338e-08
3.965504620e-05 7.758358779e-08
4.015354100e-05 7.643667930e-08
4.091305730e-05 7.474802847e-08
4.168694000e-05 7.309668372e-08
4.229119940e-05 7.196411141e-08
4.275013500e-05 7.112621301e-08
4.344789320e-05 6.988762243e-08
4.415704000e-05 6.867060100e-08
4.473147340e-05 6.782505813e-08
4.560716520e-05 6.657622520e-08
4.650000000e-05 6.535038664e-08
4.699213210e-05 6.478925675e-08
4.774011320e-05 6.395658297e-08
4.850000000e-05 6.313461111e-08
4.904065960e-05 6.267426717e-08
4.986297060e-05 6.199003703e-08
5.069907000e-05 6.131327718e-08
5.158221810e-05 6.079847299e-08
5.248075000e-05 6.028799119e-08
5.348084590e-05 5.994086879e-08
5.450000000e-05 5.959574530e-08
5.549099030e-05 5.949159176e-08
5.650000000e-05 5.938762046e-08
5.749130370e-05 5.951526649e-08
5.850000000e-05 5.964318723e-08
5.937148870e-05 5.994214545e-08
6.025596000e-05 6.024260205e-08
6.122026400e-05 6.077350873e-08
6.220000000e-05 6.130909367e-08
6.400000000e-05 6.266898350e-08
6.606934000e-05 6.466738416e-08
6.800000000e-05 6.694332744e-08
7.000000000e-05 6.970967360e-08
7.244360000e-05 7.364007494e-08
7.500000000e-05 7.838235000e-08
7.800000000e-05 8.474302849e-08
8.150000000e-05 9.320135657e-08
8.511380000e-05 1.030419516e-07
9.015711000e-05 1.185358923e-07
9.885531000e-05 1.496607978e-07
1.071519490e-04 1.838563333e-07
1.161449000e-04 2.258650963e-07
1.223207540e-04 2.569554375e-07
1.288250000e-04 2.923253583e-07
1.412538000e-04 3.652520713e-07
1.479108810e-04 4.068490839e-07
1.548817000e-04 4.531834025e-07
1.612501220e-04 4.965662834e-07
1.678804000e-04 5.441021652e-07
1.762324440e-04 6.051690597e-07
1.850000000e-04 6.730897272e-07
1.943505940e-04 7.468199381e-07
2.041738000e-04 8.286265258e-07
2.162718720e-04 9.314897851e-07
2.290868000e-04 1.047122183e-06
2.431139540e-04 1.176791564e-06
2.580000000e-04 1.322518420e-06
2.727783460e-04 1.469579383e-06
2.884032000e-04 1.632993160e-06
3.019952150e-04 1.775211194e-06
3.162278000e-04 1.929815033e-06
3.326856330e-04 2.106692052e-06
3.500000000e-04 2.299780700e-06
3.593776150e-04 2.402069740e-06
3.739172370e-04 2.564096613e-06
3.890451000e-04 2.737052708e-06
4.004054270e-04 2.863957796e-06
4.180709220e-04 3.065432738e-06
4.365158000e-04 3.281081110e-06
4.492622960e-04 3.426833044e-06
4.690833070e-04 3.657690160e-06
4.897788000e-04 3.904099519e-06
5.040806110e-04 4.069587597e-06
5.263201620e-04 4.331064803e-06
5.495409000e-04 4.609342313e-06
5.688529420e-04 4.834199120e-06
5.837810580e-04 5.010011394e-06
6.069109660e-04 5.285790933e-06
6.309573000e-04 5.576750922e-06
6.475517590e-04 5.770776078e-06
6.732653500e-04 6.074544023e-06
7.000000000e-04 6.394302040e-06
7.183292120e-04 6.603115444e-06
7.467268370e-04 6.929190585e-06
7.762471000e-04 7.271367943e-06
7.966177880e-04 7.495753846e-06
8.281805220e-04 7.845382287e-06
8.609938000e-04 8.211318562e-06
8.861352660e-04 8.476590634e-06
9.054719860e-04 8.681153618e-06
9.352710990e-04 8.997291464e-06
9.660509000e-04 9.324941869e-06
9.942601130e-04 9.607188782e-06
1.015956290e-03 9.824466284e-06
1.049391470e-03 1.015963084e-05
1.083927000e-03 1.050622972e-05
1.115578230e-03 1.080305563e-05
1.139921710e-03 1.103116532e-05
1.177436550e-03 1.138239266e-05
1.216186000e-03 1.174480300e-05
1.251699250e-03 1.205305736e-05
1.279013080e-03 1.228954592e-05
1.321105410e-03 1.265300698e-05
1.364583000e-03 1.302721758e-05
1.404429480e-03 1.334304466e-05
1.435076070e-03 1.358492969e-05
1.482304400e-03 1.395600369e-05
1.531087000e-03 1.433721344e-05
1.575795590e-03 1.465606192e-05
1.610181700e-03 1.489984281e-05
1.663172880e-03 1.527313835e-05
1.717908000e-03 1.565578644e-05
1.768071950e-03 1.597386152e-05
1.806653870e-03 1.621665126e-05
1.866111070e-03 1.658777292e-05
1.927525000e-03 1.696738759e-05
1.983809840e-03 1.728047374e-05
2.027099450e-03 1.751907381e-05
2.060185460e-03 1.770018336e-05
2.110829750e-03 1.797536406e-05
2.162719000e-03 1.825482315e-05
2.225871400e-03 1.855846760e-05
2.274442960e-03 1.878951079e-05
2.311565920e-03 1.896467863e-05
2.368389540e-03 1.923049762e-05
2.426610000e-03 1.950004211e-05
2.497468250e-03 1.978924865e-05
2.551966510e-03 2.000896492e-05
2.593619230e-03 2.017535167e-05
2.657376470e-03 2.042752941e-05
2.722701000e-03 2.068285917e-05
2.802205370e-03 2.095286825e-05
2.863353500e-03 2.115768567e-05
2.910088670e-03 2.131261142e-05
2.981625570e-03 2.154713001e-05
3.054921000e-03 2.178422902e-05
3.144126370e-03 2.203052422e-05
3.212735710e-03 2.221707141e-05
3.265173440e-03 2.235801754e-05
3.345439160e-03 2.257111515e-05
3.427678000e-03 2.278624394e-05
3.482370780e-03 2.290534848e-05
3.580191410e-03 2.311528131e-05
3.655355940e-03 2.327399252e-05
3.712763130e-03 2.339374072e-05
3.800568780e-03 2.357451918e-05
3.890451000e-03 2.375669471e-05
3.952527960e-03 2.385729831e-05
4.063555560e-03 2.403438099e-05
4.148868220e-03 2.416805504e-05
4.214026090e-03 2.426879831e-05
4.313686580e-03 2.442070106e-05
4.415704000e-03 2.457355451e-05
4.486162040e-03 2.465346642e-05
4.548734450e-03 2.472360251e-05
4.660343530e-03 2.484682103e-05
4.745843820e-03 2.493963781e-05
4.877044370e-03 2.507951343e-05
5.011872000e-03 2.522017359e-05
5.091842620e-03 2.527608842e-05
5.162862970e-03 2.532511563e-05
5.289540460e-03 2.541114203e-05
5.386584190e-03 2.547585357e-05
5.460533600e-03 2.552449536e-05
5.573365570e-03 2.559763221e-05
5.688529000e-03 2.567097878e-05
5.779296520e-03 2.570380171e-05
5.859905380e-03 2.573255610e-05
6.003685700e-03 2.578295400e-05
6.113831380e-03 2.582081710e-05
6.197764760e-03 2.584925094e-05
6.325830270e-03 2.589196031e-05
6.456542000e-03 2.593474036e-05
6.569010870e-03 2.594513136e-05
6.669027070e-03 2.595422681e-05
6.757789630e-03 2.596218806e-05
6.915976280e-03 2.597612598e-05
7.037041560e-03 2.598658440e-05
7.129229270e-03 2.599443098e-05
7.269780180e-03 2.600620526e-05
7.413102000e-03 2.601798483e-05
7.574866460e-03 2.600107772e-05
7.719303390e-03 2.598629298e-05
7.847943160e-03 2.597336336e-05
7.962260270e-03 2.596205510e-05
8.166336680e-03 2.594227757e-05
8.322819280e-03 2.592745430e-05
8.442145870e-03 2.591634241e-05
8.624351190e-03 2.589968355e-05
8.810489000e-03 2.588303534e-05
8.963961610e-03 2.584535726e-05
9.100441560e-03 2.581243390e-05
9.221565030e-03 2.578366041e-05
9.437423110e-03 2.573338389e-05
9.602626150e-03 2.569574080e-05
9.728423490e-03 2.566754474e-05
9.920216180e-03 2.562530857e-05
1.011579000e-02 2.558314188e-05
1.027720100e-02 2.552679113e-05
1.042054700e-02 2.547758637e-05
1.067623010e-02 2.539170559e-05
1.087210110e-02 2.532748509e-05
1.102135910e-02 2.527942692e-05
1.124909670e-02 2.520750974e-05
1.148154000e-02 2.513579705e-05
1.166746200e-02 2.505721455e-05
1.183261180e-02 2.498865678e-05
1.197903440e-02 2.492882277e-05
1.223964710e-02 2.482445709e-05
1.243882080e-02 2.474647001e-05
1.274367470e-02 2.462994814e-05
1.305600000e-02 2.451397523e-05
1.328033070e-02 2.440026712e-05
1.347977970e-02 2.430120533e-05
1.365675310e-02 2.421485563e-05
1.397206580e-02 2.406448250e-05
1.421331870e-02 2.395231556e-05
1.439698820e-02 2.386853369e-05
