1.037100000e-02 1.048000000e-02 2 0
1.037100000e-02 2.461753574e-02
1.048000000e-02 2.483952794e-02
1.302000000e-03 1.058041240e-02 78 1
1.302000000e-03 2.220963794e-04
1.350000000e-03 2.338427743e-04
1.365000000e-03 2.371369815e-04
1.390000000e-03 2.439514246e-04
1.428894000e-03 2.557901328e-04
1.490566100e-03 2.721633593e-04
1.554900000e-03 2.895846383e-04
1.617315310e-03 3.061866955e-04
1.665765530e-03 3.192599236e-04
1.703053350e-03 3.294298732e-04
1.760555910e-03 3.452954296e-04
1.820000000e-03 3.619250799e-04
1.862355030e-03 3.729852969e-04
1.938861900e-03 3.931601669e-04
1.998297650e-03 4.090042897e-04
2.044067130e-03 4.213050172e-04
2.114694400e-03 4.404532014e-04
2.187762000e-03 4.604716656e-04
2.238993680e-03 4.736284120e-04
2.318099410e-03 4.940717249e-04
2.400000000e-03 5.153974272e-04
2.494295710e-03 5.390801411e-04
2.567440950e-03 5.575536338e-04
2.623704120e-03 5.718230250e-04
2.710419080e-03 5.939147621e-04
2.800000000e-03 6.168599808e-04
2.869911530e-03 6.337101098e-04
2.978065360e-03 6.598522416e-04
3.090295000e-03 6.870727974e-04
3.148654020e-03 7.005541844e-04
3.253446710e-03 7.247862448e-04
3.334323730e-03 7.435087752e-04
3.459424540e-03 7.725032880e-04
3.589219000e-03 8.026284874e-04
3.704673810e-03 8.276637283e-04
3.793695660e-03 8.469513015e-04
3.931255370e-03 8.767286778e-04
4.073803000e-03 9.075529759e-04
4.204845210e-03 9.343685869e-04
4.305885790e-03 9.549989999e-04
4.383256390e-03 9.707701780e-04
4.501926790e-03 9.949166426e-04
4.623810000e-03 1.019663708e-03
4.711128860e-03 1.036179062e-03
4.867923440e-03 1.065727206e-03
4.988934540e-03 1.088439968e-03
5.081662940e-03 1.105791640e-03
5.223997130e-03 1.132339180e-03
5.370318000e-03 1.159524063e-03
5.543065410e-03 1.189353687e-03
5.676262920e-03 1.212228430e-03
5.778257330e-03 1.229672746e-03
5.934695500e-03 1.256311023e-03
6.095369000e-03 1.283526357e-03
6.293686500e-03 1.314908364e-03
6.446647650e-03 1.338947379e-03
6.563803260e-03 1.357264618e-03
6.743540750e-03 1.385211384e-03
6.928200000e-03 1.413733586e-03
7.057775880e-03 1.432212626e-03
7.290392240e-03 1.465134056e-03
7.469872150e-03 1.490320795e-03
7.607375860e-03 1.509494587e-03
7.818391820e-03 1.538718792e-03
8.035261000e-03 1.568508780e-03
8.187003760e-03 1.587575497e-03
8.322127530e-03 1.604448912e-03
8.563982580e-03 1.634410054e-03
8.749975390e-03 1.657247500e-03
8.892116090e-03 1.674584761e-03
9.109668260e-03 1.700931318e-03
9.332543000e-03 1.727692391e-03
9.508784500e-03 1.746956256e-03
9.665723880e-03 1.763988253e-03
9.946626220e-03 1.794194779e-03
1.016264750e-02 1.817188674e-03
1.032773670e-02 1.834627240e-03
1.058041240e-02 1.861099359e-03
1.146000000e-03 1.042491060e-02 158 2
1.146000000e-03 4.775654574e-05
1.146274520e-03 5.047462620e-05
1.146531930e-03 5.316316019e-05
1.146773320e-03 5.581357991e-05
1.146999660e-03 5.841822960e-05
1.147424160e-03 6.363389067e-05
1.147795730e-03 6.857819612e-05
1.148120950e-03 7.321860263e-05
1.148405590e-03 7.753582096e-05
1.148654710e-03 8.152169967e-05
1.149090790e-03 8.899616960e-05
1.149417960e-03 9.504841587e-05
1.149663400e-03 9.985620594e-05
1.150031650e-03 1.075274771e-04
1.150400000e-03 1.157878445e-04
1.150510000e-03 1.183749643e-04
1.150800000e-03 1.277840736e-04
1.151100000e-03 1.374610385e-04
1.151400000e-03 1.471057157e-04
1.151700000e-03 1.566584283e-04
1.152100000e-03 1.692084114e-04
1.152550000e-03 1.830634128e-04
1.153000000e-03 1.965213877e-04
1.153500000e-03 2.111122290e-04
1.154000000e-03 2.251412387e-04
1.154500000e-03 2.385599630e-04
1.155000000e-03 2.513967444e-04
1.155600000e-03 2.660170517e-04
1.156300000e-03 2.819299150e-04
1.156900000e-03 2.945705330e-04
1.157300000e-03 3.025022915e-04
1.158000000e-03 3.153965833e-04
1.158700000e-03 3.270762617e-04
1.159500000e-03 3.390560672e-04
1.160400000e-03 3.509087826e-04
1.161500000e-03 3.632994519e-04
1.162700000e-03 3.744705752e-04
1.164000000e-03 3.842916997e-04
1.165000000e-03 3.904692215e-04
1.166500000e-03 3.978841054e-04
1.168500000e-03 4.051672814e-04
1.170000000e-03 4.091640731e-04
1.173000000e-03 4.147727926e-04
1.178000000e-03 4.205244532e-04
1.205000000e-03 4.454536089e-04
1.215000000e-03 4.522058041e-04
1.225000000e-03 4.562207628e-04
1.249016090e-03 4.599239068e-04
1.273503000e-03 4.636571027e-04
1.295686790e-03 4.677471139e-04
1.318257000e-03 4.718731999e-04
1.356750490e-03 4.775824510e-04
1.396368000e-03 4.833607883e-04
1.420691860e-03 4.873040097e-04
1.442322550e-03 4.907806999e-04
1.480971740e-03 4.969247099e-04
1.510636780e-03 5.015831398e-04
1.556252190e-03 5.086527934e-04
1.603245000e-03 5.158220876e-04
1.645318180e-03 5.212527825e-04
1.677596070e-03 5.253633020e-04
1.727204060e-03 5.315899243e-04
1.778279000e-03 5.378903523e-04
1.819736810e-03 5.421637616e-04
1.851463220e-03 5.453910799e-04
1.900092970e-03 5.502681165e-04
1.950000000e-03 5.551887656e-04
1.992531950e-03 5.583336751e-04
2.030507710e-03 5.611000868e-04
2.064329760e-03 5.635319408e-04
2.094385870e-03 5.656684532e-04
2.148040880e-03 5.694268582e-04
2.189182280e-03 5.722620401e-04
2.220554620e-03 5.743976839e-04
2.268458110e-03 5.776161094e-04
2.317395000e-03 5.808525680e-04
2.371374050e-03 5.835080751e-04
2.412681870e-03 5.855076675e-04
2.475996670e-03 5.885199151e-04
2.540973000e-03 5.915476602e-04
2.592686780e-03 5.932187297e-04
2.638798960e-03 5.946847811e-04
2.679819390e-03 5.959705528e-04
2.716235010e-03 5.970978788e-04
2.781157100e-03 5.990758355e-04
2.830864980e-03 6.005636027e-04
2.907097560e-03 6.028021847e-04
2.985383000e-03 6.050491103e-04
3.033018480e-03 6.057747816e-04
3.075322620e-03 6.064104604e-04
3.150779620e-03 6.075245068e-04
3.208584900e-03 6.083613784e-04
3.252633770e-03 6.089897912e-04
3.319843510e-03 6.099336277e-04
3.388442000e-03 6.108789239e-04
3.442508750e-03 6.111856826e-04
3.490524370e-03 6.114542220e-04
3.576168820e-03 6.119244547e-04
3.641778390e-03 6.122773614e-04
3.691774300e-03 6.125421780e-04
3.768058020e-03 6.129396196e-04
3.845918000e-03 6.133373159e-04
3.918546630e-03 6.130431809e-04
3.983220920e-03 6.127859330e-04
4.040685940e-03 6.125609260e-04
4.143251780e-03 6.121673678e-04
4.221881080e-03 6.118723599e-04
4.281830780e-03 6.116511998e-04
4.373355230e-03 6.113196126e-04
4.466836000e-03 6.109882003e-04
4.538109870e-03 6.102637602e-04
4.601406810e-03 6.096305833e-04
4.714308210e-03 6.085241006e-04
4.800798500e-03 6.076955565e-04
4.866705960e-03 6.070748890e-04
4.967267520e-03 6.061450735e-04
5.069907000e-03 6.052166856e-04
5.165650260e-03 6.038164457e-04
5.250907630e-03 6.025938890e-04
5.326661340e-03 6.015261855e-04
5.393841810e-03 6.005934980e-04
5.513452820e-03 5.989647695e-04
5.604898550e-03 5.977461257e-04
5.744918800e-03 5.959228016e-04
5.888437000e-03 5.941050423e-04
6.008278180e-03 5.919686978e-04
6.115138260e-03 5.901056994e-04
6.210198740e-03 5.884803868e-04
6.294588070e-03 5.870619084e-04
6.445038120e-03 5.845877948e-04
6.560230860e-03 5.827390545e-04
6.647974540e-03 5.813563395e-04
6.781795400e-03 5.792884158e-04
6.918310000e-03 5.772278438e-04
7.048959490e-03 5.747579198e-04
7.165300150e-03 5.726054122e-04
7.268672270e-03 5.707285810e-04
7.360345500e-03 5.690913968e-04
7.523564490e-03 5.662376221e-04
7.648349640e-03 5.641066841e-04
7.743294860e-03 5.625137465e-04
7.887927190e-03 5.601327752e-04
8.035261000e-03 5.577618757e-04
8.198794320e-03 5.546461940e-04
8.344613850e-03 5.519342565e-04
8.474331830e-03 5.495721891e-04
8.589488140e-03 5.475136735e-04
8.794789840e-03 5.439298065e-04
8.951979990e-03 5.412573108e-04
9.071713590e-03 5.392615606e-04
9.254323370e-03 5.362817221e-04
9.440609000e-03 5.333183507e-04
9.632744020e-03 5.298389467e-04
9.804067140e-03 5.268130936e-04
9.956472610e-03 5.241796525e-04
1.009176960e-02 5.218861857e-04
1.021166180e-02 5.198876374e-04
1.042491060e-02 5.164085867e-04
1.119000000e-03 1.038730500e-02 151 3
1.119000000e-03 1.922684433e-04
1.120499000e-03 2.084400355e-04
1.122000000e-03 2.259716912e-04
1.122018000e-03 2.261904923e-04
1.122250000e-03 2.352935593e-04
1.122500000e-03 2.509753895e-04
1.122800000e-03 2.696448691e-04
1.123100000e-03 2.881780427e-04
1.123400000e-03 3.066193360e-04
1.123800000e-03 3.306903434e-04
1.124200000e-03 3.544519958e-04
1.124600000e-03 3.775936984e-04
1.125000000e-03 4.001384180e-04
1.125500000e-03 4.274918164e-04
1.126000000e-03 4.538070845e-04
1.126500000e-03 4.789277772e-04
1.126900000e-03 4.981740707e-04
1.127100000e-03 4.989333394e-04
1.128100000e-03 5.342292679e-04
1.128300000e-03 5.402866148e-04
1.130000000e-03 5.805081968e-04
1.131500000e-03 6.124522776e-04
1.133400000e-03 6.424292233e-04
1.136000000e-03 6.735045641e-04
1.139000000e-03 7.059442635e-04
1.142300000e-03 7.337717964e-04
1.143000000e-03 7.378276926e-04
1.146000000e-03 7.637304245e-04
1.153000000e-03 7.974260349e-04
1.161449000e-03 8.223204599e-04
1.170000000e-03 8.419754817e-04
1.180000000e-03 8.624077804e-04
1.190000000e-03 8.731617655e-04
1.202264000e-03 8.798258829e-04
1.220986230e-03 8.843240610e-04
1.240000000e-03 8.888452293e-04
1.264752950e-03 8.973419807e-04
1.290000000e-03 9.059199315e-04
1.319659050e-03 9.137582265e-04
1.350000000e-03 9.216643482e-04
1.375718280e-03 9.293918290e-04
1.398623360e-03 9.362064859e-04
1.439628710e-03 9.482526083e-04
1.471169760e-03 9.573888031e-04
1.495278220e-03 9.642986724e-04
1.532183680e-03 9.747570971e-04
1.570000000e-03 9.853289363e-04
1.615008320e-03 9.958959291e-04
1.649609310e-03 1.003895484e-03
1.676045680e-03 1.009937295e-03
1.716496710e-03 1.019068252e-03
1.757924000e-03 1.028281746e-03
1.798871240e-03 1.035635012e-03
1.830206380e-03 1.041184440e-03
1.878235490e-03 1.049564392e-03
1.927525000e-03 1.058011797e-03
1.970566060e-03 1.063531867e-03
2.009014660e-03 1.068385550e-03
2.043272070e-03 1.072650683e-03
2.073726150e-03 1.076396643e-03
2.128117060e-03 1.082983576e-03
2.169844420e-03 1.087950215e-03
2.201676000e-03 1.091690145e-03
2.250301050e-03 1.097324143e-03
2.300000000e-03 1.102987218e-03
2.358011350e-03 1.107507940e-03
2.402478070e-03 1.110910634e-03
2.436377540e-03 1.113469508e-03
2.488125720e-03 1.117318895e-03
2.540973000e-03 1.121181574e-03
2.588958220e-03 1.123543142e-03
2.631688050e-03 1.125613584e-03
2.669654780e-03 1.127428361e-03
2.737419280e-03 1.130611252e-03
2.789369090e-03 1.133004315e-03
2.828977420e-03 1.134802439e-03
2.889446940e-03 1.137504966e-03
2.951209000e-03 1.140213940e-03
2.998299180e-03 1.141097584e-03
3.040119040e-03 1.141871328e-03
3.114712250e-03 1.143226656e-03
3.171855810e-03 1.144244201e-03
3.215400430e-03 1.145007957e-03
3.281840790e-03 1.146154549e-03
3.349654000e-03 1.147302281e-03
3.408002930e-03 1.147334883e-03
3.459891410e-03 1.147363412e-03
3.505941480e-03 1.147388363e-03
3.588008830e-03 1.147432049e-03
3.650817580e-03 1.147464808e-03
3.698644630e-03 1.147489382e-03
3.771562540e-03 1.147526243e-03
3.845918000e-03 1.147563106e-03
3.918546630e-03 1.146360758e-03
3.983220920e-03 1.145309747e-03
4.040685940e-03 1.144390894e-03
4.143251780e-03 1.142784685e-03
4.221881080e-03 1.141581498e-03
4.281830780e-03 1.140679947e-03
4.373355230e-03 1.139328955e-03
4.466836000e-03 1.137979560e-03
4.544645470e-03 1.135822830e-03
4.613839790e-03 1.133939045e-03
4.675248500e-03 1.132293293e-03
4.784686950e-03 1.129418983e-03
4.868443680e-03 1.127268032e-03
4.932222010e-03 1.125657512e-03
5.029459500e-03 1.123246040e-03
5.128614000e-03 1.120839740e-03
5.217951240e-03 1.117747216e-03
5.297396980e-03 1.115048262e-03
5.367903620e-03 1.112692022e-03
5.493555810e-03 1.108580575e-03
5.589721420e-03 1.105506961e-03
5.662948760e-03 1.103207346e-03
5.774592370e-03 1.099766889e-03
5.888437000e-03 1.096337165e-03
5.999637700e-03 1.092016847e-03
6.098659610e-03 1.088250541e-03
6.186643510e-03 1.084965675e-03
6.264670050e-03 1.082099559e-03
6.403591870e-03 1.077102055e-03
6.509801210e-03 1.073369082e-03
6.590612650e-03 1.070577840e-03
6.713714660e-03 1.066404589e-03
6.839116000e-03 1.062247602e-03
6.968270030e-03 1.057061070e-03
7.083279000e-03 1.052543634e-03
7.185467890e-03 1.048606713e-03
7.276091800e-03 1.045173993e-03
7.437442530e-03 1.039193750e-03
7.560799350e-03 1.034731030e-03
7.654657800e-03 1.031396574e-03
7.797634610e-03 1.026415023e-03
7.943282000e-03 1.021457538e-03
8.093287760e-03 1.015549532e-03
8.226864760e-03 1.010408059e-03
8.345551900e-03 1.005930635e-03
8.450806900e-03 1.002029165e-03
8.638207480e-03 9.952379641e-04
8.781480080e-03 9.901747918e-04
8.890491840e-03 9.863943172e-04
9.056552050e-03 9.807506578e-04
9.225714000e-03 9.751392901e-04
9.409205610e-03 9.682969572e-04
9.572752030e-03 9.623493121e-04
9.718185360e-03 9.571750940e-04
9.847250850e-03 9.526704823e-04
1.007725370e-02 9.448383557e-04
1.025327460e-02 9.390065667e-04
1.038730500e-02 9.346563461e-04
1.620000000e-04 1.058777630e-02 133 4
1.620000000e-04 1.091110811e-06
1.726379440e-04 1.280682625e-06
1.899188690e-04 1.628547786e-06
2.089296000e-04 2.070901712e-06
2.190000000e-04 2.316642917e-06
2.350000000e-04 2.717696804e-06
2.495495950e-04 3.101068179e-06
2.650000000e-04 3.538519702e-06
2.748671990e-04 3.822788912e-06
2.851018000e-04 4.129895048e-06
2.951209040e-04 4.427459140e-06
3.054921000e-04 4.746463066e-06
3.180533530e-04 5.128070946e-06
3.311311000e-04 5.540359452e-06
3.408003020e-04 5.842785166e-06
3.558360700e-04 6.327656282e-06
3.715352000e-04 6.852765016e-06
3.912911030e-04 7.515574962e-06
4.120975000e-04 8.242492938e-06
4.315190460e-04 8.914520181e-06
4.518559000e-04 9.641339085e-06
4.663907970e-04 1.015319219e-05
4.890744700e-04 1.097237089e-05
5.128614000e-04 1.185764250e-05
5.278372110e-04 1.240826613e-05
5.511248430e-04 1.328251211e-05
5.754399000e-04 1.421835456e-05
5.932371210e-04 1.488704030e-05
6.209703130e-04 1.594949361e-05
6.500000000e-04 1.708777167e-05
6.717149460e-04 1.792467973e-05
6.884759170e-04 1.857915188e-05
7.144048020e-04 1.960593711e-05
7.413102000e-04 2.068946798e-05
7.651559800e-04 2.162546873e-05
7.835423550e-04 2.235515498e-05
8.119536310e-04 2.349610733e-05
8.413951000e-04 2.469529105e-05
8.734739990e-04 2.596828313e-05
8.983332710e-04 2.696590841e-05
9.369550100e-04 2.853466507e-05
9.772372000e-04 3.019468502e-05
1.011579340e-03 3.156676634e-05
1.038125650e-03 3.263659126e-05
1.079257000e-03 3.430969302e-05
1.122018000e-03 3.606856563e-05
1.161448370e-03 3.764492092e-05
1.191927860e-03 3.887223618e-05
1.239153370e-03 4.078864022e-05
1.288250000e-03 4.279952292e-05
1.338205870e-03 4.477606753e-05
1.376940000e-03 4.631815159e-05
1.406724590e-03 4.750946787e-05
1.452613820e-03 4.935414004e-05
1.500000000e-03 5.127043500e-05
1.530047330e-03 5.243694314e-05
1.584085710e-03 5.454255908e-05
1.625863320e-03 5.617707427e-05
1.657918010e-03 5.743502477e-05
1.707188880e-03 5.937496468e-05
1.757924000e-03 6.138042862e-05
1.824946240e-03 6.392244428e-05
1.876884560e-03 6.589780843e-05
1.916806070e-03 6.741928904e-05
1.978286080e-03 6.976762845e-05
2.041738000e-03 7.219776443e-05
2.080295450e-03 7.361343747e-05
2.149531330e-03 7.615798656e-05
2.202966280e-03 7.812395479e-05
2.285619600e-03 8.116847075e-05
2.371374000e-03 8.433163340e-05
2.419636040e-03 8.603400081e-05
2.506470100e-03 8.909625193e-05
2.573634630e-03 9.146425974e-05
2.625186510e-03 9.328147707e-05
2.704456930e-03 9.607522161e-05
2.786121000e-03 9.895263771e-05
2.842824040e-03 1.008547635e-04
2.944845310e-03 1.042718863e-04
3.023756870e-03 1.069104963e-04
3.084325140e-03 1.089331795e-04
3.177459920e-03 1.120391827e-04
3.273407000e-03 1.152337462e-04
3.340027250e-03 1.173392118e-04
3.399431250e-03 1.192130266e-04
3.505941800e-03 1.225644925e-04
3.588009080e-03 1.251397817e-04
3.714725930e-03 1.291045265e-04
3.845918000e-03 1.331948845e-04
3.924189880e-03 1.355032661e-04
3.993983420e-03 1.375558947e-04
4.119122270e-03 1.412230953e-04
4.215542790e-03 1.440375124e-04
4.289336490e-03 1.461850742e-04
4.402456140e-03 1.494666014e-04
4.518559000e-03 1.528217900e-04
4.610520520e-03 1.553230902e-04
4.692520840e-03 1.575452866e-04
4.839546300e-03 1.615109074e-04
4.952830650e-03 1.645504931e-04
5.039530760e-03 1.668676645e-04
5.172434890e-03 1.704047460e-04
5.308844000e-03 1.740168016e-04
5.416889370e-03 1.766917861e-04
5.513231360e-03 1.790661055e-04
5.685971230e-03 1.832981961e-04
5.819068740e-03 1.865377745e-04
5.920932500e-03 1.890049778e-04
6.077081250e-03 1.927671017e-04
6.237348000e-03 1.966041105e-04
6.355137950e-03 1.992292870e-04
6.460027440e-03 2.015550543e-04
6.647766840e-03 2.056906693e-04
6.792143310e-03 2.088479731e-04
7.014608420e-03 2.136750295e-04
7.244360000e-03 2.186136534e-04
7.391796790e-03 2.215390832e-04
7.523263350e-03 2.241309286e-04
7.758981100e-03 2.287398366e-04
7.940603600e-03 2.322586083e-04
8.079605060e-03 2.349331637e-04
8.292682860e-03 2.390028558e-04
8.511380000e-03 2.431430459e-04
8.672114110e-03 2.459251073e-04
8.815244480e-03 2.483855115e-04
9.071430380e-03 2.527505976e-04
9.268443990e-03 2.560746808e-04
9.419007080e-03 2.585964010e-04
9.649450070e-03 2.624256204e-04
9.885531000e-03 2.663115399e-04
1.008672140e-02 2.693465779e-04
1.026611900e-02 2.720305935e-04
1.058777630e-02 2.767921321e-04
1.110000000e-04 1.044541830e-02 182 5
1.110000000e-04 2.227861011e-07
1.110100000e-04 2.228218632e-07
1.122018000e-04 2.271020017e-07
1.140000000e-04 2.317949665e-07
1.183000000e-04 2.411580121e-07
1.205000000e-04 2.475188637e-07
1.225000000e-04 2.551214888e-07
1.245000000e-04 2.647007437e-07
1.260000000e-04 2.732169551e-07
1.280000000e-04 2.863174517e-07
1.306600000e-04 3.066905095e-07
1.333521000e-04 3.305879070e-07
1.365000000e-04 3.625207589e-07
1.400000000e-04 4.029300576e-07
1.450000000e-04 4.694986153e-07
1.533500740e-04 6.039237585e-07
1.621810000e-04 7.768369965e-07
1.698244000e-04 9.500123147e-07
1.760000000e-04 1.103842894e-06
1.820000000e-04 1.263744596e-06
1.883649000e-04 1.443149469e-06
1.950000000e-04 1.640288988e-06
2.018366000e-04 1.852918699e-06
2.089296000e-04 2.083261280e-06
2.190000000e-04 2.427202326e-06
2.300000000e-04 2.825080064e-06
2.400000000e-04 3.205066752e-06
2.511886000e-04 3.647268447e-06
2.630268000e-04 4.130387982e-06
2.754229000e-04 4.649577523e-06
2.917427000e-04 5.351022642e-06
3.100000000e-04 6.157680536e-06
3.311311000e-04 7.117254337e-06
3.427677810e-04 7.650135402e-06
3.548134000e-04 8.222914127e-06
3.672823080e-04 8.806052463e-06
3.801894000e-04 9.430544816e-06
3.935500890e-04 1.006082921e-05
4.073803000e-04 1.073323816e-05
4.216965000e-04 1.141024656e-05
4.365158000e-04 1.212995773e-05
4.544645410e-04 1.297981921e-05
4.731513000e-04 1.388922446e-05
4.936323730e-04 1.485918498e-05
5.150000000e-04 1.589688312e-05
5.350614120e-04 1.683469847e-05
5.559043000e-04 1.782783891e-05
5.787620180e-04 1.887227503e-05
6.025596000e-04 1.997789888e-05
6.165950020e-04 2.060071231e-05
6.382634640e-04 2.157152644e-05
6.606934000e-04 2.258809031e-05
6.760829490e-04 2.324769898e-05
6.998420020e-04 2.427340255e-05
7.244360000e-04 2.534436081e-05
7.413102650e-04 2.603338543e-05
7.673614850e-04 2.710220368e-05
7.943282000e-04 2.821490297e-05
8.151733810e-04 2.901963299e-05
8.311654760e-04 2.963820726e-05
8.557437870e-04 3.059087881e-05
8.810489000e-04 3.157417244e-05
9.015711640e-04 3.231468416e-05
9.332543250e-04 3.345814230e-05
9.660509000e-04 3.464206181e-05
9.914024260e-04 3.548834498e-05
1.010851720e-03 3.613659736e-05
1.040743410e-03 3.713124658e-05
1.071519000e-03 3.815327166e-05
1.099984720e-03 3.901998183e-05
1.121829180e-03 3.968291025e-05
1.155411930e-03 4.069847972e-05
1.190000000e-03 4.174004030e-05
1.220844200e-03 4.258269335e-05
1.244500880e-03 4.322582880e-05
1.280848160e-03 4.420878963e-05
1.318257000e-03 4.521410287e-05
1.352851270e-03 4.606017544e-05
1.379391450e-03 4.670510389e-05
1.420181140e-03 4.768946742e-05
1.462177000e-03 4.869457700e-05
1.500548220e-03 4.951854909e-05
1.529986020e-03 5.014566531e-05
1.575229080e-03 5.110126254e-05
1.621810000e-03 5.207506930e-05
1.669167770e-03 5.295479449e-05
1.705591420e-03 5.362432731e-05
1.733429820e-03 5.413202695e-05
1.776041660e-03 5.490260214e-05
1.819701000e-03 5.568414714e-05
1.848736550e-03 5.613665334e-05
1.900668010e-03 5.693740567e-05
1.940571690e-03 5.754545605e-05
1.971048280e-03 5.800575199e-05
2.017662930e-03 5.870310765e-05
2.065380000e-03 5.940884775e-05
2.125690310e-03 6.017419506e-05
2.172075980e-03 6.075466955e-05
2.207528290e-03 6.119369708e-05
2.261794650e-03 6.185819356e-05
2.317395000e-03 6.252990585e-05
2.385064170e-03 6.322535464e-05
2.437109660e-03 6.375201288e-05
2.476887740e-03 6.414988375e-05
2.537775490e-03 6.475134952e-05
2.600160000e-03 6.535845510e-05
2.637849810e-03 6.566705568e-05
2.705126320e-03 6.621061746e-05
2.756707340e-03 6.662123888e-05
2.835928850e-03 6.724195126e-05
2.917427000e-03 6.786844677e-05
2.959715730e-03 6.813434370e-05
3.035201320e-03 6.860217194e-05
3.093076280e-03 6.895515053e-05
3.137205550e-03 6.922107508e-05
3.204582760e-03 6.962188707e-05
3.273407000e-03 7.002501936e-05
3.325638220e-03 7.026390767e-05
3.372023750e-03 7.047360384e-05
3.454760620e-03 7.084207823e-05
3.518142800e-03 7.111969833e-05
3.615403010e-03 7.153816902e-05
3.715352000e-03 7.195910231e-05
3.774635070e-03 7.213828036e-05
3.827283210e-03 7.229542719e-05
3.921190570e-03 7.257125737e-05
3.993130120e-03 7.277882080e-05
4.047949600e-03 7.293488344e-05
4.131593130e-03 7.316960372e-05
4.216965000e-03 7.340508015e-05
4.284251910e-03 7.352181673e-05
4.344008090e-03 7.362411304e-05
4.450593930e-03 7.380347467e-05
4.532246070e-03 7.393828265e-05
4.594466750e-03 7.403955006e-05
4.689403040e-03 7.419171172e-05
4.786301000e-03 7.434418577e-05
4.862672310e-03 7.439610083e-05
4.930496170e-03 7.444155598e-05
5.051472160e-03 7.452116978e-05
5.144148140e-03 7.458093568e-05
5.214769230e-03 7.462579172e-05
5.322522860e-03 7.469312669e-05
5.432503000e-03 7.476052200e-05
5.519185340e-03 7.474768604e-05
5.596166230e-03 7.473645649e-05
5.733475420e-03 7.471680879e-05
5.838663770e-03 7.470207642e-05
5.918819560e-03 7.469102921e-05
6.041121210e-03 7.467446112e-05
6.165950000e-03 7.465789685e-05
6.273356970e-03 7.457191560e-05
6.368871730e-03 7.449676317e-05
6.453639340e-03 7.443106690e-05
6.604706470e-03 7.431623812e-05
6.720322950e-03 7.423023256e-05
6.808361560e-03 7.416579411e-05
6.942586680e-03 7.406924063e-05
7.079458000e-03 7.397281309e-05
7.202777640e-03 7.381528491e-05
7.312443210e-03 7.367772300e-05
7.409769400e-03 7.355756688e-05
7.583217590e-03 7.334776462e-05
7.715963000e-03 7.319080570e-05
7.817044790e-03 7.307330688e-05
7.971155770e-03 7.289741274e-05
8.128305000e-03 7.272194155e-05
8.269894950e-03 7.250024880e-05
8.395807920e-03 7.230682216e-05
8.507553380e-03 7.213799736e-05
8.706698630e-03 7.184350135e-05
8.859110820e-03 7.162341885e-05
8.975168300e-03 7.145879937e-05
9.152111460e-03 7.121257949e-05
9.332543000e-03 7.096720802e-05
9.508784500e-03 7.066209210e-05
9.665723880e-03 7.039619186e-05
9.805169180e-03 7.016434997e-05
9.928833120e-03 6.996211495e-05
1.014900980e-02 6.960960574e-05
1.031734050e-02 6.934638832e-05
1.044541830e-02 6.914963045e-05
1.070000000e-04 1.043680800e-02 180 6
1.070000000e-04 4.385864917e-07
1.072800000e-04 4.404107821e-07
1.086000000e-04 4.490487168e-07
1.111207460e-04 4.620950208e-07
1.137000000e-04 4.755203460e-07
1.152000000e-04 4.852480651e-07
1.172800000e-04 5.019694284e-07
1.190000000e-04 5.190855933e-07
1.205000000e-04 5.365641730e-07
1.225000000e-04 5.635122390e-07
1.247200000e-04 5.981048492e-07
1.273503000e-04 6.450759302e-07
1.306100000e-04 7.117614986e-07
1.350000000e-04 8.156832030e-07
1.412538000e-04 9.910647421e-07
1.566751000e-04 1.559691379e-06
1.640590000e-04 1.896393958e-06
1.698244000e-04 2.184321328e-06
1.760000000e-04 2.513922949e-06
1.820000000e-04 2.852453121e-06
1.883649000e-04 3.229393239e-06
1.950000000e-04 3.639902819e-06
2.041738000e-04 4.235529629e-06
2.137962000e-04 4.894255515e-06
2.238721000e-04 5.619782101e-06
2.350000000e-04 6.459867060e-06
2.483133000e-04 7.510427059e-06
2.620000000e-04 8.630079639e-06
2.754229000e-04 9.756226330e-06
2.917427000e-04 1.115475769e-05
3.100000000e-04 1.275757868e-05
3.311311000e-04 1.466330377e-05
3.427677810e-04 1.571803764e-05
3.548134000e-04 1.684863862e-05
3.672823080e-04 1.799552944e-05
3.801894000e-04 1.922048937e-05
3.935500890e-04 2.045519636e-05
4.073803000e-04 2.176921957e-05
4.241309730e-04 2.331542146e-05
4.415704000e-04 2.497144542e-05
4.597269680e-04 2.664633684e-05
4.786301000e-04 2.843356694e-05
4.983104420e-04 3.024236609e-05
5.188000000e-04 3.216623163e-05
5.401320830e-04 3.408697709e-05
5.623413000e-04 3.612241598e-05
5.754399180e-04 3.726329561e-05
5.956621330e-04 3.904253169e-05
6.165950000e-04 4.090672213e-05
6.309573500e-04 4.212122459e-05
6.531305680e-04 4.401092017e-05
6.760830000e-04 4.598539343e-05
6.918309810e-04 4.726132814e-05
7.161433960e-04 4.924191597e-05
7.413102000e-04 5.130550435e-05
7.585775400e-04 5.262909586e-05
7.852356090e-04 5.467878135e-05
8.128305000e-04 5.680829409e-05
8.341612080e-04 5.834840434e-05
8.505257920e-04 5.953082608e-05
8.756765810e-04 6.134953811e-05
9.015711000e-04 6.322381311e-05
9.225714000e-04 6.462581211e-05
9.549925750e-04 6.678731845e-05
9.885531000e-04 6.902111947e-05
1.014495170e-03 7.061541139e-05
1.034397530e-03 7.183525382e-05
1.064985510e-03 7.370463607e-05
1.096478000e-03 7.562266682e-05
1.125252390e-03 7.722344293e-05
1.147327650e-03 7.844622308e-05
1.181255200e-03 8.031679359e-05
1.216186000e-03 8.223196590e-05
1.251699250e-03 8.398226957e-05
1.279013080e-03 8.531940273e-05
1.321105410e-03 8.736512385e-05
1.364583000e-03 8.945989754e-05
1.400393070e-03 9.100298194e-05
1.427865990e-03 9.217773694e-05
1.470089210e-03 9.396836337e-05
1.513561000e-03 9.579377467e-05
1.553280710e-03 9.728407560e-05
1.583753040e-03 9.841699567e-05
1.630586080e-03 1.001411625e-04
1.678804000e-03 1.018955334e-04
1.722860010e-03 1.033144621e-04
1.756659090e-03 1.043916106e-04
1.808605010e-03 1.060284260e-04
1.862087000e-03 1.076909049e-04
1.916460930e-03 1.091630801e-04
1.958280830e-03 1.102804054e-04
1.990243550e-03 1.111258974e-04
2.039168430e-03 1.124063034e-04
2.089296000e-03 1.137014644e-04
2.150304630e-03 1.150462906e-04
2.197227380e-03 1.160653384e-04
2.233090180e-03 1.168355440e-04
2.287984870e-03 1.180004442e-04
2.344229000e-03 1.191769604e-04
2.378209070e-03 1.197762732e-04
2.438863680e-03 1.208323334e-04
2.485367680e-03 1.216304837e-04
2.556791560e-03 1.228376043e-04
2.630268000e-03 1.240567060e-04
2.668394260e-03 1.245783774e-04
2.736449840e-03 1.254965877e-04
2.788628180e-03 1.261896837e-04
2.828413830e-03 1.267120167e-04
2.889159110e-03 1.274995720e-04
2.951209000e-03 1.282920225e-04
2.998299180e-03 1.287643136e-04
3.040119040e-03 1.291789935e-04
3.114712250e-03 1.299079010e-04
3.171855810e-03 1.304572790e-04
3.259542840e-03 1.312857048e-04
3.349654000e-03 1.321193918e-04
3.403101930e-03 1.324840989e-04
3.450567990e-03 1.328040426e-04
3.535232200e-03 1.333658059e-04
3.600090840e-03 1.337886854e-04
3.649514530e-03 1.341067264e-04
3.724925160e-03 1.345852054e-04
3.801894000e-03 1.350653905e-04
3.862557940e-03 1.353120643e-04
3.916432410e-03 1.355282749e-04
4.012527140e-03 1.359074731e-04
4.086142370e-03 1.361925685e-04
4.142238750e-03 1.364067816e-04
4.227830580e-03 1.367287344e-04
4.315191000e-03 1.370514463e-04
4.384045160e-03 1.371751515e-04
4.445193190e-03 1.372834849e-04
4.554261640e-03 1.374732746e-04
4.637815620e-03 1.376157891e-04
4.701485550e-03 1.377227718e-04
4.798633090e-03 1.378834016e-04
4.897788000e-03 1.380442194e-04
4.975938340e-03 1.380470251e-04
5.045342120e-03 1.380494782e-04
5.169136190e-03 1.380537745e-04
5.263971020e-03 1.380569962e-04
5.336237210e-03 1.380594134e-04
5.446500910e-03 1.380630379e-04
5.559043000e-03 1.380666625e-04
5.647744300e-03 1.379471843e-04
5.726518190e-03 1.378427261e-04
5.867025510e-03 1.376601143e-04
5.974663840e-03 1.375233138e-04
6.056686560e-03 1.374208028e-04
6.181836790e-03 1.372671800e-04
6.309573000e-03 1.371137284e-04
6.410250080e-03 1.368757975e-04
6.499659430e-03 1.366679471e-04
6.659137000e-03 1.363049680e-04
6.781307860e-03 1.360333662e-04
6.874404690e-03 1.358300208e-04
7.016451780e-03 1.355255715e-04
7.161434000e-03 1.352218046e-04
7.286181610e-03 1.348374079e-04
7.397117030e-03 1.345019569e-04
7.495570200e-03 1.342091223e-04
7.671026810e-03 1.336981947e-04
7.805309340e-03 1.333162762e-04
7.907561590e-03 1.330305531e-04
8.063457080e-03 1.326031161e-04
8.222426000e-03 1.321770532e-04
8.365655550e-03 1.316732650e-04
8.493026580e-03 1.312340262e-04
8.606066040e-03 1.308508940e-04
8.807517380e-03 1.301831017e-04
8.961694500e-03 1.296844958e-04
9.079095920e-03 1.293117952e-04
9.258088070e-03 1.287547507e-04
9.440609000e-03 1.282001060e-04
9.618890940e-03 1.275408678e-04
9.777647290e-03 1.269668171e-04
9.918707040e-03 1.264666413e-04
1.004380270e-02 1.260306027e-04
1.026652840e-02 1.252711530e-04
1.043680800e-02 1.247045710e-04
2.100000000e-05 1.039427230e-02 277 7
2.100000000e-05 8.290384948e-09
2.737000000e-05 1.876590611e-08
3.120000000e-05 2.810404762e-08
3.190000000e-05 3.031954260e-08
3.260000000e-05 3.290120465e-08
3.330000000e-05 3.587881459e-08
3.400000000e-05 3.928293306e-08
3.471900000e-05 4.325342562e-08
3.570000000e-05 4.950941869e-08
3.690000000e-05 5.859406455e-08
3.850000000e-05 7.341438693e-08
3.972789370e-05 8.713878873e-08
4.164355090e-05 1.126826421e-07
4.365158000e-05 1.457144170e-07
4.570882000e-05 1.862571827e-07
4.731513000e-05 2.227645060e-07
4.900000000e-05 2.655723819e-07
5.080000000e-05 3.163227738e-07
5.248075000e-05 3.681720949e-07
5.450000000e-05 4.358905735e-07
5.650000000e-05 5.085151396e-07
5.850000000e-05 5.864009701e-07
6.070000000e-05 6.777141285e-07
6.309573000e-05 7.834300839e-07
6.606934000e-05 9.235379216e-07
6.918310000e-05 1.081124042e-06
7.328245000e-05 1.306071310e-06
7.762471000e-05 1.565765268e-06
8.300000000e-05 1.917899391e-06
8.810489000e-05 2.284104393e-06
9.332543000e-05 2.687734640e-06
9.900000000e-05 3.154011236e-06
1.047129000e-04 3.645549766e-06
1.109175000e-04 4.197579909e-06
1.170000000e-04 4.749179745e-06
1.230269000e-04 5.299499229e-06
1.303300000e-04 5.968499408e-06
1.380384000e-04 6.675613694e-06
1.420692000e-04 7.039454733e-06
1.462177000e-04 7.423126013e-06
1.513561130e-04 7.883978777e-06
1.566751000e-04 8.373442686e-06
1.621810060e-04 8.861828687e-06
1.678804000e-04 9.378699858e-06
1.727825780e-04 9.802751216e-06
1.778279000e-04 1.024597557e-05
1.838132240e-04 1.074374078e-05
1.900000000e-04 1.126568801e-05
1.958288900e-04 1.172432346e-05
2.018366000e-04 1.220163032e-05
2.089296180e-04 1.272213815e-05
2.162719000e-04 1.326485015e-05
2.238721560e-04 1.378275715e-05
2.317395000e-04 1.432088503e-05
2.364558330e-04 1.461568790e-05
2.437109150e-04 1.506930985e-05
2.511886000e-04 1.553701060e-05
2.600159440e-04 1.604285756e-05
2.691535000e-04 1.656517360e-05
2.746312950e-04 1.684576687e-05
2.830577250e-04 1.727559342e-05
2.917427000e-04 1.771638716e-05
2.968246650e-04 1.794418435e-05
3.046140760e-04 1.829138377e-05
3.126079000e-04 1.864530120e-05
3.189701020e-04 1.888945973e-05
3.287570060e-04 1.926170511e-05
3.388442000e-04 1.964128635e-05
3.463781390e-04 1.988221124e-05
3.521383200e-04 2.006484225e-05
3.609586940e-04 2.034193900e-05
3.700000000e-04 2.062286242e-05
3.779212260e-04 2.083286146e-05
3.839732370e-04 2.099176286e-05
3.932334550e-04 2.123239027e-05
4.027170000e-04 2.147577615e-05
4.120974820e-04 2.167121553e-05
4.192759580e-04 2.181896144e-05
4.302788080e-04 2.204247105e-05
4.415704000e-04 2.226827031e-05
4.520488830e-04 2.242579351e-05
4.600706050e-04 2.254466679e-05
4.723708750e-04 2.272415906e-05
4.850000000e-04 2.290508048e-05
4.975151450e-04 2.303253297e-05
5.071129840e-04 2.312858738e-05
5.144326790e-04 2.320089101e-05
5.256107950e-04 2.330977042e-05
5.370318000e-04 2.341916095e-05
5.495408880e-04 2.349787228e-05
5.591135500e-04 2.355707932e-05
5.737861030e-04 2.364616959e-05
5.888437000e-04 2.373559694e-05
6.025596140e-04 2.377514243e-05
6.130558080e-04 2.380484511e-05
6.291439090e-04 2.384946824e-05
6.456542000e-04 2.389417505e-05
6.606934300e-04 2.389691987e-05
6.722023000e-04 2.389897873e-05
6.809653260e-04 2.390052302e-05
6.943245230e-04 2.390283954e-05
7.079458000e-04 2.390515629e-05
7.253099880e-04 2.387299321e-05
7.386120610e-04 2.384889944e-05
7.487484690e-04 2.383084497e-05
7.642145030e-04 2.380378890e-05
7.800000000e-04 2.377676359e-05
7.972067140e-04 2.371645963e-05
8.103603930e-04 2.367133210e-05
8.304989610e-04 2.360380165e-05
8.511380000e-04 2.353646393e-05
8.622336840e-04 2.348179816e-05
8.820003180e-04 2.338643833e-05
8.971221080e-04 2.331517268e-05
9.086333490e-04 2.326186602e-05
9.261777470e-04 2.318213443e-05
9.440609000e-04 2.310267615e-05
9.577452890e-04 2.302120184e-05
9.698817480e-04 2.295014767e-05
9.914917830e-04 2.282632994e-05
1.008014710e-03 2.273390517e-05
1.020587360e-03 2.266483252e-05
1.039740950e-03 2.256161626e-05
1.059254000e-03 2.245887072e-05
1.074608060e-03 2.235799245e-05
1.088225310e-03 2.227009492e-05
1.112472030e-03 2.211710615e-05
1.131010940e-03 2.200305428e-05
1.145117590e-03 2.191790152e-05
1.166608140e-03 2.179079016e-05
1.188502000e-03 2.166441620e-05
1.205729570e-03 2.154702508e-05
1.221008420e-03 2.144482987e-05
1.248213750e-03 2.126715324e-05
1.269014800e-03 2.113486223e-05
1.284842770e-03 2.103618487e-05
1.308955620e-03 2.088903115e-05
1.333521000e-03 2.074290734e-05
1.353275710e-03 2.060900144e-05
1.370801000e-03 2.049254335e-05
1.402018120e-03 2.029032258e-05
1.425896610e-03 2.013996758e-05
1.444071990e-03 2.002793301e-05
1.471770360e-03 1.986104859e-05
1.500000000e-03 1.969555500e-05
1.523455820e-03 1.954253132e-05
1.544280350e-03 1.940961139e-05
1.562735190e-03 1.929404837e-05
1.595563410e-03 1.909346602e-05
1.620636350e-03 1.894439888e-05
1.639699280e-03 1.883336275e-05
1.668714920e-03 1.866802774e-05
1.698244000e-03 1.850414413e-05
1.725341550e-03 1.833933907e-05
1.749406360e-03 1.819633935e-05
1.770738250e-03 1.807212962e-05
1.808696850e-03 1.785679908e-05
1.837698850e-03 1.769698671e-05
1.859755130e-03 1.757806678e-05
1.893336870e-03 1.740118328e-05
1.927525000e-03 1.722608011e-05
1.958281080e-03 1.705671164e-05
1.985594960e-03 1.690988097e-05
2.009806930e-03 1.678244120e-05
2.052890450e-03 1.656172836e-05
2.085808110e-03 1.639810088e-05
2.110842280e-03 1.627644211e-05
2.148958010e-03 1.609564390e-05
2.187762000e-03 1.591685429e-05
2.222670390e-03 1.574594339e-05
2.253671850e-03 1.559790254e-05
2.281152630e-03 1.546950905e-05
2.330052760e-03 1.524735827e-05
2.367414560e-03 1.508284140e-05
2.395828530e-03 1.496061968e-05
2.439090180e-03 1.477914150e-05
2.483133000e-03 1.459986483e-05
2.522754480e-03 1.443002899e-05
2.557941550e-03 1.428304421e-05
2.589132590e-03 1.415566104e-05
2.644634890e-03 1.393546834e-05
2.687041020e-03 1.377257444e-05
2.719291250e-03 1.365165467e-05
2.768393810e-03 1.347226299e-05
2.818383000e-03 1.329522852e-05
2.863353770e-03 1.312904075e-05
2.903291430e-03 1.298533139e-05
2.938693570e-03 1.286087668e-05
2.970024380e-03 1.275295767e-05
3.025659190e-03 1.256627383e-05
3.068068160e-03 1.242805663e-05
3.132798740e-03 1.222357604e-05
3.198895000e-03 1.202245978e-05
3.249937390e-03 1.186182891e-05
3.295267150e-03 1.172303855e-05
3.335449020e-03 1.160292959e-05
3.371009890e-03 1.149884424e-05
3.434156120e-03 1.131893663e-05
3.482290840e-03 1.118585547e-05
3.518834120e-03 1.108707246e-05
3.574369330e-03 1.094053128e-05
3.630781000e-03 1.079592696e-05
3.688714520e-03 1.064229094e-05
3.740164150e-03 1.050965410e-05
3.785770900e-03 1.039495356e-05
3.826132770e-03 1.029561798e-05
3.897804240e-03 1.012405945e-05
3.952437520e-03 9.997269137e-06
3.993914430e-03 9.903219568e-06
4.056947320e-03 9.763801580e-06
4.120975000e-03 9.626346312e-06
4.186730230e-03 9.480999171e-06
4.245126170e-03 9.355621798e-06
4.296890370e-03 9.247277412e-06
4.342701560e-03 9.153505760e-06
4.424049520e-03 8.991687761e-06
4.486058950e-03 8.872204395e-06
4.533135730e-03 8.783634906e-06
4.604678820e-03 8.652435850e-06
4.677351000e-03 8.523196431e-06
4.751983920e-03 8.387118497e-06
4.818263960e-03 8.269833706e-06
4.877016910e-03 8.168555707e-06
4.929013130e-03 8.080955412e-06
5.021343980e-03 7.929909378e-06
5.091725370e-03 7.818480507e-06
5.145158050e-03 7.735937612e-06
5.226360250e-03 7.613754334e-06
5.308844000e-03 7.493500901e-06
5.393553240e-03 7.367412485e-06
5.468781870e-03 7.258826787e-06
5.535467150e-03 7.165127904e-06
5.594483470e-03 7.084134067e-06
5.699280070e-03 6.944591709e-06
5.779163780e-03 6.841741728e-06
5.839810500e-03 6.765605093e-06
5.931975970e-03 6.652985846e-06
6.025596000e-03 6.542241246e-06
6.130558090e-03 6.415912970e-06
6.223898670e-03 6.307378375e-06
6.306736730e-03 6.213917768e-06
6.380123960e-03 6.133276458e-06
6.445037970e-03 6.063574300e-06
6.560230750e-03 5.943496150e-06
6.647974450e-03 5.855000615e-06
6.714551530e-03 5.789494777e-06
6.815669380e-03 5.692607620e-06
6.918310000e-03 5.597341844e-06
7.045085450e-03 5.478097750e-06
7.157918190e-03 5.375844899e-06
7.258128260e-03 5.287940560e-06
7.346962230e-03 5.212204164e-06
7.425583400e-03 5.146825153e-06
7.565200320e-03 5.034379055e-06
7.671633050e-03 4.951659640e-06
7.752439100e-03 4.890513256e-06
7.875246850e-03 4.800206517e-06
8.000000000e-03 4.711567360e-06
8.143830720e-03 4.609045070e-06
8.271802260e-03 4.521169710e-06
8.385425890e-03 4.445654252e-06
8.486126150e-03 4.380613621e-06
8.575230380e-03 4.324484102e-06
8.733419970e-03 4.227982491e-06
8.853974270e-03 4.157022120e-06
8.945480820e-03 4.104584520e-06
9.084516920e-03 4.027165737e-06
9.225714000e-03 3.951207210e-06
9.345983140e-03 3.885894300e-06
9.460159010e-03 3.825644302e-06
9.568465360e-03 3.770008598e-06
9.671128440e-03 3.718585190e-06
9.768375250e-03 3.671012952e-06
9.953356360e-03 3.583449238e-06
1.011808610e-02 3.508546002e-06
1.026445960e-02 3.444291220e-06
1.039427230e-02 3.389034236e-06
2.000000000e-05 1.049365200e-02 296 8
2.000000000e-05 2.170073360e-08
2.075198790e-05 2.267421927e-08
2.143313520e-05 2.356177660e-08
2.204745430e-05 2.436684275e-08
2.259941010e-05 2.509380857e-08
2.309369500e-05 2.574767332e-08
2.398484890e-05 2.693319965e-08
2.467571000e-05 2.785803122e-08
2.520688390e-05 2.857243639e-08
2.602516040e-05 2.967854136e-08
2.687000000e-05 3.082746610e-08
2.740000000e-05 3.155173556e-08
2.800000000e-05 3.261597427e-08
2.860000000e-05 3.393951612e-08
2.920000000e-05 3.555468487e-08
2.980000000e-05 3.747578068e-08
3.040000000e-05 3.973203382e-08
3.100000000e-05 4.234403367e-08
3.170000000e-05 4.587523245e-08
3.235937000e-05 4.971547163e-08
3.311311000e-05 5.476613851e-08
3.400000000e-05 6.168471950e-08
3.500000000e-05 7.086414300e-08
3.610000000e-05 8.280686652e-08
3.758374000e-05 1.022917137e-07
3.890451480e-05 1.233536805e-07
3.992546740e-05 1.419501495e-07
4.150735090e-05 1.752312104e-07
4.315191000e-05 2.163152130e-07
4.518559000e-05 2.760340277e-07
4.677351000e-05 3.297173990e-07
4.850000000e-05 3.950571249e-07
5.011872000e-05 4.627538213e-07
5.188000000e-05 5.432160750e-07
5.370318000e-05 6.336083462e-07
5.580000000e-05 7.459758809e-07
5.800000000e-05 8.729314782e-07
6.025596000e-05 1.012231212e-06
6.237348000e-05 1.151062545e-06
6.531306000e-05 1.356426451e-06
6.839116000e-05 1.586949462e-06
7.161434000e-05 1.845372377e-06
7.585776000e-05 2.213187433e-06
8.035261000e-05 2.638068927e-06
8.609938000e-05 3.232570853e-06
9.120108000e-05 3.805343226e-06
9.660509000e-05 4.451836856e-06
1.023293000e-04 5.173698214e-06
1.083927000e-04 5.966563294e-06
1.135011000e-04 6.647465697e-06
1.202264000e-04 7.554874111e-06
1.273503000e-04 8.522194757e-06
1.350000000e-04 9.558630686e-06
1.396905160e-04 1.018351554e-05
1.445440000e-04 1.084925118e-05
1.496235960e-04 1.152431787e-05
1.548817000e-04 1.224138892e-05
1.603245640e-04 1.295433528e-05
1.659587000e-04 1.370880387e-05
1.717908240e-04 1.445506643e-05
1.778279000e-04 1.524195303e-05
1.830205860e-04 1.587968970e-05
1.883649000e-04 1.654410946e-05
1.949844380e-04 1.731175313e-05
2.018366000e-04 1.811501537e-05
2.083143520e-04 1.881740767e-05
2.150000000e-04 1.954703447e-05
2.232128870e-04 2.036839711e-05
2.317395000e-04 2.122427294e-05
2.364558330e-04 2.165777426e-05
2.437109150e-04 2.232468430e-05
2.511886000e-04 2.301213013e-05
2.564723830e-04 2.345038673e-05
2.646071820e-04 2.412347062e-05
2.730000000e-04 2.481587373e-05
2.822157990e-04 2.549850280e-05
2.917427000e-04 2.619990949e-05
2.976802430e-04 2.658365898e-05
3.068138990e-04 2.716984757e-05
3.162278000e-04 2.776896204e-05
3.217362900e-04 2.807169794e-05
3.301794610e-04 2.853200157e-05
3.388442000e-04 2.899985265e-05
3.467368780e-04 2.936775668e-05
3.527768020e-04 2.964674462e-05
3.620345290e-04 3.007020346e-05
3.715352000e-04 3.049971061e-05
3.807991230e-04 3.084593514e-05
3.878983390e-04 3.110818043e-05
3.987960870e-04 3.150573437e-05
4.100000000e-04 3.190836915e-05
4.188783320e-04 3.216054100e-05
4.256630220e-04 3.235097677e-05
4.360466620e-04 3.263874695e-05
4.466836000e-04 3.292907688e-05
4.559691300e-04 3.312395960e-05
4.630597320e-04 3.327087814e-05
4.739029130e-04 3.349247883e-05
4.850000000e-04 3.371555526e-05
4.960852280e-04 3.388066665e-05
5.045651060e-04 3.400503062e-05
5.175574790e-04 3.419243306e-05
5.308844000e-04 3.438086837e-05
5.448161610e-04 3.450772347e-05
5.555043900e-04 3.460317216e-05
5.636579410e-04 3.467493153e-05
5.761132080e-04 3.478285009e-05
5.888437000e-04 3.489110433e-05
6.035709990e-04 3.494486180e-05
6.148576950e-04 3.498523436e-05
6.234610110e-04 3.501554443e-05
6.365922230e-04 3.506105871e-05
6.500000000e-04 3.510663195e-05
6.588691760e-04 3.509995259e-05
6.746824280e-04 3.508826657e-05
6.867909380e-04 3.507950493e-05
6.960147180e-04 3.507293472e-05
7.100831780e-04 3.506308232e-05
7.244360000e-04 3.505323242e-05
7.426300440e-04 3.498393991e-05
7.565748210e-04 3.493206052e-05
7.672049740e-04 3.489320132e-05
7.834309030e-04 3.483499371e-05
8.000000000e-04 3.477688320e-05
8.108746750e-04 3.470620838e-05
8.302622620e-04 3.458287278e-05
8.451065530e-04 3.449065878e-05
8.564136840e-04 3.442165980e-05
8.736586680e-04 3.431841995e-05
8.912509000e-04 3.421548969e-05
9.041697730e-04 3.410899815e-05
9.156273080e-04 3.401608997e-05
9.360284580e-04 3.385410912e-05
9.516270750e-04 3.373312988e-05
9.634963920e-04 3.364267926e-05
9.815785210e-04 3.350745782e-05
1.000000000e-03 3.337278000e-05
1.014495170e-03 3.323509786e-05
1.027350690e-03 3.311509155e-05
1.050241070e-03 3.290612259e-05
1.067742930e-03 3.275026091e-05
1.081060470e-03 3.263384990e-05
1.101348860e-03 3.246000877e-05
1.122018000e-03 3.228709421e-05
1.138281900e-03 3.212257714e-05
1.152706090e-03 3.197931291e-05
1.178389620e-03 3.173013625e-05
1.198027120e-03 3.154452879e-05
1.212969700e-03 3.140603541e-05
1.235733750e-03 3.119943576e-05
1.258925000e-03 3.099419481e-05
1.277173490e-03 3.080761031e-05
1.293357780e-03 3.064527080e-05
1.322175320e-03 3.036323185e-05
1.344209070e-03 3.015340746e-05
1.360975020e-03 2.999699156e-05
1.386516840e-03 2.976388746e-05
1.412538000e-03 2.953259503e-05
1.435076700e-03 2.930746162e-05
1.455092870e-03 2.911187774e-05
1.472835900e-03 2.894181271e-05
1.504408390e-03 2.864658670e-05
1.528531120e-03 2.842714504e-05
1.546876670e-03 2.826366777e-05
1.574808660e-03 2.802021318e-05
1.603245000e-03 2.777885531e-05
1.628826830e-03 2.753910632e-05
1.651545550e-03 2.733102375e-05
1.671684220e-03 2.715024175e-05
1.707519580e-03 2.683674593e-05
1.734899330e-03 2.660400183e-05
1.755721870e-03 2.643076924e-05
1.787425210e-03 2.617303377e-05
1.819701000e-03 2.591781113e-05
1.848736550e-03 2.566894505e-05
1.874522450e-03 2.545314816e-05
1.897379980e-03 2.526581485e-05
1.938053350e-03 2.494129284e-05
1.969129550e-03 2.470063985e-05
1.992763280e-03 2.452167535e-05
2.028746760e-03 2.425565629e-05
2.065380000e-03 2.399252365e-05
2.098335740e-03 2.374005121e-05
2.127603080e-03 2.352131784e-05
2.153546680e-03 2.333158013e-05
2.199711510e-03 2.300321473e-05
2.234983420e-03 2.275997716e-05
2.261808020e-03 2.257923828e-05
2.302649770e-03 2.231081749e-05
2.344229000e-03 2.204558790e-05
2.381634050e-03 2.179350844e-05
2.414852740e-03 2.157530441e-05
2.444298950e-03 2.138616890e-05
2.496696420e-03 2.105916240e-05
2.536730340e-03 2.081719332e-05
2.567176490e-03 2.063754271e-05
2.613532220e-03 2.037096937e-05
2.660725000e-03 2.010783966e-05
2.703180200e-03 1.986009120e-05
2.740883840e-03 1.964581691e-05
2.774305660e-03 1.946022401e-05
2.803883890e-03 1.929926898e-05
2.856406610e-03 1.902079443e-05
2.896443320e-03 1.881457888e-05
2.957553010e-03 1.850943961e-05
3.019952000e-03 1.820924936e-05
3.068139050e-03 1.796955205e-05
3.110933030e-03 1.776240667e-05
3.148867110e-03 1.758311424e-05
3.182438680e-03 1.742771849e-05
3.242052460e-03 1.715907331e-05
3.287494490e-03 1.696031062e-05
3.321993520e-03 1.681275103e-05
3.374422040e-03 1.659381519e-05
3.427678000e-03 1.637773050e-05
3.482370780e-03 1.614769577e-05
3.530942360e-03 1.594906729e-05
3.573997910e-03 1.577727268e-05
3.612101970e-03 1.562847103e-05
3.679764200e-03 1.537143720e-05
3.731341350e-03 1.518143988e-05
3.770498080e-03 1.504048460e-05
3.830004970e-03 1.483150178e-05
3.890451000e-03 1.462542277e-05
3.952527960e-03 1.440702621e-05
4.007657300e-03 1.421860626e-05
4.056525870e-03 1.405576124e-05
4.099774450e-03 1.391480263e-05
4.176571900e-03 1.367151785e-05
4.235112590e-03 1.349184978e-05
4.279555960e-03 1.335864991e-05
4.347097010e-03 1.316131188e-05
4.415704000e-03 1.296688891e-05
4.486162040e-03 1.276163089e-05
4.548734450e-03 1.258469719e-05
4.604200820e-03 1.243189358e-05
4.653288430e-03 1.229971322e-05
4.740454400e-03 1.207177038e-05
4.806898740e-03 1.190358984e-05
4.857342450e-03 1.177899366e-05
4.934002300e-03 1.159454069e-05
5.011872000e-03 1.141297612e-05
5.091842620e-03 1.122187847e-05
5.162862970e-03 1.105729469e-05
5.225817890e-03 1.091526519e-05
5.281532850e-03 1.079248672e-05
5.380467140e-03 1.058093818e-05
5.455882170e-03 1.042500254e-05
5.513136330e-03 1.030956080e-05
5.600146060e-03 1.013879061e-05
5.688529000e-03 9.970849174e-06
5.779296520e-03 9.795291953e-06
5.859905380e-03 9.644216875e-06
5.931359890e-03 9.513938783e-06
5.994596970e-03 9.401389934e-06
6.106888460e-03 9.207623713e-06
6.192485330e-03 9.064924387e-06
6.257469420e-03 8.959353129e-06
6.356226410e-03 8.803297042e-06
6.456542000e-03 8.649959182e-06
6.569010870e-03 8.476048881e-06
6.669027070e-03 8.326748036e-06
6.757789630e-03 8.198268708e-06
6.836425450e-03 8.087476516e-06
6.905982030e-03 7.991762225e-06
7.029413280e-03 7.826979956e-06
7.123432320e-03 7.705626780e-06
7.194770930e-03 7.615848257e-06
7.303120620e-03 7.483137971e-06
7.413102000e-03 7.352740224e-06
7.542233560e-03 7.198198199e-06
7.657067540e-03 7.065640762e-06
7.758980600e-03 6.951657019e-06
7.849266610e-03 6.853430684e-06
7.929128280e-03 6.768621836e-06
8.070846330e-03 6.622723874e-06
8.178794650e-03 6.515367915e-06
8.260702350e-03 6.435994579e-06
8.385104460e-03 6.318743881e-06
8.511380000e-03 6.203629304e-06
8.597555380e-03 6.124163476e-06
8.679137050e-03 6.050589009e-06
8.834194940e-03 5.915010931e-06
8.972141340e-03 5.798874532e-06
9.094610280e-03 5.699127228e-06
9.203141140e-03 5.613256826e-06
9.299167540e-03 5.539182229e-06
9.469630960e-03 5.411896082e-06
9.599526050e-03 5.318354684e-06
9.698115320e-03 5.249261190e-06
9.847900960e-03 5.147300353e-06
1.000000000e-02 5.047320000e-06
1.010851820e-02 4.975556445e-06
1.021132340e-02 4.909205237e-06
1.030865250e-02 4.847804601e-06
1.049365200e-02 4.734741022e-06
9.330000000e-06 1.046657890e-02 373 9
9.330000000e-06 4.956891790e-09
9.395979190e-06 4.815923632e-09
9.460341450e-06 4.683184879e-09
9.523112780e-06 4.558084114e-09
9.584319670e-06 4.440080412e-09
9.643988960e-06 4.328678381e-09
9.702147810e-06 4.223423801e-09
9.815830530e-06 4.026720795e-09
9.923617590e-06 3.850640207e-09
1.002574270e-05 3.692563876e-09
1.012243930e-05 3.550266063e-09
1.021393920e-05 3.421846156e-09
1.030047140e-05 3.305674502e-09
1.038226100e-05 3.200348086e-09
1.045952850e-05 3.104654519e-09
1.053248890e-05 3.017542045e-09
1.060135150e-05 2.938095362e-09
1.066631900e-05 2.865514806e-09
1.078920790e-05 2.734224083e-09
1.089789670e-05 2.624288875e-09
1.099389710e-05 2.531727571e-09
1.107859090e-05 2.453418499e-09
1.115323310e-05 2.386887638e-09
1.128506890e-05 2.274770436e-09
1.138496740e-05 2.194152315e-09
1.146047120e-05 2.135569322e-09
1.157466670e-05 2.050614577e-09
1.169000000e-05 1.969039470e-09
1.178710670e-05 1.903466463e-09
1.188502000e-05 1.840077270e-09
1.195363360e-05 1.794749440e-09
1.205729740e-05 1.728842788e-09
1.216186000e-05 1.665356375e-09
1.225042300e-05 1.610504017e-09
1.238447810e-05 1.531594411e-09
1.252000000e-05 1.456551164e-09
1.258942060e-05 1.417697988e-09
1.269427370e-05 1.361352831e-09
1.280000000e-05 1.307247116e-09
1.287434980e-05 1.268453895e-09
1.298668480e-05 1.212411876e-09
1.310000000e-05 1.158845949e-09
1.322440930e-05 1.100195771e-09
1.335000000e-05 1.044513970e-09
1.347442030e-05 9.897660606e-10
1.360000000e-05 9.378877696e-10
1.372443080e-05 8.868192137e-10
1.385000000e-05 8.385314186e-10
1.391208140e-05 8.144430656e-10
1.400572560e-05 7.796018119e-10
1.410000000e-05 7.462510689e-10
1.416208880e-05 7.238834451e-10
1.425573480e-05 6.915827860e-10
1.435000000e-05 6.607234689e-10
1.444965400e-05 6.280367229e-10
1.455000000e-05 5.969670654e-10
1.460989920e-05 5.782088219e-10
1.470021050e-05 5.511708491e-10
1.479108000e-05 5.253972499e-10
1.489517380e-05 4.957911115e-10
1.500000000e-05 4.678533000e-10
1.505470010e-05 4.531064112e-10
1.513712450e-05 4.318530695e-10
1.522000000e-05 4.115966493e-10
1.530973550e-05 3.895982818e-10
1.540000000e-05 3.687756702e-10
1.547481830e-05 3.516060813e-10
1.555000000e-05 3.352359024e-10
1.562482000e-05 3.190256666e-10
1.570000000e-05 3.035992977e-10
1.577482180e-05 2.883275911e-10
1.585000000e-05 2.738240990e-10
1.592482340e-05 2.594685753e-10
1.600000000e-05 2.458656768e-10
1.607482510e-05 2.324131507e-10
1.615000000e-05 2.196966942e-10
1.622482670e-05 2.071258153e-10
1.630000000e-05 1.952742484e-10
1.637482830e-05 1.835679337e-10
1.645000000e-05 1.725634037e-10
1.652482990e-05 1.617050513e-10
1.660000000e-05 1.515299590e-10
1.667483140e-05 1.415038639e-10
1.675000000e-05 1.321411639e-10
1.679992560e-05 1.259842656e-10
1.685000000e-05 1.201142512e-10
1.691609040e-05 1.124495489e-10
1.698244000e-05 1.052739567e-10
1.704111870e-05 9.901295716e-11
1.710000000e-05 9.312432968e-11
1.714992720e-05 8.820083909e-11
1.720000000e-05 8.353766143e-11
1.726039400e-05 7.800813287e-11
1.732100000e-05 7.284462387e-11
1.736045510e-05 6.954370793e-11
1.740000000e-05 6.639237967e-11
1.744992840e-05 6.249062463e-11
1.750000000e-05 5.881817594e-11
1.754992880e-05 5.525057913e-11
1.760000000e-05 5.189938102e-11
1.763489620e-05 4.960147334e-11
1.768737010e-05 4.634396908e-11
1.774000000e-05 4.330040191e-11
1.778583350e-05 4.073171155e-11
1.782603490e-05 3.860942177e-11
1.786128570e-05 3.684332851e-11
1.789218730e-05 3.536439418e-11
1.794639370e-05 3.291767614e-11
1.798715630e-05 3.119438160e-11
1.801778890e-05 2.996137794e-11
1.806383570e-05 2.820265248e-11
1.811000000e-05 2.654716684e-11
1.815345290e-05 2.515696989e-11
1.819701000e-05 2.383957661e-11
1.826000000e-05 2.216696825e-11
1.832000000e-05 2.079715562e-11
1.837000000e-05 1.982057685e-11
1.842000000e-05 1.899338781e-11
1.847000000e-05 1.831487189e-11
1.852000000e-05 1.778433157e-11
1.857000000e-05 1.740109173e-11
1.862000000e-05 1.716437392e-11
1.866000000e-05 1.707992094e-11
1.870000000e-05 1.708850685e-11
1.873000000e-05 1.715577034e-11
1.877000000e-05 1.732622918e-11
1.881000000e-05 1.758870931e-11
1.885000000e-05 1.794281444e-11
1.890000000e-05 1.851373493e-11
1.896000000e-05 1.938650679e-11
1.902000000e-05 2.046260022e-11
1.907000000e-05 2.151389639e-11
1.912000000e-05 2.270519018e-11
1.920000000e-05 2.490057622e-11
1.925492150e-05 2.663800932e-11
1.931000000e-05 2.849666793e-11
1.935217630e-05 3.006767145e-11
1.942620640e-05 3.302818698e-11
1.948191480e-05 3.543834573e-11
1.952380090e-05 3.736069700e-11
1.958679890e-05 4.044149575e-11
1.965000000e-05 4.377633417e-11
1.972485750e-05 4.793320474e-11
1.980000000e-05 5.248479252e-11
1.987616360e-05 5.730159106e-11
1.995262000e-05 6.256044398e-11
2.002617450e-05 6.778197436e-11
2.010000000e-05 7.343930479e-11
2.017486060e-05 7.931378305e-11
2.025000000e-05 8.565815861e-11
2.032486170e-05 9.209733564e-11
2.040000000e-05 9.902055441e-11
2.047486270e-05 1.060198771e-10
2.055000000e-05 1.135139403e-10
2.062486370e-05 1.210687026e-10
2.070000000e-05 1.291262508e-10
2.077486470e-05 1.372314268e-10
2.085000000e-05 1.458453463e-10
2.092486560e-05 1.544962169e-10
2.100000000e-05 1.636602068e-10
2.115000000e-05 1.825592350e-10
2.130000000e-05 2.025315986e-10
2.139976640e-05 2.162102854e-10
2.150000000e-05 2.308127964e-10
2.160275450e-05 2.458628975e-10
2.170600000e-05 2.618943207e-10
2.190000000e-05 2.929498743e-10
2.213095000e-05 3.321533830e-10
2.226506870e-05 3.556640746e-10
2.240000000e-05 3.808388907e-10
2.254950120e-05 4.088380202e-10
2.270000000e-05 4.388956089e-10
2.300000000e-05 5.008667220e-10
2.330000000e-05 5.666852379e-10
2.360000000e-05 6.363002887e-10
2.398833000e-05 7.319547661e-10
2.435000000e-05 8.265821874e-10
2.473400000e-05 9.328001459e-10
2.520000000e-05 1.069516231e-09
2.570396000e-05 1.226843792e-09
2.613100000e-05 1.367718548e-09
2.670000000e-05 1.565993886e-09
2.730000000e-05 1.787892562e-09
2.800000000e-05 2.063035789e-09
2.870000000e-05 2.355305000e-09
2.951209000e-05 2.715360338e-09
3.040000000e-05 3.134252117e-09
3.126079000e-05 3.564932827e-09
3.235937000e-05 4.148850166e-09
3.350000000e-05 4.794515617e-09
3.467369000e-05 5.499155673e-09
3.610000000e-05 6.408985095e-09
3.758374000e-05 7.414676969e-09
3.935501000e-05 8.690675086e-09
4.120975000e-05 1.011045495e-08
4.315191000e-05 1.168323152e-08
4.518559000e-05 1.341739515e-08
4.731513000e-05 1.532149475e-08
5.011872000e-05 1.795516829e-08
5.308844000e-05 2.088722010e-08
5.650000000e-05 2.441140039e-08
6.025596000e-05 2.845733317e-08
6.456542000e-05 3.328612568e-08
6.918310000e-05 3.864641740e-08
7.203285710e-05 4.199965248e-08
7.500000000e-05 4.564383750e-08
7.807835010e-05 4.940679661e-08
8.128305000e-05 5.347998066e-08
8.511380120e-05 5.833794987e-08
8.912509000e-05 6.363720299e-08
9.386420200e-05 6.992000645e-08
9.885531000e-05 7.682310107e-08
1.020351860e-04 8.122022343e-08
1.069978110e-04 8.829227121e-08
1.122018000e-04 9.598010040e-08
1.164796050e-04 1.022963777e-07
1.197946540e-04 1.073048981e-07
1.249449640e-04 1.152811966e-07
1.303167000e-04 1.238503980e-07
1.356750610e-04 1.323906790e-07
1.398379310e-04 1.391801860e-07
1.463229440e-04 1.500228481e-07
1.531087000e-04 1.617101932e-07
1.575795580e-04 1.694008593e-07
1.618894840e-04 1.769427163e-07
1.660370370e-04 1.843178717e-07
1.741022370e-04 1.989848955e-07
1.814800160e-04 2.127728454e-07
1.881915880e-04 2.256187939e-07
1.942675130e-04 2.374936278e-07
1.997446510e-04 2.483956963e-07
2.097038320e-04 2.686923160e-07
2.174977520e-04 2.849959121e-07
2.235327060e-04 2.978695873e-07
2.329005590e-04 3.182786212e-07
2.426610000e-04 3.400860100e-07
2.519126590e-04 3.608235935e-07
2.590821530e-04 3.772024850e-07
2.702207870e-04 4.031753478e-07
2.818383000e-04 4.309366126e-07
2.917427170e-04 4.542384522e-07
2.993987850e-04 4.725380391e-07
3.112612420e-04 5.013789403e-07
3.235937000e-04 5.319801161e-07
3.368992510e-04 5.645553867e-07
3.472362330e-04 5.902893193e-07
3.633394220e-04 6.311062413e-07
3.801894000e-04 6.747455384e-07
3.890451500e-04 6.973533297e-07
4.050419520e-04 7.387549004e-07
4.174697470e-04 7.714113037e-07
4.270402000e-04 7.968475010e-07
4.418088240e-04 8.365830108e-07
4.570882000e-04 8.782999608e-07
4.711129130e-04 9.161751228e-07
4.837370820e-04 9.506533202e-07
4.950604220e-04 9.818844643e-07
5.155177850e-04 1.039028036e-06
5.314136880e-04 1.084057765e-06
5.436564560e-04 1.119106179e-06
5.625514760e-04 1.173814842e-06
5.821032000e-04 1.231197994e-06
6.060381770e-04 1.300059108e-06
6.246330800e-04 1.354220854e-06
6.389527270e-04 1.396317868e-06
6.610500610e-04 1.461929718e-06
6.839116000e-04 1.530624609e-06
7.120327590e-04 1.612866569e-06
7.338798760e-04 1.677435199e-06
7.507040030e-04 1.727552426e-06
7.766661190e-04 1.805549749e-06
8.035261000e-04 1.887068579e-06
8.246126450e-04 1.949487471e-06
8.435168110e-04 2.005795349e-06
8.776478790e-04 2.108275760e-06
9.041494690e-04 2.188557765e-06
9.245495140e-04 2.250769191e-06
9.560158410e-04 2.347417740e-06
9.885531000e-04 2.448216412e-06
1.008672140e-03 2.508771291e-06
1.044870710e-03 2.618368480e-06
1.072869640e-03 2.703697147e-06
1.116281050e-03 2.836932190e-06
1.161449000e-03 2.976732864e-06
1.185086700e-03 3.047664340e-06
1.227616130e-03 3.175885625e-06
1.260511840e-03 3.275579442e-06
1.285760820e-03 3.352398218e-06
1.324585740e-03 3.471017491e-06
1.364583000e-03 3.593833831e-06
1.394360150e-03 3.682090933e-06
1.448042190e-03 3.841788037e-06
1.489655720e-03 3.966090101e-06
1.521648800e-03 4.061948935e-06
1.570931330e-03 4.210098598e-06
1.621810000e-03 4.363651744e-06
1.654817050e-03 4.459518243e-06
1.714204020e-03 4.632380310e-06
1.760138730e-03 4.766410021e-06
1.795395750e-03 4.869471134e-06
1.849609850e-03 5.028256049e-06
1.905461000e-03 5.192218648e-06
1.944240810e-03 5.301446021e-06
2.014014240e-03 5.498152030e-06
2.067982680e-03 5.650456559e-06
2.109405950e-03 5.767447319e-06
2.173101800e-03 5.947490883e-06
2.238721000e-03 6.133154818e-06
2.284283370e-03 6.256519367e-06
2.366260130e-03 6.478408235e-06
2.429667620e-03 6.649973988e-06
2.478335800e-03 6.781623441e-06
2.553172020e-03 6.984000468e-06
2.630268000e-03 7.192416842e-06
2.687664140e-03 7.340359656e-06
2.738912240e-03 7.472303708e-06
2.830958980e-03 7.708938404e-06
2.902018460e-03 7.891319332e-06
2.956481160e-03 8.030931072e-06
3.040097650e-03 8.244993600e-06
3.126079000e-03 8.464761843e-06
3.189700870e-03 8.619422780e-06
3.246431270e-03 8.757067342e-06
3.348148100e-03 9.003255527e-06
3.426521780e-03 9.192428152e-06
3.547535490e-03 9.483665817e-06
3.672823000e-03 9.784130510e-06
3.752969170e-03 9.966152595e-06
3.824530410e-03 1.012819747e-05
3.953061600e-03 1.041814185e-05
4.052286840e-03 1.064103439e-05
4.128336860e-03 1.081132763e-05
4.245096310e-03 1.107189102e-05
4.365158000e-03 1.133873430e-05
4.453997560e-03 1.152480021e-05
4.533214090e-03 1.169011080e-05
4.675248250e-03 1.198513059e-05
4.784686770e-03 1.221127122e-05
4.868443540e-03 1.238367240e-05
4.996835770e-03 1.264684868e-05
5.128614000e-03 1.291561800e-05
5.263201640e-03 1.317278045e-05
5.383859960e-03 1.340199444e-05
5.491702880e-03 1.360582606e-05
5.587835980e-03 1.378672013e-05
5.760135910e-03 1.410909123e-05
5.892838520e-03 1.435580665e-05
5.994367960e-03 1.454367031e-05
6.149951410e-03 1.483008540e-05
6.309573000e-03 1.512214090e-05
6.419481870e-03 1.530838028e-05
6.616449300e-03 1.563983533e-05
6.768130880e-03 1.589312786e-05
6.884169700e-03 1.608578564e-05
7.061968830e-03 1.637916011e-05
7.244360000e-03 1.667788506e-05
7.381166780e-03 1.688398956e-05
7.502990370e-03 1.706641932e-05
7.721039730e-03 1.739042727e-05
7.888725330e-03 1.763746355e-05
8.016875170e-03 1.782504107e-05
8.213013760e-03 1.811015442e-05
8.413951000e-03 1.839982814e-05
8.572845170e-03 1.860976787e-05
8.714337130e-03 1.879542934e-05
8.967590450e-03 1.912480473e-05
9.162348830e-03 1.937561876e-05
9.311188420e-03 1.956588553e-05
9.538993500e-03 1.985479462e-05
9.772372000e-03 2.014796981e-05
9.971259330e-03 2.037788605e-05
1.014860340e-02 2.058121389e-05
1.046657890e-02 2.094193187e-05
6.000000000e-06 1.042570730e-02 299 10
6.000000000e-06 9.912970102e-10
6.128630610e-06 1.010226637e-09
6.326765520e-06 1.039300999e-09
6.531306000e-06 1.069212122e-09
6.664230750e-06 1.087080768e-09
6.868707430e-06 1.114445210e-09
7.079458000e-06 1.142498479e-09
7.265240630e-06 1.164796493e-09
7.407770140e-06 1.181805134e-09
7.626824260e-06 1.207784905e-09
7.852356000e-06 1.234335798e-09
8.035261080e-06 1.253396869e-09
8.175230390e-06 1.267885585e-09
8.389769180e-06 1.289933301e-09
8.609938000e-06 1.312364409e-09
8.810489160e-06 1.329915354e-09
8.963962250e-06 1.343232425e-09
9.199199030e-06 1.363458480e-09
9.440609000e-06 1.383989097e-09
9.632743790e-06 1.397772970e-09
9.779406710e-06 1.408200886e-09
1.000359860e-05 1.423988814e-09
1.023293000e-05 1.439953750e-09
1.044119060e-05 1.451745200e-09
1.060016290e-05 1.460652113e-09
1.084317100e-05 1.474115018e-09
1.109175000e-05 1.487702029e-09
1.131748740e-05 1.497301622e-09
1.148980020e-05 1.504541903e-09
1.175320100e-05 1.515468076e-09
1.202264000e-05 1.526473556e-09
1.223206900e-05 1.532483447e-09
1.255307250e-05 1.541542672e-09
1.288250000e-05 1.550655474e-09
1.314468210e-05 1.554873960e-09
1.334481450e-05 1.558045375e-09
1.365074060e-05 1.562814577e-09
1.396368000e-05 1.567598418e-09
1.421584670e-05 1.568760891e-09
1.440795580e-05 1.569633345e-09
1.470099790e-05 1.570942905e-09
1.500000000e-05 1.572253538e-09
1.526774560e-05 1.570867742e-09
1.547168650e-05 1.569829201e-09
1.578271700e-05 1.568272699e-09
1.610000000e-05 1.566717712e-09
1.641040950e-05 1.562361611e-09
1.664713790e-05 1.559102507e-09
1.700864870e-05 1.554226583e-09
1.737801000e-05 1.549365907e-09
1.773168590e-05 1.541847663e-09
1.800165850e-05 1.536232925e-09
1.841434390e-05 1.527849121e-09
1.883649000e-05 1.519511092e-09
1.921984980e-05 1.509125976e-09
1.951248110e-05 1.501383731e-09
1.995980320e-05 1.489844801e-09
2.041738000e-05 1.478394549e-09
2.083291420e-05 1.465576662e-09
2.115010530e-05 1.456036218e-09
2.163497000e-05 1.441841902e-09
2.213095000e-05 1.427785947e-09
2.258410350e-05 1.412981400e-09
2.293004740e-05 1.401978808e-09
2.319297860e-05 1.393783139e-09
2.359303900e-05 1.381579354e-09
2.400000000e-05 1.369482440e-09
2.431139260e-05 1.359010318e-09
2.458717360e-05 1.349912923e-09
2.507733920e-05 1.334138775e-09
2.545136560e-05 1.322429246e-09
2.573554180e-05 1.313714593e-09
2.616776640e-05 1.300750184e-09
2.660725000e-05 1.287913710e-09
2.703180200e-05 1.274403593e-09
2.740883840e-05 1.262698556e-09
2.774305660e-05 1.252544864e-09
2.833777460e-05 1.234971973e-09
2.879216470e-05 1.221954298e-09
2.913773230e-05 1.212281161e-09
2.966387590e-05 1.197914857e-09
3.019952000e-05 1.183718800e-09
3.081413910e-05 1.167558185e-09
3.136218310e-05 1.153598726e-09
3.184971150e-05 1.141521184e-09
3.228251180e-05 1.131057109e-09
3.266603370e-05 1.121979752e-09
3.334819320e-05 1.106269334e-09
3.386914520e-05 1.094631054e-09
3.426519290e-05 1.085982763e-09
3.486796470e-05 1.073138271e-09
3.548134000e-05 1.060445705e-09
3.620345480e-05 1.047602468e-09
3.675466920e-05 1.038072220e-09
3.717358060e-05 1.030981476e-09
3.781091680e-05 1.020436062e-09
3.845918000e-05 1.009998520e-09
3.901665400e-05 1.002753954e-09
3.986805270e-05 9.919844183e-10
4.073803000e-05 9.813305427e-10
4.129211540e-05 9.764179353e-10
4.213740580e-05 9.690951051e-10
4.300000000e-05 9.618271867e-10
4.398863490e-05 9.570553972e-10
4.500000000e-05 9.523072800e-10
4.587818600e-05 9.510993499e-10
4.677351000e-05 9.498929577e-10
4.762893280e-05 9.515234117e-10
4.850000000e-05 9.531566644e-10
4.930271720e-05 9.572807915e-10
5.011872000e-05 9.614227632e-10
5.099175620e-05 9.687634235e-10
5.188000000e-05 9.761601275e-10
5.278371890e-05 9.868800207e-10
5.370318000e-05 9.977176391e-10
5.463865730e-05 1.012218595e-09
5.559043000e-05 1.026930310e-09
5.754399000e-05 1.064687973e-09
5.956621000e-05 1.111743813e-09
6.165950000e-05 1.168883815e-09
6.400000000e-05 1.243050672e-09
6.650000000e-05 1.334316307e-09
6.918310000e-05 1.445648790e-09
7.244360000e-05 1.599192063e-09
7.650000000e-05 1.817260383e-09
8.128305000e-05 2.110575111e-09
8.684604040e-05 2.501712410e-09
9.591246830e-05 3.228436411e-09
1.059254000e-04 4.166266900e-09
1.174898000e-04 5.400766750e-09
1.237371530e-04 6.127076256e-09
1.303167000e-04 6.951061817e-09
1.372461190e-04 7.856298181e-09
1.445440000e-04 8.879423311e-09
1.525028840e-04 1.004454436e-08
1.609000000e-04 1.136254776e-08
1.691523260e-04 1.270254568e-08
1.778279000e-04 1.420057073e-08
1.872837000e-04 1.588086563e-08
1.972423000e-04 1.775998258e-08
2.089296410e-04 2.005012912e-08
2.213095000e-04 2.263558962e-08
2.317394760e-04 2.486189869e-08
2.426610000e-04 2.730717485e-08
2.540972630e-04 2.989196102e-08
2.660725000e-04 3.272141239e-08
2.786121140e-04 3.568488720e-08
2.917427000e-04 3.891675404e-08
3.002617210e-04 4.098124240e-08
3.090295000e-04 4.315524879e-08
3.235936560e-04 4.669720451e-08
3.388442000e-04 5.052986443e-08
3.548133990e-04 5.447790212e-08
3.715352000e-04 5.873441048e-08
3.890451410e-04 6.310643443e-08
4.073803000e-04 6.780389943e-08
4.180709660e-04 7.046307254e-08
4.346352870e-04 7.464864551e-08
4.518559000e-04 7.908284557e-08
4.650503410e-04 8.237254474e-08
4.855679130e-04 8.756544754e-08
5.069907000e-04 9.308571969e-08
5.202954050e-04 9.642439287e-08
5.409099690e-04 1.016582641e-07
5.623413000e-04 1.071762277e-07
5.754399180e-04 1.104054004e-07
5.956621330e-04 1.154324975e-07
6.165950000e-04 1.206884936e-07
6.309573500e-04 1.241095869e-07
6.531305680e-04 1.294239117e-07
6.760830000e-04 1.349657938e-07
6.918309810e-04 1.385484372e-07
7.161433960e-04 1.441015015e-07
7.413102000e-04 1.498771346e-07
7.607640390e-04 1.540728074e-07
7.756887190e-04 1.572964632e-07
7.986265150e-04 1.622588519e-07
8.222426000e-04 1.673777938e-07
8.462525250e-04 1.722727794e-07
8.647189570e-04 1.760377362e-07
8.931769030e-04 1.818400105e-07
9.225714000e-04 1.878335298e-07
9.467819980e-04 1.924749244e-07
9.653559880e-04 1.960310809e-07
9.939024230e-04 2.014888883e-07
1.023293000e-03 2.070986485e-07
1.050146820e-03 2.118181599e-07
1.070748660e-03 2.154282487e-07
1.102411680e-03 2.209590604e-07
1.135011000e-03 2.266318700e-07
1.164796400e-03 2.313880292e-07
1.187647290e-03 2.350205380e-07
1.222766890e-03 2.405765015e-07
1.258925000e-03 2.462638124e-07
1.291962380e-03 2.510079455e-07
1.317308140e-03 2.546259265e-07
1.356262120e-03 2.601509087e-07
1.396368000e-03 2.657957766e-07
1.437142770e-03 2.709840155e-07
1.468503320e-03 2.749415440e-07
1.492472010e-03 2.779475713e-07
1.529160570e-03 2.825183568e-07
1.566751000e-03 2.871642996e-07
1.612501070e-03 2.922193501e-07
1.647688210e-03 2.960689486e-07
1.674581550e-03 2.989893936e-07
1.715746810e-03 3.034241601e-07
1.757924000e-03 3.079247039e-07
1.809256280e-03 3.127655166e-07
1.848736780e-03 3.164459973e-07
1.878911510e-03 3.192347546e-07
1.925099560e-03 3.234640423e-07
1.972423000e-03 3.277493553e-07
2.030018800e-03 3.323077130e-07
2.074316680e-03 3.357680339e-07
2.108173310e-03 3.383869046e-07
2.159997180e-03 3.423535542e-07
2.213095000e-03 3.463667055e-07
2.254888420e-03 3.490837359e-07
2.292104590e-03 3.514786150e-07
2.358716980e-03 3.557092547e-07
2.409943640e-03 3.589156203e-07
2.449092420e-03 3.613393446e-07
2.509011240e-03 3.650056584e-07
2.570396000e-03 3.687091694e-07
2.645452980e-03 3.727251808e-07
2.703180560e-03 3.757658737e-07
2.747301430e-03 3.780626610e-07
2.814836630e-03 3.815341861e-07
2.884032000e-03 3.850375905e-07
2.951209690e-03 3.877823384e-07
3.002617870e-03 3.898537350e-07
3.081414030e-03 3.929815880e-07
3.162278000e-03 3.961345392e-07
3.208115860e-03 3.975348223e-07
3.289936660e-03 3.999972381e-07
3.352668830e-03 4.018540551e-07
3.400501710e-03 4.032523204e-07
3.473533610e-03 4.053588472e-07
3.548134000e-03 4.074763790e-07
3.604748820e-03 4.086672398e-07
3.655027330e-03 4.097120971e-07
3.744708040e-03 4.115470289e-07
3.813409670e-03 4.129286172e-07
3.918832620e-03 4.150097051e-07
4.027170000e-03 4.171012778e-07
4.091428540e-03 4.179660363e-07
4.148495280e-03 4.187241662e-07
4.250284030e-03 4.200542084e-07
4.328261270e-03 4.210545132e-07
4.387681600e-03 4.218063040e-07
4.478345110e-03 4.229365091e-07
4.570882000e-03 4.240697392e-07
4.643816020e-03 4.245687970e-07
4.708587290e-03 4.250059533e-07
4.824118440e-03 4.257720631e-07
4.912623310e-03 4.263475531e-07
4.980065910e-03 4.267796780e-07
5.082969800e-03 4.274286899e-07
5.188000000e-03 4.280786873e-07
5.270781060e-03 4.282056738e-07
5.344297290e-03 4.283168145e-07
5.475426650e-03 4.285113845e-07
5.575880830e-03 4.286573711e-07
5.652429070e-03 4.287668920e-07
5.769226340e-03 4.289312262e-07
5.888437000e-03 4.290956234e-07
5.982394220e-03 4.288525001e-07
6.065835780e-03 4.286398783e-07
6.214668740e-03 4.282680472e-07
6.328685090e-03 4.279893840e-07
6.415567990e-03 4.277805043e-07
6.548133890e-03 4.274673801e-07
6.683439000e-03 4.271544822e-07
6.790081580e-03 4.265494591e-07
6.884788770e-03 4.260207667e-07
7.053715990e-03 4.250971354e-07
7.183125940e-03 4.244057242e-07
7.281739110e-03 4.238879055e-07
7.432203030e-03 4.231123589e-07
7.585776000e-03 4.223382326e-07
7.706816460e-03 4.213772593e-07
7.814310120e-03 4.205382004e-07
8.006044290e-03 4.190738661e-07
8.152925950e-03 4.179789631e-07
8.264852930e-03 4.171596631e-07
8.435631060e-03 4.159337231e-07
8.609938000e-03 4.147113863e-07
8.759917620e-03 4.133038307e-07
8.893291340e-03 4.120761374e-07
9.011658080e-03 4.110048986e-07
9.222603340e-03 4.091369274e-07
9.384046440e-03 4.077415222e-07
9.506980700e-03 4.066980922e-07
9.694408310e-03 4.051379522e-07
9.885531000e-03 4.035837977e-07
1.008672140e-02 4.015803910e-07
1.026611900e-02 3.998355649e-07
1.042570730e-02 3.983150588e-07
6.000000000e-06 1.039831580e-02 302 11
6.000000000e-06 1.864666505e-09
6.025596000e-06 1.871669579e-09
6.187549820e-06 1.911936804e-09
6.311865450e-06 1.942704722e-09
6.503037640e-06 1.989787466e-09
6.700000000e-06 2.038011293e-09
6.851822400e-06 2.071601811e-09
6.967942670e-06 2.097157531e-09
7.145823330e-06 2.136083433e-09
7.328245000e-06 2.175731852e-09
7.498941790e-06 2.208891214e-09
7.629568640e-06 2.234091978e-09
7.829787700e-06 2.272433209e-09
8.035261000e-06 2.311432449e-09
8.222426400e-06 2.342540930e-09
8.365655950e-06 2.366146737e-09
8.585191890e-06 2.402002215e-09
8.810489000e-06 2.438401030e-09
8.989799630e-06 2.463108912e-09
9.265631190e-06 2.500640950e-09
9.549926000e-06 2.538744880e-09
9.744285220e-06 2.560378463e-09
9.892646140e-06 2.576724549e-09
1.011943360e-05 2.601439560e-09
1.035142000e-05 2.626391593e-09
1.056209100e-05 2.644372654e-09
1.072290330e-05 2.657939246e-09
1.096872400e-05 2.678419686e-09
1.122018000e-05 2.699057924e-09
1.144853380e-05 2.712464622e-09
1.162284390e-05 2.722563313e-09
1.188929780e-05 2.737781945e-09
1.216186000e-05 2.753085585e-09
1.240937830e-05 2.761625238e-09
1.259831730e-05 2.768047349e-09
1.288713320e-05 2.777708561e-09
1.318257000e-05 2.787403421e-09
1.345086050e-05 2.790502563e-09
1.365565570e-05 2.792829246e-09
1.396870950e-05 2.796322815e-09
1.428894000e-05 2.799820815e-09
1.453784320e-05 2.797894309e-09
1.472736170e-05 2.796450240e-09
1.501628190e-05 2.794285598e-09
1.531087000e-05 2.792122629e-09
1.562247760e-05 2.784520472e-09
1.586033810e-05 2.778832426e-09
1.622393630e-05 2.770322114e-09
1.659587000e-05 2.761837919e-09
1.688495840e-05 2.751092309e-09
1.710507460e-05 2.743060534e-09
1.744064080e-05 2.731056846e-09
1.778279000e-05 2.719105686e-09
1.809255670e-05 2.704468486e-09
1.832841770e-05 2.693542311e-09
1.868798690e-05 2.677235814e-09
1.905461000e-05 2.661028004e-09
1.945327100e-05 2.639043154e-09
1.975773090e-05 2.622673789e-09
1.998919880e-05 2.610463415e-09
2.034149500e-05 2.592254407e-09
2.070000000e-05 2.574172379e-09
2.110949060e-05 2.549747296e-09
2.142191590e-05 2.531580709e-09
2.189924500e-05 2.504573226e-09
2.238721000e-05 2.477853874e-09
2.264644200e-05 2.461695027e-09
2.310734190e-05 2.433670241e-09
2.345916220e-05 2.412861212e-09
2.372653820e-05 2.397371269e-09
2.413332700e-05 2.374322664e-09
2.454709000e-05 2.351495632e-09
2.490290550e-05 2.329969539e-09
2.521847240e-05 2.311295909e-09
2.549787190e-05 2.295079275e-09
2.599429030e-05 2.266973525e-09
2.637293630e-05 2.246120298e-09
2.695127200e-05 2.215199593e-09
2.754229000e-05 2.184704545e-09
2.788126940e-05 2.166853775e-09
2.820285060e-05 2.150251153e-09
2.881584610e-05 2.119463357e-09
2.936313680e-05 2.092885859e-09
2.985053630e-05 2.069904103e-09
3.028364280e-05 2.050002149e-09
3.066776280e-05 2.032744988e-09
3.100786240e-05 2.017764179e-09
3.161213730e-05 1.991812945e-09
3.207305900e-05 1.972568792e-09
3.242315520e-05 1.958257784e-09
3.295547780e-05 1.936985725e-09
3.349654000e-05 1.915944751e-09
3.408002870e-05 1.896325982e-09
3.452430580e-05 1.881743863e-09
3.520160430e-05 1.860080655e-09
3.589219000e-05 1.838666847e-09
3.641245580e-05 1.825473856e-09
3.720702860e-05 1.805861656e-09
3.801894000e-05 1.786460164e-09
3.850481150e-05 1.777759526e-09
3.924528590e-05 1.764787957e-09
4.000000000e-05 1.751911040e-09
4.083475980e-05 1.742671803e-09
4.168694000e-05 1.733481282e-09
4.258382200e-05 1.729391627e-09
4.350000000e-05 1.725311608e-09
4.433478510e-05 1.727010959e-09
4.518559000e-05 1.728711986e-09
4.597269460e-05 1.735203769e-09
4.677351000e-05 1.741719935e-09
4.762893280e-05 1.754271370e-09
4.850000000e-05 1.766913252e-09
4.930271720e-05 1.783955362e-09
5.011872000e-05 1.801161849e-09
5.099175620e-05 1.825442673e-09
5.188000000e-05 1.850050818e-09
5.370318000e-05 1.913319807e-09
5.559043000e-05 1.992621295e-09
5.754399000e-05 2.089798392e-09
5.956621000e-05 2.206452485e-09
6.165950000e-05 2.344218245e-09
6.400000000e-05 2.518820585e-09
6.683439000e-05 2.758816341e-09
7.000000000e-05 3.062373972e-09
7.413102000e-05 3.513371994e-09
8.000000000e-05 4.255506944e-09
8.892932480e-05 5.588255846e-09
9.885531000e-05 7.338397920e-09
1.042788770e-04 8.389011349e-09
1.100000000e-04 9.590037347e-09
1.156635040e-04 1.083266391e-08
1.216186000e-04 1.223630310e-08
1.280855150e-04 1.382221223e-08
1.348963000e-04 1.561366617e-08
1.422478300e-04 1.762028652e-08
1.500000000e-04 1.988479125e-08
1.586885630e-04 2.251625021e-08
1.678804000e-04 2.549594402e-08
1.768072150e-04 2.848861821e-08
1.862087000e-04 3.183256723e-08
1.927524790e-04 3.419908283e-08
2.030018420e-04 3.808278085e-08
2.137962000e-04 4.240751659e-08
2.251645510e-04 4.705275471e-08
2.371374000e-04 5.220682343e-08
2.483133470e-04 5.706813450e-08
2.600160000e-04 6.238211313e-08
2.722701410e-04 6.794912023e-08
2.851018000e-04 7.401292950e-08
2.951209040e-04 7.869060849e-08
3.054921000e-04 8.366392004e-08
3.198894870e-04 9.038921226e-08
3.349654000e-04 9.765511394e-08
3.507518540e-04 1.051284508e-07
3.672823000e-04 1.131737048e-07
3.845917660e-04 1.214285055e-07
4.027170000e-04 1.302854043e-07
4.132853160e-04 1.352954821e-07
4.296600670e-04 1.431741414e-07
4.466836000e-04 1.515115980e-07
4.597269880e-04 1.576820922e-07
4.800096690e-04 1.674122039e-07
5.011872000e-04 1.777427333e-07
5.143396290e-04 1.839911871e-07
5.347182550e-04 1.937781351e-07
5.559043000e-04 2.040856738e-07
5.688529650e-04 2.101153206e-07
5.888436750e-04 2.194954508e-07
6.095369000e-04 2.292943334e-07
6.237348340e-04 2.356576393e-07
6.456542200e-04 2.455352347e-07
6.683439000e-04 2.558268502e-07
6.839116270e-04 2.624829000e-07
7.079457580e-04 2.727930813e-07
7.328245000e-04 2.835082410e-07
7.563973340e-04 2.930114478e-07
7.745732530e-04 3.003473219e-07
8.026593260e-04 3.116969321e-07
8.317638000e-04 3.234754232e-07
8.535913560e-04 3.317647429e-07
8.703371140e-04 3.381208386e-07
8.960737300e-04 3.478840323e-07
9.225714000e-04 3.579291378e-07
9.467819980e-04 3.664665223e-07
9.653559880e-04 3.730029321e-07
9.939024230e-04 3.830267929e-07
1.023293000e-03 3.933200286e-07
1.050146820e-03 4.019954781e-07
1.070748660e-03 4.086274231e-07
1.102411680e-03 4.187810277e-07
1.135011000e-03 4.291869340e-07
1.164796400e-03 4.378231459e-07
1.187647290e-03 4.444141604e-07
1.222766890e-03 4.544871788e-07
1.258925000e-03 4.647885177e-07
1.295686490e-03 4.742470960e-07
1.323960370e-03 4.814671364e-07
1.367532210e-03 4.925038134e-07
1.412538000e-03 5.037934822e-07
1.453784700e-03 5.130842415e-07
1.485508220e-03 5.201645804e-07
1.509754330e-03 5.255388829e-07
1.546867510e-03 5.337046230e-07
1.584893000e-03 5.419972364e-07
1.631172670e-03 5.510027784e-07
1.666767140e-03 5.578549974e-07
1.693971790e-03 5.630500254e-07
1.735613580e-03 5.709334227e-07
1.778279000e-03 5.789271821e-07
1.831291270e-03 5.876168530e-07
1.872085030e-03 5.942196020e-07
1.903275590e-03 5.992202990e-07
1.951038490e-03 6.068003644e-07
2.000000000e-03 6.144763200e-07
2.057180940e-03 6.220734439e-07
2.101136970e-03 6.278328641e-07
2.134719260e-03 6.321873953e-07
2.186101750e-03 6.387758822e-07
2.238721000e-03 6.454330297e-07
2.304092780e-03 6.524213607e-07
2.354371300e-03 6.577122179e-07
2.392798890e-03 6.617084977e-07
2.451619480e-03 6.677484964e-07
2.511886000e-03 6.738436197e-07
2.551966280e-03 6.771912687e-07
2.623651760e-03 6.830897193e-07
2.678734270e-03 6.875472458e-07
2.720803740e-03 6.909094681e-07
2.785149990e-03 6.959836558e-07
2.851018000e-03 7.010951105e-07
2.900680970e-03 7.041802677e-07
2.944845220e-03 7.068909220e-07
3.023756800e-03 7.116596912e-07
3.084325080e-03 7.152573638e-07
3.130546160e-03 7.179675510e-07
3.201179740e-03 7.220520976e-07
3.273407000e-03 7.261598850e-07
3.325638220e-03 7.284076607e-07
3.372023750e-03 7.303801745e-07
3.454760620e-03 7.338449265e-07
3.518142800e-03 7.364542763e-07
3.615403010e-03 7.403857030e-07
3.715352000e-03 7.443381176e-07
3.774635070e-03 7.459519776e-07
3.827283210e-03 7.473669756e-07
3.921190570e-03 7.498496749e-07
3.993130120e-03 7.517171190e-07
4.047949600e-03 7.531207513e-07
4.131593130e-03 7.552311137e-07
4.216965000e-03 7.573473894e-07
4.284251910e-03 7.582917824e-07
4.344008090e-03 7.591190875e-07
4.450593930e-03 7.605690485e-07
4.532246070e-03 7.616583376e-07
4.594466750e-03 7.624763261e-07
4.689403040e-03 7.637049612e-07
4.786301000e-03 7.649355725e-07
4.862672310e-03 7.651998600e-07
4.930496170e-03 7.654311844e-07
5.051472160e-03 7.658361733e-07
5.144148140e-03 7.661400519e-07
5.214769230e-03 7.663680423e-07
5.322522860e-03 7.667101589e-07
5.432503000e-03 7.670524229e-07
5.519185340e-03 7.666375131e-07
5.596166230e-03 7.662746509e-07
5.733475420e-03 7.656400562e-07
5.838663770e-03 7.651644559e-07
5.918819560e-03 7.648079501e-07
6.041121210e-03 7.642735010e-07
6.165950000e-03 7.637394265e-07
6.264335360e-03 7.626606451e-07
6.351709480e-03 7.617179612e-07
6.507556840e-03 7.600710682e-07
6.626946720e-03 7.588382356e-07
6.717924370e-03 7.579149242e-07
6.856738020e-03 7.565320594e-07
6.998420000e-03 7.551517235e-07
7.116414750e-03 7.533187076e-07
7.221290950e-03 7.517184699e-07
7.314324720e-03 7.503210495e-07
7.480027160e-03 7.478818153e-07
7.606762880e-03 7.460575958e-07
7.703221860e-03 7.446923485e-07
7.850208590e-03 7.426491634e-07
8.000000000e-03 7.406115840e-07
8.132119220e-03 7.381450857e-07
8.249512170e-03 7.359936396e-07
8.353620320e-03 7.341162649e-07
8.538980960e-03 7.308423831e-07
8.680695640e-03 7.283965522e-07
8.788522980e-03 7.265675591e-07
8.952780510e-03 7.238326670e-07
9.120108000e-03 7.211080734e-07
9.292337990e-03 7.176448542e-07
9.445705210e-03 7.146281841e-07
9.581976560e-03 7.119990024e-07
9.702825730e-03 7.097064043e-07
9.917990840e-03 7.057121060e-07
1.008249020e-02 7.027311424e-07
1.020765280e-02 7.005036943e-07
1.039831580e-02 6.971757346e-07
