1.844000000e-03 9.118468580e-03 80 0
1.844000000e-03 8.683482134e-04
1.865000000e-03 8.872358955e-04
1.890000000e-03 9.048820358e-04
1.930000000e-03 9.260080541e-04
1.950000000e-03 9.323656612e-04
1.993976100e-03 9.418401498e-04
2.036103980e-03 9.508099180e-04
2.076406860e-03 9.592966201e-04
2.114915050e-03 9.673217086e-04
2.151664820e-03 9.749061746e-04
2.186697490e-03 9.820706229e-04
2.220058470e-03 9.888351001e-04
2.283988220e-03 1.001644326e-03
2.341435100e-03 1.012988431e-03
2.392885170e-03 1.023019878e-03
2.438830530e-03 1.031878837e-03
2.479755820e-03 1.039693340e-03
2.553034500e-03 1.053511392e-03
2.609411110e-03 1.063995315e-03
2.652509060e-03 1.071926677e-03
2.718494290e-03 1.083934689e-03
2.786121000e-03 1.096077227e-03
2.851018120e-03 1.106318982e-03
2.900681070e-03 1.114063056e-03
2.976802230e-03 1.125780910e-03
3.054921000e-03 1.137622021e-03
3.130581270e-03 1.147152066e-03
3.198319580e-03 1.155556324e-03
3.258791850e-03 1.162960539e-03
3.312642280e-03 1.169478139e-03
3.360490870e-03 1.175210990e-03
3.445894940e-03 1.185311192e-03
3.511369370e-03 1.192943264e-03
3.611920990e-03 1.204483613e-03
3.715352000e-03 1.216135605e-03
3.790966680e-03 1.222907560e-03
3.858390840e-03 1.228863939e-03
3.918369960e-03 1.234099577e-03
4.025585650e-03 1.243315660e-03
4.107918290e-03 1.250272869e-03
4.170770950e-03 1.255516299e-03
4.266857650e-03 1.263422713e-03
4.365158000e-03 1.271378922e-03
4.441196300e-03 1.276523041e-03
4.508815560e-03 1.281041215e-03
4.629636000e-03 1.288986533e-03
4.722371270e-03 1.294977839e-03
4.793139730e-03 1.299489591e-03
4.901285830e-03 1.306286703e-03
5.011872000e-03 1.313119369e-03
5.128613560e-03 1.318791358e-03
5.232990920e-03 1.323774445e-03
5.326062220e-03 1.328150091e-03
5.408856480e-03 1.331990640e-03
5.556855410e-03 1.338738348e-03
5.670506150e-03 1.343821553e-03
5.757267020e-03 1.347646616e-03
5.889903660e-03 1.353404633e-03
6.025596000e-03 1.359187258e-03
6.165950190e-03 1.363563959e-03
6.291439350e-03 1.367405134e-03
6.403335630e-03 1.370775036e-03
6.502876210e-03 1.373730519e-03
6.591242710e-03 1.376321782e-03
6.748783320e-03 1.380868274e-03
6.869404970e-03 1.384287994e-03
7.054391730e-03 1.389433458e-03
7.244360000e-03 1.394598048e-03
7.413102790e-03 1.397704217e-03
7.563973880e-03 1.400427790e-03
7.698502750e-03 1.402815267e-03
7.818176780e-03 1.404907646e-03
7.924416650e-03 1.406741046e-03
8.113822040e-03 1.409955244e-03
8.258841100e-03 1.412370715e-03
8.369303830e-03 1.414185027e-03
8.537774300e-03 1.416910875e-03
8.709636000e-03 1.419641971e-03
8.925345140e-03 1.421562551e-03
9.118468580e-03 1.423245182e-03
1.540000000e-04 9.008255270e-03 154 1
1.540000000e-04 1.762072973e-06
1.664932440e-04 2.164152494e-06
1.800000000e-04 2.657980656e-06
1.862087000e-04 2.887108106e-06
1.930000000e-04 3.125715715e-06
2.018366000e-04 3.425988085e-06
2.107670680e-04 3.727060834e-06
2.177232840e-04 3.970104602e-06
2.285904380e-04 4.364707596e-06
2.400000000e-04 4.798531584e-06
2.483737190e-04 5.114095879e-06
2.570396000e-04 5.450412490e-06
2.648996250e-04 5.744378069e-06
2.730000000e-04 6.054198457e-06
2.838450390e-04 6.453472817e-06
2.951209000e-04 6.879079248e-06
3.046219390e-04 7.228747381e-06
3.194500740e-04 7.786856033e-06
3.350000000e-04 8.388054498e-06
3.507699690e-04 8.986630006e-06
3.672823000e-04 9.627920020e-06
3.758373970e-04 9.946110353e-06
3.890451250e-04 1.044322099e-05
4.027170000e-04 1.096517745e-05
4.156712390e-04 1.144147123e-05
4.256596510e-04 1.181222000e-05
4.410940990e-04 1.239099006e-05
4.570882000e-04 1.299811848e-05
4.690833370e-04 1.343860207e-05
4.876688320e-04 1.412747343e-05
5.069907000e-04 1.485165675e-05
5.202954050e-04 1.532710574e-05
5.409099690e-04 1.606896951e-05
5.623413000e-04 1.684674112e-05
5.804301830e-04 1.747715645e-05
5.943776820e-04 1.796540155e-05
6.159298500e-04 1.872346225e-05
6.382635000e-04 1.951350975e-05
6.569011260e-04 2.013966629e-05
6.712356330e-04 2.062243430e-05
6.933260190e-04 2.136837111e-05
7.161434000e-04 2.214128933e-05
7.391796360e-04 2.288014964e-05
7.569418090e-04 2.345043078e-05
7.843885450e-04 2.433261418e-05
8.128305000e-04 2.524798452e-05
8.365655750e-04 2.597158649e-05
8.548206160e-04 2.652786527e-05
8.829527930e-04 2.738470321e-05
9.120108000e-04 2.826921652e-05
9.440609480e-04 2.918537661e-05
9.688355630e-04 2.989192946e-05
9.878422620e-04 3.043304696e-05
1.017053730e-03 3.126314502e-05
1.047129000e-03 3.211588468e-05
1.080811910e-03 3.300855085e-05
1.106783240e-03 3.369429604e-05
1.126670470e-03 3.421793763e-05
1.157173330e-03 3.501869813e-05
1.188502000e-03 3.583819784e-05
1.226968410e-03 3.677927967e-05
1.256633060e-03 3.750127362e-05
1.279351270e-03 3.805205445e-05
1.314200990e-03 3.889343121e-05
1.350000000e-03 3.975341065e-05
1.373384250e-03 4.027386307e-05
1.415285560e-03 4.120110384e-05
1.447548380e-03 4.191051828e-05
1.472227220e-03 4.245058274e-05
1.510036610e-03 4.327375719e-05
1.548817000e-03 4.411289331e-05
1.575796330e-03 4.464997021e-05
1.624145900e-03 4.560563612e-05
1.661379150e-03 4.633578474e-05
1.689863180e-03 4.689105753e-05
1.733507490e-03 4.773646834e-05
1.778279000e-03 4.859712131e-05
1.809255560e-03 4.914208136e-05
1.864768570e-03 5.011050688e-05
1.907518290e-03 5.084933034e-05
1.940222510e-03 5.141058795e-05
1.990333150e-03 5.226411030e-05
2.041738000e-03 5.313180269e-05
2.077303800e-03 5.367700700e-05
2.141041190e-03 5.464461166e-05
2.190124370e-03 5.538174466e-05
2.227673780e-03 5.594111232e-05
2.285208410e-03 5.679077437e-05
2.344229000e-03 5.765334211e-05
2.385063990e-03 5.819307405e-05
2.458244270e-03 5.914979136e-05
2.514599280e-03 5.987763795e-05
2.557711750e-03 6.042939364e-05
2.623770330e-03 6.126657555e-05
2.691535000e-03 6.211535506e-05
2.738419770e-03 6.264341575e-05
2.780113410e-03 6.310914989e-05
2.854610580e-03 6.393253239e-05
2.911790590e-03 6.455711062e-05
2.999715310e-03 6.550543858e-05
3.090295000e-03 6.646769654e-05
3.148654020e-03 6.701876945e-05
3.200621520e-03 6.750470541e-05
3.293636990e-03 6.836358643e-05
3.365168300e-03 6.901491112e-05
3.419834440e-03 6.950747290e-05
3.503503220e-03 7.025291594e-05
3.589219000e-03 7.100635328e-05
3.657000050e-03 7.153056001e-05
3.717357670e-03 7.199241493e-05
3.825390430e-03 7.280784721e-05
3.908470430e-03 7.342547706e-05
3.971962390e-03 7.389213523e-05
4.069139450e-03 7.459769009e-05
4.168694000e-03 7.530998073e-05
4.253535030e-03 7.583620260e-05
4.329186150e-03 7.629966191e-05
4.396483800e-03 7.670751217e-05
4.516781730e-03 7.742650216e-05
4.609160430e-03 7.797016399e-05
4.679682240e-03 7.838041381e-05
4.787493250e-03 7.899983997e-05
4.897788000e-03 7.962416073e-05
4.997467540e-03 8.010402146e-05
5.086349890e-03 8.052627175e-05
5.165417740e-03 8.089756559e-05
5.306755530e-03 8.155145453e-05
5.415291060e-03 8.204533707e-05
5.498147000e-03 8.241771154e-05
5.624813920e-03 8.297944352e-05
5.754399000e-03 8.354500419e-05
5.871512340e-03 8.397206250e-05
5.975940070e-03 8.434752898e-05
6.068836770e-03 8.467743874e-05
6.234894320e-03 8.525788916e-05
6.362412570e-03 8.569583707e-05
6.459759880e-03 8.602577304e-05
6.608580670e-03 8.652306100e-05
6.760830000e-03 8.702322333e-05
6.904564050e-03 8.740554023e-05
7.032835820e-03 8.774144523e-05
7.147026920e-03 8.803642056e-05
7.248464050e-03 8.829533734e-05
7.429455560e-03 8.875027574e-05
7.568158850e-03 8.909301694e-05
7.673883060e-03 8.935094142e-05
7.835245020e-03 8.973922855e-05
8.000000000e-03 9.012920320e-05
8.179066510e-03 9.045408466e-05
8.339034560e-03 9.073931710e-05
8.481571020e-03 9.098963263e-05
8.608287570e-03 9.120922573e-05
8.834613950e-03 9.159478857e-05
9.008255270e-03 9.188503000e-05
1.040000000e-04 9.065520780e-03 270 2
1.040000000e-04 1.556870606e-07
1.041428550e-04 1.641175405e-07
1.042814330e-04 1.727196630e-07
1.044158560e-04 1.814826951e-07
1.046767920e-04 1.997462294e-07
1.049220130e-04 2.185341256e-07
1.051524290e-04 2.377496527e-07
1.053689030e-04 2.572959626e-07
1.055722530e-04 2.770776498e-07
1.057632490e-04 2.970020681e-07
1.059426220e-04 3.169805280e-07
1.061110610e-04 3.369291853e-07
1.062692150e-04 3.567697640e-07
1.064176990e-04 3.764301218e-07
1.065570910e-04 3.958445533e-07
1.068189420e-04 4.349858053e-07
1.070485900e-04 4.723965335e-07
1.072499370e-04 5.077610313e-07
1.074264260e-04 5.408700662e-07
1.075810920e-04 5.716067208e-07
1.078522920e-04 6.296581507e-07
1.080561410e-04 6.770339741e-07
1.082092810e-04 7.148907739e-07
1.084393960e-04 7.756813874e-07
1.086700000e-04 8.416410358e-07
1.088598350e-04 9.000111340e-07
1.090500000e-04 9.624290018e-07
1.093500000e-04 1.062183491e-06
1.096500000e-04 1.162705890e-06
1.099500000e-04 1.263537337e-06
1.102500000e-04 1.363681324e-06
1.105500000e-04 1.462662960e-06
1.108500000e-04 1.558644209e-06
1.112000000e-04 1.666819764e-06
1.115000000e-04 1.755617076e-06
1.118000000e-04 1.840395597e-06
1.122018000e-04 1.947321894e-06
1.125400000e-04 2.030692462e-06
1.129000000e-04 2.112842117e-06
1.133000000e-04 2.196173652e-06
1.138500000e-04 2.298260618e-06
1.144000000e-04 2.387275807e-06
1.149500000e-04 2.464554342e-06
1.155000000e-04 2.532302951e-06
1.163000000e-04 2.616590988e-06
1.173000000e-04 2.704682073e-06
1.185000000e-04 2.793700723e-06
1.318257000e-04 3.766351314e-06
1.380384000e-04 4.249392767e-06
1.440000000e-04 4.703704142e-06
1.490000000e-04 5.078032510e-06
1.531087000e-04 5.362647774e-06
1.580000000e-04 5.669159638e-06
1.640590000e-04 6.008451569e-06
1.679679330e-04 6.203084283e-06
1.719700000e-04 6.404021611e-06
1.779206460e-04 6.675152337e-06
1.840772000e-04 6.957762073e-06
1.909117230e-04 7.245157557e-06
1.980000000e-04 7.544424033e-06
2.033913990e-04 7.752725485e-06
2.089296000e-04 7.966777989e-06
2.150304760e-04 8.175560490e-06
2.213095000e-04 8.389814403e-06
2.280520400e-04 8.586964248e-06
2.350000000e-04 8.788746729e-06
2.403260830e-04 8.922702778e-06
2.443997130e-04 9.024507963e-06
2.506399900e-04 9.179397739e-06
2.570396000e-04 9.336945969e-06
2.649107170e-04 9.511641355e-06
2.709718320e-04 9.644804646e-06
2.756085020e-04 9.745899013e-06
2.827126910e-04 9.899530926e-06
2.900000000e-04 1.005558470e-05
2.972254510e-04 1.019014059e-05
3.027624360e-04 1.029223768e-05
3.112619150e-04 1.044730461e-05
3.200000000e-04 1.060470784e-05
3.274254950e-04 1.071753947e-05
3.331074750e-04 1.080295030e-05
3.418158570e-04 1.093234454e-05
3.507519000e-04 1.106328856e-05
3.568617700e-04 1.113948624e-05
3.622951480e-04 1.120658949e-05
3.720033750e-04 1.132499442e-05
3.794548880e-04 1.141461834e-05
3.851413120e-04 1.148230148e-05
3.938311240e-04 1.158457933e-05
4.027170000e-04 1.168776825e-05
4.134070220e-04 1.179198690e-05
4.216103510e-04 1.187076039e-05
4.278694960e-04 1.193018558e-05
4.374328720e-04 1.201988160e-05
4.472100000e-04 1.211025207e-05
4.536256100e-04 1.215589262e-05
4.650751850e-04 1.223617768e-05
4.738516190e-04 1.229673935e-05
4.805424630e-04 1.234235720e-05
4.907562860e-04 1.241110147e-05
5.011872000e-04 1.248022867e-05
5.091842620e-04 1.252151242e-05
5.162862970e-04 1.255774776e-05
5.289540460e-04 1.262141208e-05
5.386584190e-04 1.266937201e-05
5.535498210e-04 1.274165388e-05
5.688529000e-04 1.281434813e-05
5.770985470e-04 1.284100228e-05
5.918170720e-04 1.288778061e-05
6.031017930e-04 1.292297612e-05
6.117063200e-04 1.294943582e-05
6.248438340e-04 1.298922696e-05
6.382635000e-04 1.302914040e-05
6.493816410e-04 1.304819398e-05
6.592687700e-04 1.306488870e-05
6.769348500e-04 1.309415590e-05
6.904943840e-04 1.311614937e-05
7.008419810e-04 1.313266870e-05
7.166548510e-04 1.315748667e-05
7.328245000e-04 1.318235154e-05
7.434469430e-04 1.318808576e-05
7.624080600e-04 1.319812670e-05
7.769455850e-04 1.320566241e-05
7.880303530e-04 1.321131695e-05
8.049547360e-04 1.321980338e-05
8.222426000e-04 1.322829530e-05
8.372216070e-04 1.322251712e-05
8.505519130e-04 1.321746335e-05
8.623899240e-04 1.321304279e-05
8.835042780e-04 1.320531045e-05
8.996786080e-04 1.319951421e-05
9.120033790e-04 1.319516868e-05
9.308078270e-04 1.318865303e-05
9.500000000e-04 1.318214063e-05
9.657910130e-04 1.316469520e-05
9.798233170e-04 1.314944934e-05
9.922687290e-04 1.313612371e-05
1.014429780e-03 1.311283623e-05
1.031374770e-03 1.309539773e-05
1.057324440e-03 1.306928367e-05
1.083927000e-03 1.304322166e-05
1.102808360e-03 1.301336765e-05
1.119599160e-03 1.298730153e-05
1.134500690e-03 1.296453654e-05
1.161057180e-03 1.292479358e-05
1.181381710e-03 1.289506647e-05
1.196858250e-03 1.287281591e-05
1.220454040e-03 1.283951232e-05
1.244515000e-03 1.280629476e-05
1.268017160e-03 1.276063330e-05
1.288945340e-03 1.272081301e-05
1.307540650e-03 1.268607220e-05
1.324031480e-03 1.265575185e-05
1.353392460e-03 1.260286552e-05
1.375839690e-03 1.256334584e-05
1.392919110e-03 1.253378760e-05
1.418936580e-03 1.248958036e-05
1.445440000e-03 1.244552896e-05
1.470618640e-03 1.239247341e-05
1.493009470e-03 1.234623522e-05
1.512880930e-03 1.230591853e-05
1.548294490e-03 1.223568060e-05
1.575397620e-03 1.218326554e-05
1.596035870e-03 1.214410167e-05
1.627501270e-03 1.208559153e-05
1.659587000e-03 1.202736355e-05
1.686067750e-03 1.197073495e-05
1.709584780e-03 1.192140359e-05
1.730431100e-03 1.187840546e-05
1.767525670e-03 1.180353158e-05
1.795867520e-03 1.174768627e-05
1.817421740e-03 1.170597558e-05
1.850239080e-03 1.164368711e-05
1.883649000e-03 1.158173010e-05
1.916461040e-03 1.151263635e-05
1.945640110e-03 1.145251765e-05
1.971535990e-03 1.140017122e-05
2.017685900e-03 1.130914037e-05
2.053005880e-03 1.124134432e-05
2.079901040e-03 1.119076438e-05
2.120905820e-03 1.111532050e-05
2.162719000e-03 1.104038546e-05
2.203560990e-03 1.095884266e-05
2.239929940e-03 1.088798701e-05
2.272244820e-03 1.082636409e-05
2.300902540e-03 1.077273022e-05
2.351925990e-03 1.067950967e-05
2.390934730e-03 1.061012389e-05
2.420615300e-03 1.055838069e-05
2.465828400e-03 1.048123847e-05
2.511886000e-03 1.040465996e-05
2.559322040e-03 1.031788713e-05
2.601562840e-03 1.024255468e-05
2.639095040e-03 1.017709002e-05
2.672379630e-03 1.012015186e-05
2.731640960e-03 1.002127560e-05
2.776947780e-03 9.947752852e-06
2.811420360e-03 9.892964990e-06
2.863933250e-03 9.811348385e-06
2.917427000e-03 9.730405246e-06
2.972521510e-03 9.640970008e-06
3.021582030e-03 9.563388843e-06
3.065173760e-03 9.496017585e-06
3.103832090e-03 9.437457102e-06
3.172661070e-03 9.335844024e-06
3.225282610e-03 9.260352875e-06
3.265320740e-03 9.204135370e-06
3.326311760e-03 9.120448273e-06
3.388442000e-03 9.037522228e-06
3.457403400e-03 8.939769265e-06
3.518894950e-03 8.855103083e-06
3.573596550e-03 8.781678293e-06
3.622157540e-03 8.717931139e-06
3.665189410e-03 8.662532098e-06
3.741728970e-03 8.566429578e-06
3.800180750e-03 8.495052946e-06
3.844618040e-03 8.441911085e-06
3.912250150e-03 8.362820910e-06
3.981072000e-03 8.284471771e-06
4.062094520e-03 8.187038402e-06
4.134340740e-03 8.102724553e-06
4.198609460e-03 8.029662622e-06
4.255663600e-03 7.966273971e-06
4.306221610e-03 7.911219603e-06
4.396147680e-03 7.815788354e-06
4.464822480e-03 7.744971130e-06
4.517031700e-03 7.692279623e-06
4.596492440e-03 7.613913723e-06
4.677351000e-03 7.536346234e-06
4.779417520e-03 7.434030523e-06
4.870551110e-03 7.345644425e-06
4.951717350e-03 7.269169024e-06
5.023846610e-03 7.202906457e-06
5.087821070e-03 7.145422401e-06
5.144466640e-03 7.095500264e-06
5.245118150e-03 7.008974382e-06
5.321897010e-03 6.944773131e-06
5.439177730e-03 6.849572183e-06
5.559043000e-03 6.755676290e-06
5.672180390e-03 6.663888129e-06
5.773062830e-03 6.584597059e-06
5.862805720e-03 6.515991685e-06
5.942474410e-03 6.456548641e-06
6.013072070e-03 6.404980925e-06
6.138642130e-03 6.315726604e-06
6.234537550e-03 6.249602984e-06
6.307440930e-03 6.200465010e-06
6.418397530e-03 6.127481493e-06
6.531306000e-03 6.055357065e-06
6.602182570e-03 6.008236688e-06
6.737155750e-03 5.920872043e-06
6.857518910e-03 5.845470718e-06
6.964599320e-03 5.780282621e-06
7.059665420e-03 5.723839705e-06
7.143912120e-03 5.674904460e-06
7.293770190e-03 5.590272267e-06
7.408223130e-03 5.527627424e-06
7.495239920e-03 5.481104966e-06
7.627685270e-03 5.412054329e-06
7.762471000e-03 5.343873646e-06
7.846707990e-03 5.299668773e-06
8.007123990e-03 5.217767821e-06
8.150175920e-03 5.147143386e-06
8.277441290e-03 5.086131642e-06
8.390427600e-03 5.033339904e-06
8.490555040e-03 4.987596838e-06
8.668661770e-03 4.908544485e-06
8.804689410e-03 4.850078567e-06
8.908109110e-03 4.806686601e-06
9.065520780e-03 4.742325465e-06
1.040000000e-04 9.079716280e-03 266 3
1.040000000e-04 4.214083729e-07
1.042443960e-04 4.593162004e-07
1.044740390e-04 4.979460942e-07
1.046897880e-04 5.371072038e-07
1.048924580e-04 5.766133821e-07
1.050828170e-04 6.162855249e-07
1.052615930e-04 6.559536429e-07
1.054294710e-04 6.954583422e-07
1.055871000e-04 7.346520982e-07
1.057350920e-04 7.734000080e-07
1.060131340e-04 8.516449927e-07
1.062570200e-04 9.265763544e-07
1.064708810e-04 9.975300977e-07
1.066583620e-04 1.064057749e-06
1.068226790e-04 1.125899158e-06
1.071108420e-04 1.242894774e-06
1.073274740e-04 1.338552798e-06
1.074902360e-04 1.415097535e-06
1.077348400e-04 1.538198953e-06
1.079800000e-04 1.672008609e-06
1.080900000e-04 1.735664997e-06
1.082412450e-04 1.830732689e-06
1.083927000e-04 1.931006814e-06
1.086000000e-04 2.066947752e-06
1.088500000e-04 2.233118704e-06
1.091000000e-04 2.400388234e-06
1.093500000e-04 2.566986367e-06
1.096500000e-04 2.764986984e-06
1.100000000e-04 2.991896336e-06
1.103000000e-04 3.180537622e-06
1.106000000e-04 3.362338278e-06
1.109500000e-04 3.564586148e-06
1.113000000e-04 3.755251459e-06
1.117000000e-04 3.958331043e-06
1.121200000e-04 4.153917284e-06
1.126000000e-04 4.355551412e-06
1.130000000e-04 4.506692546e-06
1.135500000e-04 4.691180205e-06
1.141000000e-04 4.851716913e-06
1.148154000e-04 5.030218321e-06
1.156000000e-04 5.194682914e-06
1.164000000e-04 5.337060536e-06
1.183000000e-04 5.628448509e-06
1.244515000e-04 6.509327115e-06
1.333521000e-04 7.843559900e-06
1.380384000e-04 8.538426281e-06
1.465000000e-04 9.814668983e-06
1.500000000e-04 1.031687550e-05
1.540000000e-04 1.084642058e-05
1.584893000e-04 1.138707914e-05
1.640590000e-04 1.199320404e-05
1.679825830e-04 1.237663777e-05
1.720000000e-04 1.277233014e-05
1.779361640e-04 1.330383638e-05
1.840772000e-04 1.385746067e-05
1.909117230e-04 1.442521149e-05
1.980000000e-04 1.501622313e-05
2.033913990e-04 1.542389213e-05
2.089296000e-04 1.584262851e-05
2.153656690e-04 1.627049277e-05
2.220000000e-04 1.670991250e-05
2.294439000e-04 1.713154556e-05
2.371374000e-04 1.756381732e-05
2.426610430e-04 1.783234493e-05
2.468880470e-04 1.803643134e-05
2.533670120e-04 1.834694876e-05
2.600160000e-04 1.866281208e-05
2.641648690e-04 1.884060366e-05
2.715853180e-04 1.915582426e-05
2.772871280e-04 1.939569602e-05
2.860650750e-04 1.976114717e-05
2.951209000e-04 2.013348398e-05
3.011531920e-04 2.034945454e-05
3.104336030e-04 2.067776191e-05
3.200000000e-04 2.101136589e-05
3.283692550e-04 2.125572261e-05
3.347895320e-04 2.144085341e-05
3.446560790e-04 2.172157723e-05
3.548134000e-04 2.200597637e-05
3.609940260e-04 2.215412262e-05
3.664903280e-04 2.228456872e-05
3.763109840e-04 2.251470001e-05
3.838487920e-04 2.268885679e-05
3.896010690e-04 2.282035773e-05
3.983915170e-04 2.301903980e-05
4.073803000e-04 2.321945159e-05
4.180709660e-04 2.341424707e-05
4.262726770e-04 2.356141544e-05
4.325293790e-04 2.367239824e-05
4.420870420e-04 2.383985374e-05
4.518559000e-04 2.400849356e-05
4.584056510e-04 2.409622550e-05
4.700969900e-04 2.425052851e-05
4.790607630e-04 2.436690388e-05
4.858955820e-04 2.445455168e-05
4.963310810e-04 2.458661508e-05
5.069907000e-04 2.471939149e-05
5.155888230e-04 2.480055235e-05
5.232317110e-04 2.487178665e-05
5.368803900e-04 2.499693932e-05
5.473500410e-04 2.509121697e-05
5.553360480e-04 2.516215840e-05
5.675340590e-04 2.526894686e-05
5.800000000e-04 2.537618868e-05
5.883200710e-04 2.542198549e-05
6.031684100e-04 2.550232883e-05
6.145500820e-04 2.556275284e-05
6.232270580e-04 2.560816483e-05
6.364727710e-04 2.567643412e-05
6.500000000e-04 2.574488540e-05
6.607682770e-04 2.577604396e-05
6.703367570e-04 2.580333862e-05
6.874162110e-04 2.585117381e-05
7.005107780e-04 2.588710843e-05
7.104951390e-04 2.591409222e-05
7.257391360e-04 2.595462049e-05
7.413102000e-04 2.599521227e-05
7.531387210e-04 2.600176369e-05
7.636434000e-04 2.600749768e-05
7.823803730e-04 2.601753503e-05
7.967341920e-04 2.602506557e-05
8.076721100e-04 2.603071486e-05
8.243611810e-04 2.603919119e-05
8.413951000e-04 2.604767027e-05
8.572845170e-04 2.602809475e-05
8.714337130e-04 2.601097838e-05
8.840056930e-04 2.599601064e-05
9.064446590e-04 2.596983786e-05
9.236468830e-04 2.595022571e-05
9.367624520e-04 2.593552621e-05
9.567858260e-04 2.591349263e-05
9.772372000e-04 2.589147772e-05
9.956919650e-04 2.584219797e-05
1.012125550e-03 2.579915481e-05
1.026727290e-03 2.576155180e-05
1.052789020e-03 2.569587661e-05
1.072768550e-03 2.564673091e-05
1.088001630e-03 2.560993320e-05
1.111257770e-03 2.555483530e-05
1.135011000e-03 2.549985596e-05
1.154782180e-03 2.543016768e-05
1.172364280e-03 2.536934682e-05
1.187968070e-03 2.531624784e-05
1.215776090e-03 2.522359215e-05
1.237058450e-03 2.515432285e-05
1.253264350e-03 2.510249558e-05
1.277972130e-03 2.502495522e-05
1.303167000e-03 2.494765398e-05
1.327776750e-03 2.484722445e-05
1.349691210e-03 2.475967984e-05
1.369162860e-03 2.468333134e-05
1.386430860e-03 2.461672006e-05
1.417175540e-03 2.450058225e-05
1.440680640e-03 2.441383840e-05
1.458564950e-03 2.434898193e-05
1.485808550e-03 2.425202074e-05
1.513561000e-03 2.415544547e-05
1.542144080e-03 2.403145741e-05
1.567596720e-03 2.392349014e-05
1.590212150e-03 2.382941683e-05
1.610268130e-03 2.374740608e-05
1.645976670e-03 2.360456626e-05
1.673276770e-03 2.349800027e-05
1.694048590e-03 2.341839176e-05
1.725690790e-03 2.329948439e-05
1.757924000e-03 2.318118055e-05
1.788545840e-03 2.304940338e-05
1.815777200e-03 2.293471314e-05
1.839944530e-03 2.283482721e-05
1.883013920e-03 2.266107290e-05
1.915976290e-03 2.253162532e-05
1.941076180e-03 2.243502512e-05
1.979343880e-03 2.229090082e-05
2.018366000e-03 2.214770226e-05
2.053524750e-03 2.200303605e-05
2.084790690e-03 2.187722855e-05
2.112538640e-03 2.176773712e-05
2.161989170e-03 2.157744420e-05
2.199835230e-03 2.143581696e-05
2.228653920e-03 2.133020709e-05
2.272591350e-03 2.117276667e-05
2.317395000e-03 2.101648868e-05
2.361158070e-03 2.084840674e-05
2.400128180e-03 2.070243841e-05
2.434754270e-03 2.057555441e-05
2.465461640e-03 2.046516927e-05
2.520134370e-03 2.027341819e-05
2.561933080e-03 2.013078470e-05
2.593736450e-03 2.002446871e-05
2.642183280e-03 1.986604646e-05
2.691535000e-03 1.970887753e-05
2.742363520e-03 1.953313376e-05
2.787625250e-03 1.938064380e-05
2.827841650e-03 1.924819212e-05
2.863506640e-03 1.913303940e-05
2.927006150e-03 1.893317779e-05
2.975553170e-03 1.878465282e-05
3.012491110e-03 1.867402406e-05
3.068759560e-03 1.850930159e-05
3.126079000e-03 1.834603206e-05
3.185113870e-03 1.816689307e-05
3.237683190e-03 1.801158187e-05
3.284392600e-03 1.787677428e-05
3.325815780e-03 1.775964547e-05
3.399567410e-03 1.755651377e-05
3.455952440e-03 1.740569110e-05
3.498854090e-03 1.729342499e-05
3.564207200e-03 1.712638211e-05
3.630781000e-03 1.696095289e-05
3.704674410e-03 1.676639694e-05
3.770563760e-03 1.659799219e-05
3.829177530e-03 1.645202614e-05
3.881211520e-03 1.632535908e-05
3.927320970e-03 1.621532579e-05
4.009334520e-03 1.602454901e-05
4.071966690e-03 1.588294094e-05
4.119582060e-03 1.577755659e-05
4.192051120e-03 1.562078981e-05
4.265795000e-03 1.546558067e-05
4.352612250e-03 1.527419881e-05
4.430025540e-03 1.510868355e-05
4.498890770e-03 1.496532965e-05
4.560025430e-03 1.484101108e-05
4.614199350e-03 1.473307984e-05
4.710556950e-03 1.454608548e-05
4.784143390e-03 1.440739895e-05
4.840086620e-03 1.430425239e-05
4.925230420e-03 1.415091561e-05
5.011872000e-03 1.399922258e-05
5.113873480e-03 1.381284404e-05
5.204826260e-03 1.365179954e-05
5.285735920e-03 1.351242646e-05
5.357562970e-03 1.339164283e-05
5.421211840e-03 1.328684306e-05
5.534422270e-03 1.310541311e-05
5.620878890e-03 1.297096831e-05
5.686606540e-03 1.287104067e-05
5.786641890e-03 1.272259068e-05
5.888437000e-03 1.257585293e-05
6.008278180e-03 1.239737918e-05
6.115138260e-03 1.224329357e-05
6.210198740e-03 1.211004052e-05
6.294588070e-03 1.199463429e-05
6.369368890e-03 1.189455636e-05
6.502379410e-03 1.172142507e-05
6.603956980e-03 1.159323244e-05
6.681180140e-03 1.149800882e-05
6.798711310e-03 1.135663794e-05
6.918310000e-03 1.121700524e-05
6.993386260e-03 1.112595076e-05
7.136357100e-03 1.095721114e-05
7.263852210e-03 1.081166459e-05
7.377277530e-03 1.068589819e-05
7.477976630e-03 1.057705326e-05
7.567215250e-03 1.048272376e-05
7.725952960e-03 1.031966700e-05
7.847187660e-03 1.019904100e-05
7.939360510e-03 1.010949778e-05
8.079653730e-03 9.976654735e-06
8.222426000e-03 9.845557357e-06
8.389768520e-03 9.688214732e-06
8.538984650e-03 9.552604051e-06
8.671724170e-03 9.435502693e-06
8.789562830e-03 9.334217195e-06
8.893984480e-03 9.246484669e-06
9.079716280e-03 9.094932231e-06
1.346000000e-05 8.954210210e-03 365 4
1.346000000e-05 3.709507315e-11
1.347056270e-05 3.540364530e-11
1.348047280e-05 3.388804379e-11
1.349907370e-05 3.121899431e-11
1.351537050e-05 2.905659780e-11
1.352964640e-05 2.728772873e-11
1.354215020e-05 2.582852994e-11
1.355310040e-05 2.461588422e-11
1.357228460e-05 2.262914852e-11
1.358669060e-05 2.124505183e-11
1.359750510e-05 2.026282428e-11
1.361374290e-05 1.887397800e-11
1.363000000e-05 1.758033318e-11
1.363900000e-05 1.690331065e-11
1.365449130e-05 1.592460175e-11
1.367000000e-05 1.500256595e-11
1.368499180e-05 1.412145352e-11
1.370000000e-05 1.329209506e-11
1.372000000e-05 1.222235214e-11
1.372999640e-05 1.170029218e-11
1.374000000e-05 1.120053617e-11
1.375499190e-05 1.045870910e-11
1.377000000e-05 9.766018596e-12
1.378690970e-05 8.997386479e-12
1.380384000e-05 8.289253246e-12
1.382000000e-05 7.638597946e-12
1.383499190e-05 7.055739459e-12
1.385000000e-05 6.517359150e-12
1.386349350e-05 6.048139866e-12
1.387700000e-05 5.612705209e-12
1.388849530e-05 5.251279573e-12
1.390000000e-05 4.913130482e-12
1.390874180e-05 4.661745523e-12
1.392186480e-05 4.308580631e-12
1.393500000e-05 3.982173170e-12
1.394310860e-05 3.788441846e-12
1.395020740e-05 3.626674181e-12
1.396263900e-05 3.360026242e-12
1.397197000e-05 3.172986818e-12
1.398597800e-05 2.911769035e-12
1.400000000e-05 2.672057808e-12
1.401099570e-05 2.506313318e-12
1.402200000e-05 2.350851156e-12
1.403500000e-05 2.190306947e-12
1.405000000e-05 2.031864308e-12
1.406000000e-05 1.942244438e-12
1.407000000e-05 1.865331852e-12
1.408000000e-05 1.800835533e-12
1.409000000e-05 1.749244744e-12
1.410000000e-05 1.710217100e-12
1.411000000e-05 1.683755166e-12
1.412000000e-05 1.669939893e-12
1.413000000e-05 1.668638056e-12
1.414000000e-05 1.680020169e-12
1.415000000e-05 1.703923428e-12
1.415700000e-05 1.728006020e-12
1.416800000e-05 1.778575930e-12
1.418000000e-05 1.850974833e-12
1.419000000e-05 1.925073225e-12
1.420000000e-05 2.011803415e-12
1.421500000e-05 2.165251000e-12
1.423000000e-05 2.346885628e-12
1.423999650e-05 2.485693359e-12
1.425000000e-05 2.632709475e-12
1.425997560e-05 2.796976251e-12
1.426871000e-05 2.949095878e-12
1.428400800e-05 3.235480823e-12
1.429549220e-05 3.468376847e-12
1.430411140e-05 3.653985870e-12
1.431704990e-05 3.951186086e-12
1.433000000e-05 4.272556744e-12
1.434499220e-05 4.663837973e-12
1.436000000e-05 5.090949819e-12
1.437499220e-05 5.535868339e-12
1.439000000e-05 6.019666747e-12
1.440499220e-05 6.518180557e-12
1.442000000e-05 7.057974745e-12
1.443499230e-05 7.610619327e-12
1.445000000e-05 8.206532084e-12
1.446499230e-05 8.813078874e-12
1.448000000e-05 9.464451071e-12
1.449499230e-05 1.012499987e-11
1.451000000e-05 1.083164520e-11
1.452499230e-05 1.154610562e-11
1.454000000e-05 1.230768696e-11
1.455499230e-05 1.307644746e-11
1.457000000e-05 1.389322066e-11
1.458499230e-05 1.471556244e-11
1.460000000e-05 1.558657297e-11
1.461748960e-05 1.660893743e-11
1.463500000e-05 1.769835490e-11
1.465248960e-05 1.879339655e-11
1.467000000e-05 1.995618430e-11
1.468998640e-05 2.129079825e-11
1.471000000e-05 2.271466041e-11
1.472998650e-05 2.414360160e-11
1.475000000e-05 2.566242695e-11
1.477052580e-05 2.722635991e-11
1.479108000e-05 2.888559417e-11
1.481302380e-05 3.066295152e-11
1.483500000e-05 3.254966210e-11
1.487000000e-05 3.563050198e-11
1.489497910e-05 3.788379564e-11
1.492000000e-05 4.027957827e-11
1.494497910e-05 4.267742832e-11
1.497000000e-05 4.521801306e-11
1.499997000e-05 4.826731744e-11
1.503000000e-05 5.152224354e-11
1.505997020e-05 5.477903117e-11
1.509000000e-05 5.824167208e-11
1.511997030e-05 6.170411681e-11
1.515000000e-05 6.537238981e-11
1.518495970e-05 6.964956771e-11
1.522000000e-05 7.420657925e-11
1.528000000e-05 8.221918321e-11
1.531496010e-05 8.701013816e-11
1.535000000e-05 9.208024804e-11
1.538496020e-05 9.714198014e-11
1.542000000e-05 1.024819461e-10
1.545994830e-05 1.085772030e-10
1.550000000e-05 1.150349674e-10
1.557000000e-05 1.265910488e-10
1.561867900e-05 1.348166483e-10
1.566751000e-05 1.435767078e-10
1.572315620e-05 1.535672534e-10
1.577900000e-05 1.642529562e-10
1.585000000e-05 1.781125269e-10
1.595000000e-05 1.985353065e-10
1.605000000e-05 2.200193154e-10
1.615000000e-05 2.425500164e-10
1.625000000e-05 2.661124832e-10
1.632776400e-05 2.848509818e-10
1.640590000e-05 3.049089361e-10
1.655000000e-05 3.429669688e-10
1.670000000e-05 3.848126340e-10
1.687100000e-05 4.352501918e-10
1.700000000e-05 4.751951860e-10
1.720000000e-05 5.403310985e-10
1.740000000e-05 6.093038703e-10
1.760000000e-05 6.820651532e-10
1.785000000e-05 7.782733691e-10
1.808000000e-05 8.718647637e-10
1.830000000e-05 9.658801936e-10
1.862087000e-05 1.110816219e-09
1.885000000e-05 1.219906429e-09
1.920000000e-05 1.395373061e-09
1.950000000e-05 1.554172630e-09
1.990000000e-05 1.777768567e-09
2.020000000e-05 1.954274937e-09
2.065380000e-05 2.235261013e-09
2.113489000e-05 2.551380073e-09
2.170000000e-05 2.946041821e-09
2.230000000e-05 3.392187650e-09
2.290868000e-05 3.872903073e-09
2.350000000e-05 4.366535822e-09
2.426610000e-05 5.044247995e-09
2.511886000e-05 5.848076943e-09
2.610000000e-05 6.835395475e-09
2.691535000e-05 7.705307880e-09
2.800000000e-05 8.929941888e-09
2.917427000e-05 1.033976114e-08
3.054921000e-05 1.209656981e-08
3.198895000e-05 1.405162490e-08
3.350000000e-05 1.622202836e-08
3.507519000e-05 1.860515627e-08
3.715352000e-05 2.192327017e-08
3.935501000e-05 2.563067779e-08
4.168694000e-05 2.974314177e-08
4.415704000e-05 3.427627079e-08
4.677351000e-05 3.924326563e-08
5.000000000e-05 4.556100000e-08
5.308844000e-05 5.176281319e-08
5.495408370e-05 5.551840522e-08
5.688529000e-05 5.954647952e-08
5.914765710e-05 6.419637127e-08
6.150000000e-05 6.920936546e-08
6.411173830e-05 7.468914063e-08
6.683439000e-05 8.060278678e-08
6.998419710e-05 8.735705588e-08
7.328245000e-05 9.467731268e-08
7.520556590e-05 9.887393483e-08
7.818527850e-05 1.055202125e-07
8.128305000e-05 1.126132517e-07
8.389768760e-05 1.185072876e-07
8.797818320e-05 1.279317653e-07
9.225714000e-05 1.381057393e-07
9.549926280e-05 1.457080664e-07
9.800540860e-05 1.516832042e-07
1.018884790e-04 1.611084586e-07
1.059254000e-04 1.711193765e-07
1.093326940e-04 1.794068544e-07
1.119598990e-04 1.858848104e-07
1.160195490e-04 1.960429454e-07
1.202264000e-04 2.067561934e-07
1.244514220e-04 2.172932827e-07
1.277173440e-04 2.255470389e-07
1.327776260e-04 2.385192186e-07
1.380384000e-04 2.522374790e-07
1.418648890e-04 2.620421160e-07
1.455485030e-04 2.715798181e-07
1.490887110e-04 2.808364550e-07
1.524858220e-04 2.898008989e-07
1.590654220e-04 3.073876588e-07
1.650550470e-04 3.236493854e-07
1.704806950e-04 3.385825740e-07
1.753742420e-04 3.522132538e-07
1.797711850e-04 3.645894927e-07
1.877327570e-04 3.873035136e-07
1.939344850e-04 4.052629539e-07
1.987198620e-04 4.192769638e-07
2.061202360e-04 4.412118326e-07
2.137962000e-04 4.642942382e-07
2.213094670e-04 4.865181055e-07
2.271171860e-04 5.038813529e-07
2.361157770e-04 5.310949934e-07
2.454709000e-04 5.597783893e-07
2.540972790e-04 5.854921535e-07
2.607654300e-04 6.055497060e-07
2.710971890e-04 6.369317039e-07
2.818383000e-04 6.699400362e-07
2.879884060e-04 6.883514312e-07
2.990757780e-04 7.217972504e-07
3.076705440e-04 7.479438154e-07
3.142783240e-04 7.681734494e-07
3.244570310e-04 7.995484051e-07
3.349654000e-04 8.322048215e-07
3.417826090e-04 8.527708629e-07
3.540482710e-04 8.899919250e-07
3.635355330e-04 9.189700402e-07
3.782452190e-04 9.642158811e-07
3.935501000e-04 1.011689417e-06
4.032970320e-04 1.041004119e-06
4.120234170e-04 1.067350444e-06
4.277513870e-04 1.115071091e-06
4.399401240e-04 1.152256589e-06
4.493090660e-04 1.180957270e-06
4.637379040e-04 1.225354235e-06
4.786301000e-04 1.271420257e-06
4.954502030e-04 1.321515127e-06
5.084520630e-04 1.360377367e-06
5.184268860e-04 1.390272219e-06
5.337572280e-04 1.436350771e-06
5.495409000e-04 1.483956522e-06
5.672180070e-04 1.534682759e-06
5.808480050e-04 1.573862160e-06
6.019095570e-04 1.634514625e-06
6.237348000e-04 1.697504470e-06
6.437985350e-04 1.752254980e-06
6.592687510e-04 1.794473649e-06
6.831738760e-04 1.859716568e-06
7.079458000e-04 1.927331556e-06
7.223538820e-04 1.964540413e-06
7.482772000e-04 2.031392759e-06
7.683284030e-04 2.083020763e-06
7.837186300e-04 2.122601054e-06
8.073839150e-04 2.183386079e-06
8.317638000e-04 2.245911811e-06
8.609937790e-04 2.317001244e-06
8.835884130e-04 2.371791143e-06
9.009226610e-04 2.413732139e-06
9.275637310e-04 2.478038332e-06
9.549926000e-04 2.544057758e-06
9.716279440e-04 2.581664859e-06
1.001440110e-03 2.648819925e-06
1.024397990e-03 2.700330084e-06
1.059825400e-03 2.779479658e-06
1.096478000e-03 2.860949106e-06
1.117184580e-03 2.903998652e-06
1.154366450e-03 2.980899889e-06
1.183062710e-03 3.039909248e-06
1.205052090e-03 3.084931642e-06
1.238804850e-03 3.153718524e-06
1.273503000e-03 3.224039219e-06
1.297552580e-03 3.269413147e-06
1.340737320e-03 3.350359446e-06
1.374066480e-03 3.412381626e-06
1.399605960e-03 3.459650627e-06
1.438807980e-03 3.531784715e-06
1.479108000e-03 3.605422676e-06
1.507040390e-03 3.652808817e-06
1.531913590e-03 3.694782201e-06
1.576433590e-03 3.769399643e-06
1.610670620e-03 3.826349934e-06
1.663425370e-03 3.913392776e-06
1.717908000e-03 4.002415668e-06
1.750869050e-03 4.051893323e-06
1.780228340e-03 4.095687793e-06
1.832796650e-03 4.173470060e-06
1.873239090e-03 4.232774656e-06
1.904155490e-03 4.277805487e-06
1.951489430e-03 4.346251567e-06
2.000000000e-03 4.415792800e-06
2.037165240e-03 4.464263011e-06
2.070250910e-03 4.507110613e-06
2.129449060e-03 4.583085894e-06
2.174955920e-03 4.640906663e-06
2.209723140e-03 4.684750475e-06
2.262918770e-03 4.751293958e-06
2.317395000e-03 4.818782673e-06
2.361158070e-03 4.867889818e-06
2.400128180e-03 4.911268962e-06
2.469879900e-03 4.988114624e-06
2.523520780e-03 5.046536885e-06
2.564514590e-03 5.090802263e-06
2.627257280e-03 5.157929339e-06
2.691535000e-03 5.225941491e-06
2.742363520e-03 5.274223088e-06
2.787625250e-03 5.316835213e-06
2.868638220e-03 5.392236560e-06
2.930939300e-03 5.449488503e-06
2.978551450e-03 5.492826006e-06
3.051423790e-03 5.558479289e-06
3.126079000e-03 5.624917342e-06
3.185113870e-03 5.671636723e-06
3.237683190e-03 5.712834407e-06
3.331775860e-03 5.785651702e-06
3.404135570e-03 5.840873127e-06
3.459434800e-03 5.882634804e-06
3.544072540e-03 5.945837865e-06
3.630781000e-03 6.009719976e-06
3.699346810e-03 6.054243356e-06
3.760403230e-03 6.093471782e-06
3.869686770e-03 6.162734163e-06
3.953728650e-03 6.215197145e-06
4.017955710e-03 6.254837286e-06
4.116257840e-03 6.314771954e-06
4.216965000e-03 6.375280957e-06
4.302788500e-03 6.419974572e-06
4.379315670e-03 6.459338412e-06
4.447392620e-03 6.493979686e-06
4.569083620e-03 6.555049611e-06
4.662532070e-03 6.601228615e-06
4.733870540e-03 6.636076256e-06
4.842930010e-03 6.688692928e-06
4.954502000e-03 6.741726799e-06
5.055335770e-03 6.782336800e-06
5.145247310e-03 6.818071143e-06
5.225230720e-03 6.849493116e-06
5.368205110e-03 6.904830439e-06
5.477997420e-03 6.946626611e-06
5.561812770e-03 6.978139694e-06
5.689946410e-03 7.025677534e-06
5.821032000e-03 7.073539244e-06
5.939501350e-03 7.109622136e-06
6.045138200e-03 7.141345612e-06
6.139110520e-03 7.169219778e-06
6.307090780e-03 7.218261578e-06
6.436085490e-03 7.255262922e-06
6.534559940e-03 7.283138390e-06
6.685103850e-03 7.325152485e-06
6.839116000e-03 7.367408987e-06
6.988355240e-03 7.400568041e-06
7.121608590e-03 7.429704543e-06
7.240287940e-03 7.455293146e-06
7.345753610e-03 7.477755386e-06
7.534028630e-03 7.517227389e-06
7.678394970e-03 7.546968047e-06
7.788482250e-03 7.569350713e-06
7.956579620e-03 7.603049235e-06
8.128305000e-03 7.636897797e-06
8.305676160e-03 7.664081972e-06
8.464048070e-03 7.687947486e-06
8.605098740e-03 7.708890820e-06
8.730444930e-03 7.727262970e-06
8.954210210e-03 7.759519768e-06
8.150000000e-06 8.961748540e-03 343 5
8.150000000e-06 4.752346834e-09
8.280923910e-06 4.787380494e-09
8.413951000e-06 4.822672397e-09
8.560516960e-06 4.846155143e-09
8.709636000e-06 4.869752224e-09
8.861352110e-06 4.877999558e-09
9.015711000e-06 4.886260856e-09
9.181334210e-06 4.878553636e-09
9.350000000e-06 4.870858591e-09
9.523392260e-06 4.845793067e-09
9.700000000e-06 4.820856521e-09
9.848857810e-06 4.787054263e-09
1.000000000e-05 4.753489000e-09
1.017419290e-05 4.701110510e-09
1.035142000e-05 4.649309190e-09
1.053173460e-05 4.582917046e-09
1.071519000e-05 4.517472941e-09
1.090589790e-05 4.436428141e-09
1.110000000e-05 4.356837459e-09
1.129823000e-05 4.263782580e-09
1.150000000e-05 4.172715234e-09
1.169829050e-05 4.073774119e-09
1.190000000e-05 3.977179144e-09
1.209966990e-05 3.873938715e-09
1.230269000e-05 3.773378311e-09
1.240937920e-05 3.716827975e-09
1.257115020e-05 3.633587612e-09
1.273503000e-05 3.552211541e-09
1.284547010e-05 3.493735739e-09
1.301292860e-05 3.407822105e-09
1.318257000e-05 3.324021161e-09
1.329790510e-05 3.264032842e-09
1.347280250e-05 3.176074272e-09
1.365000000e-05 3.090485947e-09
1.378547000e-05 3.022310903e-09
1.399119990e-05 2.922857821e-09
1.420000000e-05 2.826677427e-09
1.434768020e-05 2.756654909e-09
1.445944750e-05 2.705278777e-09
1.462873280e-05 2.630004271e-09
1.480000000e-05 2.556824367e-09
1.496912160e-05 2.482951392e-09
1.509722980e-05 2.428950724e-09
1.529145070e-05 2.350143864e-09
1.548817000e-05 2.273893880e-09
1.571267390e-05 2.186388791e-09
1.588318480e-05 2.122976995e-09
1.601228120e-05 2.076628033e-09
1.620789580e-05 2.008995016e-09
1.640590000e-05 1.943564740e-09
1.659717290e-05 1.881578192e-09
1.676636510e-05 1.828963851e-09
1.691582250e-05 1.784134602e-09
1.704769020e-05 1.745811291e-09
1.728093700e-05 1.680715679e-09
1.745796400e-05 1.633491829e-09
1.759192330e-05 1.598946749e-09
1.779479200e-05 1.548494132e-09
1.800000000e-05 1.499633482e-09
1.817250440e-05 1.462199641e-09
1.843436560e-05 1.407793634e-09
1.870000000e-05 1.355411994e-09
1.884676330e-05 1.329815680e-09
1.906907060e-05 1.292324682e-09
1.929400000e-05 1.255890665e-09
1.954536270e-05 1.220977984e-09
1.980000000e-05 1.187035852e-09
1.999900000e-05 1.164626425e-09
2.020000000e-05 1.142640076e-09
2.042563980e-05 1.122470563e-09
2.065380000e-05 1.102657084e-09
2.104000000e-05 1.077075236e-09
2.137962000e-05 1.060823119e-09
2.170000000e-05 1.050722558e-09
2.210000000e-05 1.045083749e-09
2.250000000e-05 1.047011556e-09
2.290868000e-05 1.056598436e-09
2.330000000e-05 1.072833026e-09
2.371374000e-05 1.097341460e-09
2.410000000e-05 1.126903602e-09
2.454709000e-05 1.168993319e-09
2.500000000e-05 1.220073594e-09
2.560000000e-05 1.300548142e-09
2.610000000e-05 1.378499098e-09
2.675200000e-05 1.494662368e-09
2.754229000e-05 1.656914534e-09
2.851018000e-05 1.886730656e-09
3.000000000e-05 2.304973260e-09
3.311311000e-05 3.416364138e-09
3.507519000e-05 4.269165032e-09
3.672823000e-05 5.071556949e-09
3.850000000e-05 6.010639291e-09
4.027170000e-05 7.023868668e-09
4.220000000e-05 8.201382732e-09
4.415704000e-05 9.467062366e-09
4.623810000e-05 1.087969751e-08
4.850000000e-05 1.247723244e-08
5.080000000e-05 1.415476570e-08
5.308844000e-05 1.586651284e-08
5.559043000e-05 1.776997974e-08
5.821032000e-05 1.978432527e-08
6.165950000e-05 2.245979587e-08
6.531306000e-05 2.529520238e-08
6.918310000e-05 2.829400225e-08
7.120327990e-05 2.983334378e-08
7.328245000e-05 3.145643359e-08
7.585775420e-05 3.339838769e-08
7.852356000e-05 3.546022756e-08
8.128304790e-05 3.752296605e-08
8.413951000e-05 3.970569488e-08
8.759916780e-05 4.225298822e-08
9.120108000e-05 4.496370137e-08
9.502056060e-05 4.771328424e-08
9.900000000e-05 5.063100717e-08
1.029953310e-04 5.342857031e-08
1.071519000e-04 5.638070905e-08
1.115578180e-04 5.935518044e-08
1.161449000e-04 6.248657591e-08
1.188502510e-04 6.422272156e-08
1.230268880e-04 6.691780228e-08
1.273503000e-04 6.972598152e-08
1.310690000e-04 7.199162744e-08
1.339291140e-04 7.373904484e-08
1.383367300e-04 7.644001666e-08
1.428894000e-04 7.923992111e-08
1.455878110e-04 8.080525680e-08
1.504332270e-04 8.361936889e-08
1.541728270e-04 8.579408169e-08
1.599572510e-04 8.916265692e-08
1.659587000e-04 9.266349300e-08
1.716676340e-04 9.583389885e-08
1.760778460e-04 9.828268620e-08
1.794597010e-04 1.001602541e-07
1.846546600e-04 1.030440727e-07
1.900000000e-04 1.060109207e-07
1.945652140e-04 1.083762479e-07
1.980609650e-04 1.101848129e-07
2.034227090e-04 1.129544072e-07
2.089296000e-04 1.157936169e-07
2.137962080e-04 1.181021900e-07
2.175204110e-04 1.198637730e-07
2.232287060e-04 1.225555378e-07
2.290868000e-04 1.253077508e-07
2.350986110e-04 1.278813177e-07
2.397107780e-04 1.298461207e-07
2.467992340e-04 1.328500720e-07
2.540973000e-04 1.359235170e-07
2.607654450e-04 1.384566553e-07
2.658811420e-04 1.403874437e-07
2.737434730e-04 1.433342246e-07
2.818383000e-04 1.463428609e-07
2.892344350e-04 1.488093445e-07
2.949086330e-04 1.506864491e-07
3.036293280e-04 1.535465954e-07
3.126079000e-04 1.564610290e-07
3.217362320e-04 1.590933833e-07
3.287569840e-04 1.610966718e-07
3.341229060e-04 1.626156750e-07
3.423364490e-04 1.649210763e-07
3.507519000e-04 1.672591616e-07
3.563485810e-04 1.686304590e-07
3.663585100e-04 1.710573366e-07
3.740500540e-04 1.729003881e-07
3.799245000e-04 1.742956970e-07
3.889096030e-04 1.764098015e-07
3.981072000e-04 1.785495478e-07
4.097321350e-04 1.809841343e-07
4.186730660e-04 1.828318343e-07
4.255065700e-04 1.842299789e-07
4.359665200e-04 1.863472664e-07
4.466836000e-04 1.884888883e-07
4.584056990e-04 1.904822096e-07
4.673987100e-04 1.919910220e-07
4.812201000e-04 1.942766779e-07
4.954502000e-04 1.965895457e-07
5.084520610e-04 1.982708400e-07
5.184268840e-04 1.995412406e-07
5.260362120e-04 2.004993792e-07
5.376601290e-04 2.019452222e-07
5.495409000e-04 2.034014898e-07
5.639622270e-04 2.047543145e-07
5.750260420e-04 2.057748350e-07
5.834661110e-04 2.065435617e-07
5.963590570e-04 2.077020393e-07
6.095369000e-04 2.088670150e-07
6.183722590e-04 2.094435527e-07
6.341434220e-04 2.104563263e-07
6.462352030e-04 2.112191190e-07
6.554551070e-04 2.117930267e-07
6.695321890e-04 2.126568147e-07
6.839116000e-04 2.135241250e-07
6.948242590e-04 2.139942137e-07
7.045155790e-04 2.144063913e-07
7.218017800e-04 2.151296109e-07
7.350442080e-04 2.156736269e-07
7.451352220e-04 2.160825412e-07
7.605320880e-04 2.166973674e-07
7.762471000e-04 2.173139423e-07
7.886330870e-04 2.175934217e-07
7.996328400e-04 2.178382612e-07
8.192528670e-04 2.182673937e-07
8.342831670e-04 2.185897971e-07
8.457365790e-04 2.188319129e-07
8.632121890e-04 2.191955887e-07
8.810489000e-04 2.195598694e-07
8.951071210e-04 2.196423149e-07
9.075919520e-04 2.197144802e-07
9.298608810e-04 2.198408262e-07
9.469204230e-04 2.199356331e-07
9.599201600e-04 2.200067656e-07
9.797551540e-04 2.201135072e-07
1.000000000e-03 2.202203000e-07
1.015956260e-03 2.201141188e-07
1.030126710e-03 2.200212566e-07
1.055402230e-03 2.198588391e-07
1.074765030e-03 2.197371059e-07
1.089519900e-03 2.196458501e-07
1.112032860e-03 2.195090338e-07
1.135011000e-03 2.193723030e-07
1.154782180e-03 2.190442419e-07
1.172364280e-03 2.187575928e-07
1.187968070e-03 2.185070817e-07
1.215776090e-03 2.180693776e-07
1.237058450e-03 2.177416762e-07
1.253264350e-03 2.174962211e-07
1.277972130e-03 2.171285602e-07
1.303167000e-03 2.167615170e-07
1.325867360e-03 2.162243506e-07
1.346054320e-03 2.157554252e-07
1.363969870e-03 2.153459457e-07
1.395897760e-03 2.146312304e-07
1.420333190e-03 2.140967511e-07
1.438940060e-03 2.136967640e-07
1.467308400e-03 2.130981862e-07
1.496236000e-03 2.125012832e-07
1.522299400e-03 2.117765818e-07
1.545477040e-03 2.111444987e-07
1.566046770e-03 2.105929729e-07
1.602704750e-03 2.096312677e-07
1.630760260e-03 2.089128699e-07
1.652123720e-03 2.083756881e-07
1.684694800e-03 2.075725062e-07
1.717908000e-03 2.067724209e-07
1.747832960e-03 2.058685805e-07
1.774444590e-03 2.050809579e-07
1.798061930e-03 2.043942620e-07
1.840151170e-03 2.031980754e-07
1.872363400e-03 2.023055303e-07
1.896892080e-03 2.016386941e-07
1.934288910e-03 2.006425604e-07
1.972423000e-03 1.996513483e-07
2.006781300e-03 1.985766148e-07
2.037335410e-03 1.976409682e-07
2.064451630e-03 1.968258971e-07
2.112776320e-03 1.954076001e-07
2.149760740e-03 1.943505890e-07
2.177923310e-03 1.935615850e-07
2.220860410e-03 1.923840785e-07
2.264644000e-03 1.912137370e-07
2.304092760e-03 1.900056954e-07
2.339173710e-03 1.889549208e-07
2.370307420e-03 1.880402618e-07
2.425791820e-03 1.864502513e-07
2.468255790e-03 1.852665697e-07
2.500590880e-03 1.843837438e-07
2.549889490e-03 1.830673866e-07
2.600160000e-03 1.817604279e-07
2.649262980e-03 1.803378043e-07
2.692988150e-03 1.791021435e-07
2.731839270e-03 1.780278893e-07
2.766293510e-03 1.770932044e-07
2.827637320e-03 1.754692974e-07
2.874536250e-03 1.742611462e-07
2.910220220e-03 1.733604952e-07
2.964578450e-03 1.720182386e-07
3.019952000e-03 1.706863756e-07
3.076982600e-03 1.691936239e-07
3.127767160e-03 1.678981791e-07
3.172890750e-03 1.667728038e-07
3.212907590e-03 1.657942908e-07
3.284155290e-03 1.640956856e-07
3.338626010e-03 1.628331632e-07
3.380071120e-03 1.618926497e-07
3.443205440e-03 1.604920556e-07
3.507519000e-03 1.591035787e-07
3.573757110e-03 1.575664271e-07
3.632740760e-03 1.562336057e-07
3.685149490e-03 1.550766395e-07
3.731626990e-03 1.540713245e-07
3.814377530e-03 1.523276789e-07
3.877642470e-03 1.510329077e-07
3.925778840e-03 1.500690567e-07
3.999106110e-03 1.486348009e-07
4.073803000e-03 1.472142524e-07
4.150735180e-03 1.456628185e-07
4.219241690e-03 1.443187318e-07
4.280111760e-03 1.431528341e-07
4.334093000e-03 1.421404024e-07
4.430203540e-03 1.403858461e-07
4.503682540e-03 1.390841563e-07
4.559590470e-03 1.381158157e-07
4.644756360e-03 1.366759319e-07
4.731513000e-03 1.352510589e-07
4.827808530e-03 1.335919523e-07
4.913673420e-03 1.321569376e-07
4.990057010e-03 1.309139503e-07
5.057866050e-03 1.298359292e-07
5.117954410e-03 1.288999457e-07
5.224831860e-03 1.272781823e-07
5.306452100e-03 1.260752638e-07
5.368502940e-03 1.251805418e-07
5.462942310e-03 1.238503497e-07
5.559043000e-03 1.225342934e-07
5.672180390e-03 1.209174988e-07
5.773062830e-03 1.195203126e-07
5.862805720e-03 1.183110243e-07
5.942474410e-03 1.172629389e-07
6.013072070e-03 1.163534825e-07
6.138642130e-03 1.147788745e-07
6.234537550e-03 1.136119181e-07
6.307440930e-03 1.127444933e-07
6.418397530e-03 1.114557585e-07
6.531306000e-03 1.101817548e-07
6.664230790e-03 1.086284615e-07
6.782757290e-03 1.072873033e-07
6.888195950e-03 1.061273798e-07
6.981798460e-03 1.051227386e-07
7.064743450e-03 1.042514817e-07
7.212275350e-03 1.027441223e-07
7.324942600e-03 1.016279227e-07
7.410596580e-03 1.007987381e-07
7.540959160e-03 9.956762911e-08
7.673615000e-03 9.835155636e-08
7.756887720e-03 9.755838252e-08
7.915467410e-03 9.608838185e-08
8.056881800e-03 9.482031200e-08
8.182690340e-03 9.372448659e-08
8.294383280e-03 9.277603257e-08
8.393364540e-03 9.195401290e-08
8.569432450e-03 9.053296369e-08
8.703902960e-03 8.948160767e-08
8.806138800e-03 8.870111099e-08
8.961748540e-03 8.754311142e-08
8.150000000e-06 8.993651910e-03 342 6
8.150000000e-06 9.377773894e-09
8.222426000e-06 9.422080689e-09
8.365655520e-06 9.482253902e-09
8.511380000e-06 9.542811419e-09
8.679038720e-06 9.576187736e-09
8.850000000e-06 9.609680843e-09
9.023303170e-06 9.604874505e-09
9.200000000e-06 9.600070582e-09
9.373330210e-06 9.558874758e-09
9.549926000e-06 9.517855690e-09
9.716279620e-06 9.448467029e-09
9.885531000e-06 9.379584245e-09
1.005773070e-05 9.280905197e-09
1.023293000e-05 9.183264611e-09
1.041484800e-05 9.054213370e-09
1.060000000e-05 8.926975775e-09
1.079814800e-05 8.762972650e-09
1.100000000e-05 8.601982807e-09
1.117368390e-05 8.443485927e-09
1.135011000e-05 8.287909387e-09
1.146094840e-05 8.177902295e-09
1.162923870e-05 8.015623539e-09
1.180000000e-05 7.856564980e-09
1.197956380e-05 7.673982479e-09
1.216186000e-05 7.495643249e-09
1.226732770e-05 7.384893852e-09
1.242724650e-05 7.221830381e-09
1.258925000e-05 7.062367692e-09
1.271503970e-05 6.929547003e-09
1.290608470e-05 6.734984990e-09
1.310000000e-05 6.545885714e-09
1.323538680e-05 6.405941447e-09
1.344109490e-05 6.201614809e-09
1.365000000e-05 6.003805469e-09
1.378547000e-05 5.870058094e-09
1.399119990e-05 5.675002827e-09
1.420000000e-05 5.486429172e-09
1.434768020e-05 5.349247275e-09
1.445944750e-05 5.248616693e-09
1.462873280e-05 5.101209061e-09
1.480000000e-05 4.957941574e-09
1.496912160e-05 4.813351536e-09
1.509722980e-05 4.707683002e-09
1.529145070e-05 4.553513934e-09
1.548817000e-05 4.404393632e-09
1.561117490e-05 4.309634054e-09
1.582878860e-05 4.148684116e-09
1.599398730e-05 4.031928775e-09
1.611901680e-05 3.946523688e-09
1.630839600e-05 3.821796158e-09
1.650000000e-05 3.701010577e-09
1.667522220e-05 3.593508613e-09
1.683006740e-05 3.502009022e-09
1.696673590e-05 3.423860029e-09
1.720858180e-05 3.291272354e-09
1.739222580e-05 3.195212038e-09
1.753124370e-05 3.125011182e-09
1.774185680e-05 3.022591300e-09
1.795500000e-05 2.923528189e-09
1.811920130e-05 2.854271563e-09
1.836832310e-05 2.753450731e-09
1.862087000e-05 2.656191213e-09
1.876399400e-05 2.607409321e-09
1.898074510e-05 2.535911139e-09
1.920000000e-05 2.466373593e-09
1.946034990e-05 2.396034510e-09
1.972423000e-05 2.327701464e-09
1.996069760e-05 2.277336104e-09
2.020000000e-05 2.228060531e-09
2.055000000e-05 2.170198726e-09
2.090000000e-05 2.125059473e-09
2.130000000e-05 2.088685024e-09
2.170000000e-05 2.068127285e-09
2.210000000e-05 2.062975604e-09
2.250000000e-05 2.072845434e-09
2.290868000e-05 2.098064203e-09
2.330000000e-05 2.136231417e-09
2.371374000e-05 2.191180558e-09
2.410000000e-05 2.255741102e-09
2.454709000e-05 2.346135343e-09
2.500000000e-05 2.454473437e-09
2.560000000e-05 2.623391190e-09
2.610000000e-05 2.785768758e-09
2.675200000e-05 3.026307125e-09
2.754229000e-05 3.360431251e-09
2.851018000e-05 3.831440192e-09
3.300000000e-05 6.845405540e-09
3.500000000e-05 8.591386825e-09
3.672823000e-05 1.028006129e-08
3.850000000e-05 1.216946349e-08
4.027170000e-05 1.420554670e-08
4.220000000e-05 1.657155562e-08
4.415704000e-05 1.911044759e-08
4.623810000e-05 2.193787826e-08
4.841724000e-05 2.501892358e-08
5.080000000e-05 2.849786466e-08
5.308844000e-05 3.191432451e-08
5.559043000e-05 3.571365723e-08
5.821032000e-05 3.974257876e-08
6.150000000e-05 4.482135430e-08
6.531306000e-05 5.072560967e-08
6.918310000e-05 5.669886059e-08
7.161434060e-05 6.037061929e-08
7.413102000e-05 6.428015665e-08
7.673614520e-05 6.818491513e-08
7.943282000e-05 7.232687151e-08
8.269895140e-05 7.715769431e-08
8.609938000e-05 8.231117498e-08
8.963962110e-05 8.745182030e-08
9.332543000e-05 9.291351810e-08
9.660508790e-05 9.759273427e-08
1.000000000e-04 1.025076000e-07
1.023292950e-04 1.057011493e-07
1.059253620e-04 1.106789901e-07
1.096478000e-04 1.158912492e-07
1.122018210e-04 1.192386893e-07
1.161448280e-04 1.244420079e-07
1.202264000e-04 1.298723882e-07
1.230268510e-04 1.333643532e-07
1.273503080e-04 1.387791285e-07
1.318257000e-04 1.444137483e-07
1.356750650e-04 1.489866116e-07
1.386356750e-04 1.525110343e-07
1.431981630e-04 1.579546120e-07
1.479108000e-04 1.635924827e-07
1.509210810e-04 1.670044301e-07
1.563372410e-04 1.731474615e-07
1.605265400e-04 1.779025735e-07
1.637420210e-04 1.815544120e-07
1.686864100e-04 1.871732014e-07
1.737801000e-04 1.929658823e-07
1.789848020e-04 1.985775424e-07
1.829903710e-04 2.028931226e-07
1.891674290e-04 2.095429836e-07
1.955530000e-04 2.164107945e-07
1.999624090e-04 2.208438215e-07
2.067636410e-04 2.276642000e-07
2.137962000e-04 2.346952160e-07
2.187761610e-04 2.392526643e-07
2.225871080e-04 2.427287313e-07
2.284283600e-04 2.480377575e-07
2.344229000e-04 2.534629015e-07
2.405747510e-04 2.585080277e-07
2.452943550e-04 2.623576677e-07
2.525479310e-04 2.682398826e-07
2.600160000e-04 2.742539770e-07
2.668394730e-04 2.791881166e-07
2.720743350e-04 2.829468932e-07
2.801198120e-04 2.886801488e-07
2.884032000e-04 2.945295777e-07
2.968247230e-04 2.998272164e-07
3.033018570e-04 3.038628852e-07
3.082522940e-04 3.069252432e-07
3.158298600e-04 3.115767467e-07
3.235937000e-04 3.162987444e-07
3.330428070e-04 3.213810557e-07
3.403102720e-04 3.252463082e-07
3.458647550e-04 3.281757239e-07
3.543669260e-04 3.326193925e-07
3.630781000e-04 3.371232315e-07
3.699346810e-04 3.402481796e-07
3.760403230e-04 3.430062608e-07
3.869686770e-04 3.478868100e-07
3.953728650e-04 3.515927420e-07
4.017955710e-04 3.543980757e-07
4.116257840e-04 3.586480978e-07
4.216965000e-04 3.629490884e-07
4.340102710e-04 3.675083098e-07
4.434809980e-04 3.709652718e-07
4.507194210e-04 3.735793146e-07
4.617991780e-04 3.775349591e-07
4.731513000e-04 3.815324867e-07
4.841723910e-04 3.847287949e-07
4.926063530e-04 3.871435864e-07
5.055335560e-04 3.907942205e-07
5.188000000e-04 3.944792794e-07
5.324146160e-04 3.974466772e-07
5.428595350e-04 3.996868638e-07
5.508274770e-04 4.013752874e-07
5.629992090e-04 4.039213055e-07
5.754399000e-04 4.064834718e-07
5.905409000e-04 4.087941571e-07
6.021261510e-04 4.105357888e-07
6.109639980e-04 4.118468756e-07
6.244645870e-04 4.138213682e-07
6.382635000e-04 4.158053236e-07
6.503168480e-04 4.170152115e-07
6.610501040e-04 4.180767549e-07
6.705869200e-04 4.190078176e-07
6.876086050e-04 4.206421742e-07
7.006578170e-04 4.218721234e-07
7.106069870e-04 4.227969441e-07
7.257962580e-04 4.241879780e-07
7.413102000e-04 4.255835870e-07
7.531387210e-04 4.262380925e-07
7.636434000e-04 4.268116118e-07
7.823803730e-04 4.278171264e-07
7.967341920e-04 4.285728161e-07
8.076721100e-04 4.291404587e-07
8.243611810e-04 4.299933342e-07
8.413951000e-04 4.308479041e-07
8.548206060e-04 4.311116697e-07
8.667435350e-04 4.313425966e-07
8.880102120e-04 4.317470161e-07
9.043019600e-04 4.320505802e-07
9.167166220e-04 4.322783928e-07
9.356589070e-04 4.326203365e-07
9.549926000e-04 4.329625518e-07
9.702306960e-04 4.328442825e-07
9.837633510e-04 4.327408230e-07
1.007901270e-03 4.325598323e-07
1.026392580e-03 4.324241297e-07
1.040483360e-03 4.323223858e-07
1.061983060e-03 4.321698183e-07
1.083927000e-03 4.320173025e-07
1.101222420e-03 4.315270769e-07
1.116582140e-03 4.310985814e-07
1.143978940e-03 4.303497377e-07
1.164966790e-03 4.297889614e-07
1.180959980e-03 4.293688564e-07
1.205362380e-03 4.287394763e-07
1.230269000e-03 4.281110170e-07
1.251699540e-03 4.271697337e-07
1.270757260e-03 4.263478006e-07
1.287670650e-03 4.256299176e-07
1.317812540e-03 4.243765197e-07
1.340881080e-03 4.234388880e-07
1.358447110e-03 4.227370280e-07
1.385228570e-03 4.216864247e-07
1.412538000e-03 4.206384225e-07
1.437143460e-03 4.193132347e-07
1.459024570e-03 4.181571124e-07
1.478443660e-03 4.171481275e-07
1.513051050e-03 4.153882564e-07
1.539537180e-03 4.140732267e-07
1.559705600e-03 4.130896851e-07
1.590454700e-03 4.116187554e-07
1.621810000e-03 4.101530621e-07
1.650060910e-03 4.084667493e-07
1.675183850e-03 4.069969132e-07
1.697480000e-03 4.057151459e-07
1.737214690e-03 4.034817578e-07
1.767624910e-03 4.018147877e-07
1.790781420e-03 4.005690858e-07
1.826086200e-03 3.987077629e-07
1.862087000e-03 3.968550939e-07
1.889078350e-03 3.951798056e-07
1.913016530e-03 3.937197291e-07
1.955640560e-03 3.911775646e-07
1.988230690e-03 3.892817251e-07
2.013029200e-03 3.878658728e-07
2.050808100e-03 3.857517446e-07
2.089296000e-03 3.836491436e-07
2.125690250e-03 3.813334047e-07
2.158054890e-03 3.793186005e-07
2.186777910e-03 3.775643785e-07
2.237966150e-03 3.745139936e-07
2.277142140e-03 3.722423895e-07
2.306973530e-03 3.705477364e-07
2.352454940e-03 3.680202046e-07
2.398833000e-03 3.655099159e-07
2.440619180e-03 3.629685375e-07
2.477778760e-03 3.607593347e-07
2.510757200e-03 3.588373104e-07
2.539973200e-03 3.571639418e-07
2.591921620e-03 3.542543069e-07
2.631578990e-03 3.520876429e-07
2.692205640e-03 3.488624727e-07
2.754229000e-03 3.456668440e-07
2.810282960e-03 3.425155741e-07
2.860265200e-03 3.397817884e-07
2.904728340e-03 3.374076283e-07
2.944200220e-03 3.353438538e-07
2.979177860e-03 3.335484077e-07
3.041391580e-03 3.304294749e-07
3.088903000e-03 3.281094331e-07
3.125023000e-03 3.263800946e-07
3.179996470e-03 3.238031634e-07
3.235937000e-03 3.212465826e-07
3.297046340e-03 3.182321299e-07
3.351462930e-03 3.156176957e-07
3.399813690e-03 3.133476923e-07
3.442692460e-03 3.113748342e-07
3.519035690e-03 3.079521784e-07
3.577402060e-03 3.054098966e-07
3.621811260e-03 3.035169698e-07
3.689460840e-03 3.006995529e-07
3.758374000e-03 2.979082908e-07
3.829349380e-03 2.948474954e-07
3.892551490e-03 2.921951105e-07
3.948708430e-03 2.898938517e-07
3.998509940e-03 2.878951220e-07
4.087178720e-03 2.844304511e-07
4.154968290e-03 2.818593360e-07
4.206547310e-03 2.799462638e-07
4.285118870e-03 2.771009765e-07
4.365158000e-03 2.742846061e-07
4.447592320e-03 2.712292212e-07
4.520998370e-03 2.685836929e-07
4.586221820e-03 2.662900304e-07
4.644063770e-03 2.642991515e-07
4.747048070e-03 2.608508594e-07
4.825782240e-03 2.582941968e-07
4.885688680e-03 2.563931591e-07
4.976945580e-03 2.535678040e-07
5.069907000e-03 2.507735836e-07
5.173089480e-03 2.475307884e-07
5.265095320e-03 2.447277569e-07
5.346941780e-03 2.423011572e-07
5.419600450e-03 2.401976274e-07
5.483986260e-03 2.383720250e-07
5.598507460e-03 2.352105435e-07
5.685965090e-03 2.328669809e-07
5.752453730e-03 2.311246454e-07
5.853647300e-03 2.285355532e-07
5.956621000e-03 2.259754667e-07
6.077849940e-03 2.228381244e-07
6.185947470e-03 2.201287015e-07
6.282108750e-03 2.177849934e-07
6.367475310e-03 2.157547273e-07
6.443122100e-03 2.139937764e-07
6.577672900e-03 2.109466273e-07
6.680426740e-03 2.086897732e-07
6.758544150e-03 2.070129917e-07
6.877436340e-03 2.045230478e-07
6.998420000e-03 2.020630533e-07
7.140851460e-03 1.990735175e-07
7.267854870e-03 1.964939790e-07
7.380834430e-03 1.942643175e-07
7.481131310e-03 1.923341274e-07
7.570008460e-03 1.906609491e-07
7.728091710e-03 1.877678356e-07
7.848816840e-03 1.856268473e-07
7.940596710e-03 1.840371414e-07
8.080282730e-03 1.816780741e-07
8.222426000e-03 1.793492454e-07
8.311654370e-03 1.778351544e-07
8.481575650e-03 1.750306012e-07
8.633103980e-03 1.726129227e-07
8.767910330e-03 1.705248649e-07
8.887591530e-03 1.687185440e-07
8.993651910e-03 1.671537160e-07
