1.348100000e-02 1.359000000e-02 2 0
1.348100000e-02 4.074939852e-02
1.359000000e-02 4.110494251e-02
1.787000000e-03 1.363969690e-02 76 1
1.787000000e-03 4.118615877e-04
1.883649000e-03 4.556540944e-04
1.910000000e-03 4.662481201e-04
1.949845000e-03 4.796963703e-04
2.018366000e-03 5.049522587e-04
2.089296180e-03 5.293141970e-04
2.162719000e-03 5.548514949e-04
2.251645860e-03 5.854701906e-04
2.320732470e-03 6.095380341e-04
2.373935000e-03 6.282360115e-04
2.456034350e-03 6.573638890e-04
2.540973000e-03 6.878422744e-04
2.630268220e-03 7.190462723e-04
2.699293010e-03 7.433747859e-04
2.806241320e-03 7.814195990e-04
2.917427000e-03 8.214114801e-04
2.985382590e-03 8.441585913e-04
3.090295370e-03 8.794658061e-04
3.198895000e-03 9.162497519e-04
3.263998780e-03 9.375250134e-04
3.381134840e-03 9.759523220e-04
3.471737400e-03 1.005802950e-03
3.541279050e-03 1.028788572e-03
3.648212050e-03 1.064255668e-03
3.758374000e-03 1.100945468e-03
3.868120510e-03 1.135021117e-03
3.952528380e-03 1.161268229e-03
4.082606260e-03 1.201781311e-03
4.216965000e-03 1.243707765e-03
4.365158380e-03 1.287894016e-03
4.479711150e-03 1.322060897e-03
4.567594240e-03 1.348279588e-03
4.702662090e-03 1.388585780e-03
4.841724000e-03 1.430096890e-03
5.011872690e-03 1.477334000e-03
5.143396820e-03 1.513782969e-03
5.244300070e-03 1.541708638e-03
5.399378630e-03 1.584566024e-03
5.559043000e-03 1.628614805e-03
5.721369800e-03 1.670991749e-03
5.846218040e-03 1.703496520e-03
6.038617100e-03 1.753443067e-03
6.237348000e-03 1.804854042e-03
6.355137950e-03 1.833280670e-03
6.566648090e-03 1.884108826e-03
6.729887640e-03 1.923152628e-03
6.854974870e-03 1.952965542e-03
7.046978490e-03 1.998553693e-03
7.244360000e-03 2.045206004e-03
7.370552150e-03 2.072823651e-03
7.596700800e-03 2.122054936e-03
7.770854380e-03 2.159744237e-03
7.904084640e-03 2.188449855e-03
8.108225130e-03 2.232225224e-03
8.317638000e-03 2.276876237e-03
8.456983130e-03 2.304507589e-03
8.706477860e-03 2.353671783e-03
8.898417470e-03 2.391232032e-03
9.194289860e-03 2.448699229e-03
9.500000000e-03 2.507547515e-03
9.671818670e-03 2.538064072e-03
9.980012640e-03 2.592364398e-03
1.021758600e-02 2.633850679e-03
1.039947010e-02 2.665400520e-03
1.067838480e-02 2.713435222e-03
1.096478000e-02 2.762335646e-03
1.117184580e-02 2.794637409e-03
1.135623350e-02 2.823211098e-03
1.168626510e-02 2.873919957e-03
1.194006790e-02 2.912548379e-03
1.213403080e-02 2.941860027e-03
1.243089890e-02 2.986381527e-03
1.273503000e-02 3.031576806e-03
1.299421330e-02 3.066433691e-03
1.322532210e-02 3.097262090e-03
1.363969690e-02 3.151959379e-03
1.602000000e-03 1.352185720e-02 141 2
1.602000000e-03 3.134145612e-04
1.602100000e-03 3.184283837e-04
1.602280000e-03 3.276554324e-04
1.602500000e-03 3.540908515e-04
1.602700000e-03 3.781912858e-04
1.602850000e-03 3.958728303e-04
1.603000000e-03 4.143797726e-04
1.603300000e-03 4.501801187e-04
1.603600000e-03 4.851957486e-04
1.603900000e-03 5.193840355e-04
1.604150000e-03 5.466650461e-04
1.604500000e-03 5.830009701e-04
1.604700000e-03 6.028469696e-04
1.605000000e-03 6.308450807e-04
1.605200000e-03 6.483696956e-04
1.605350000e-03 6.578602333e-04
1.605900000e-03 6.784571378e-04
1.606000000e-03 6.861662832e-04
1.606800000e-03 7.077601948e-04
1.606950000e-03 7.105747565e-04
1.607100000e-03 7.160327858e-04
1.607900000e-03 7.385496883e-04
1.608100000e-03 7.432549772e-04
1.610200000e-03 7.671303731e-04
1.610500000e-03 7.721215358e-04
1.613000000e-03 7.847066191e-04
1.616000000e-03 7.914847057e-04
1.621500000e-03 7.975531752e-04
1.621810000e-03 7.961746958e-04
1.630000000e-03 8.009855160e-04
1.670000000e-03 8.067918227e-04
1.710000000e-03 8.196845892e-04
1.750000000e-03 8.384742188e-04
1.780000000e-03 8.468087628e-04
1.810787570e-03 8.528971233e-04
1.838163220e-03 8.582603500e-04
1.887070210e-03 8.677272481e-04
1.924602510e-03 8.748958881e-04
1.953240810e-03 8.803111994e-04
1.996999250e-03 8.884971007e-04
2.041738000e-03 8.967591100e-04
2.077303800e-03 9.028803558e-04
2.108931730e-03 9.082707304e-04
2.165443720e-03 9.177814148e-04
2.208819280e-03 9.249797184e-04
2.241920190e-03 9.304154777e-04
2.292503950e-03 9.386290758e-04
2.344229000e-03 9.469151743e-04
2.378209070e-03 9.514450359e-04
2.438863680e-03 9.594245123e-04
2.485367680e-03 9.654530001e-04
2.556791560e-03 9.745668231e-04
2.630268000e-03 9.837666873e-04
2.699292830e-03 9.899594936e-04
2.752247600e-03 9.946296728e-04
2.792644330e-03 9.981467646e-04
2.854353870e-03 1.003445726e-03
2.917427000e-03 1.008772810e-03
2.963978140e-03 1.012226161e-03
3.005319290e-03 1.015257532e-03
3.079058630e-03 1.020584301e-03
3.135548070e-03 1.024597711e-03
3.222231340e-03 1.030647428e-03
3.311311000e-03 1.036732876e-03
3.368991980e-03 1.039141912e-03
3.420286460e-03 1.041254407e-03
3.511938180e-03 1.044961620e-03
3.582285120e-03 1.047750687e-03
3.635968520e-03 1.049847381e-03
3.718005770e-03 1.053000270e-03
3.801894000e-03 1.056162636e-03
3.857003230e-03 1.057591789e-03
3.955373480e-03 1.060097457e-03
4.030794150e-03 1.061980605e-03
4.088301920e-03 1.063395165e-03
4.176105590e-03 1.065520526e-03
4.265795000e-03 1.067650143e-03
4.352612250e-03 1.068352756e-03
4.430025540e-03 1.068967929e-03
4.498890770e-03 1.069506504e-03
4.560025430e-03 1.069977960e-03
4.669016860e-03 1.070803537e-03
4.752466620e-03 1.071423126e-03
4.816031290e-03 1.071888056e-03
4.912975920e-03 1.072585826e-03
5.011872000e-03 1.073284055e-03
5.091842620e-03 1.072903458e-03
5.162862970e-03 1.072570549e-03
5.289540460e-03 1.071988206e-03
5.386584190e-03 1.071551656e-03
5.460533600e-03 1.071224361e-03
5.573365570e-03 1.070733604e-03
5.688529000e-03 1.070243075e-03
5.795954620e-03 1.068876882e-03
5.891614890e-03 1.067682893e-03
5.976611880e-03 1.066639245e-03
6.128317860e-03 1.064815316e-03
6.244619120e-03 1.063449412e-03
6.333291220e-03 1.062426139e-03
6.468665800e-03 1.060893075e-03
6.606934000e-03 1.059362221e-03
6.741398060e-03 1.056703504e-03
6.861297090e-03 1.054382603e-03
6.967956740e-03 1.052355996e-03
7.062643170e-03 1.050585912e-03
7.231450980e-03 1.047495424e-03
7.360699420e-03 1.045183528e-03
7.459149480e-03 1.043452951e-03
7.609299020e-03 1.040862457e-03
7.762471000e-03 1.038278400e-03
7.920452430e-03 1.034560852e-03
8.061321450e-03 1.031318913e-03
8.186635560e-03 1.028490553e-03
8.297882360e-03 1.026022102e-03
8.496214160e-03 1.021716566e-03
8.648067760e-03 1.018499269e-03
8.763736450e-03 1.016092950e-03
8.940146700e-03 1.012494121e-03
9.120108000e-03 1.008908044e-03
9.305719740e-03 1.004255202e-03
9.471226170e-03 1.000201562e-03
9.618457200e-03 9.966680571e-04
9.749160610e-03 9.935864790e-04
9.982179820e-03 9.882166255e-04
1.016059200e-02 9.842082803e-04
1.029649070e-02 9.812127043e-04
1.050375440e-02 9.767364470e-04
1.071519000e-02 9.722805787e-04
1.093326510e-02 9.668728004e-04
1.112771840e-02 9.621656486e-04
1.130070010e-02 9.580657309e-04
1.145426340e-02 9.544926119e-04
1.172803740e-02 9.482717033e-04
1.193765360e-02 9.436326327e-04
1.209732080e-02 9.401682436e-04
1.234083450e-02 9.349954740e-04
1.258925000e-02 9.298511842e-04
1.286396620e-02 9.233878788e-04
1.310925600e-02 9.177693540e-04
1.332771830e-02 9.128812014e-04
1.352185720e-02 9.086254296e-04
1.556000000e-03 1.348355080e-02 120 3
1.556000000e-03 1.296049248e-03
1.563500000e-03 1.340047476e-03
1.575000000e-03 1.398830900e-03
1.590000000e-03 1.453642144e-03
1.605000000e-03 1.498957454e-03
1.613000000e-03 1.516556389e-03
1.624000000e-03 1.533222528e-03
1.665000000e-03 1.559875813e-03
1.698244000e-03 1.589078559e-03
1.725000000e-03 1.604021160e-03
1.766812490e-03 1.618701578e-03
1.804228970e-03 1.631657120e-03
1.837617820e-03 1.643078243e-03
1.867339540e-03 1.653137296e-03
1.920513940e-03 1.670889021e-03
1.961386100e-03 1.684327816e-03
1.992610040e-03 1.694477789e-03
2.040380410e-03 1.709817561e-03
2.089296000e-03 1.725296181e-03
2.122633360e-03 1.734806360e-03
2.182258800e-03 1.751575458e-03
2.228074480e-03 1.764258580e-03
2.263066380e-03 1.773831155e-03
2.316587320e-03 1.788287489e-03
2.371374000e-03 1.802861639e-03
2.433604740e-03 1.815798493e-03
2.481347180e-03 1.825562007e-03
2.517767660e-03 1.832919073e-03
2.573403140e-03 1.844010304e-03
2.630268000e-03 1.855168665e-03
2.695411030e-03 1.864014522e-03
2.753733290e-03 1.871789222e-03
2.805799540e-03 1.878618691e-03
2.852164430e-03 1.884614916e-03
2.893361770e-03 1.889877309e-03
2.966894150e-03 1.899121889e-03
3.023267230e-03 1.906084980e-03
3.066248860e-03 1.911324044e-03
3.131869760e-03 1.919209658e-03
3.198895000e-03 1.927127797e-03
3.245263630e-03 1.930275136e-03
3.328031880e-03 1.935795363e-03
3.391490450e-03 1.939945881e-03
3.439877200e-03 1.943064607e-03
3.513754780e-03 1.947752116e-03
3.589219000e-03 1.952450923e-03
3.651740950e-03 1.954897162e-03
3.707340410e-03 1.957040140e-03
3.756683920e-03 1.958917174e-03
3.844620590e-03 1.962206306e-03
3.911921320e-03 1.964676780e-03
4.015087800e-03 1.968388330e-03
4.120975000e-03 1.972106881e-03
4.204844960e-03 1.972277911e-03
4.279630200e-03 1.972427565e-03
4.346157570e-03 1.972558527e-03
4.405216810e-03 1.972673113e-03
4.510508170e-03 1.972873670e-03
4.591124960e-03 1.973024105e-03
4.652531720e-03 1.973136941e-03
4.746185260e-03 1.973306205e-03
4.841724000e-03 1.973475482e-03
4.919493170e-03 1.971949637e-03
4.988565210e-03 1.970615479e-03
5.111783050e-03 1.968282902e-03
5.206189630e-03 1.966535277e-03
5.278137020e-03 1.965225570e-03
5.387926660e-03 1.963262661e-03
5.500000000e-03 1.961301705e-03
5.595222360e-03 1.958077738e-03
5.679893310e-03 1.955261095e-03
5.755030810e-03 1.952799865e-03
5.888921060e-03 1.948500158e-03
5.991378990e-03 1.945281592e-03
6.069390590e-03 1.942871160e-03
6.188316660e-03 1.939261111e-03
6.309573000e-03 1.935657768e-03
6.437985150e-03 1.929790360e-03
6.552487810e-03 1.924670968e-03
6.654346970e-03 1.920202651e-03
6.744771780e-03 1.916301378e-03
6.905981950e-03 1.909493213e-03
7.029413210e-03 1.904402962e-03
7.123432270e-03 1.900594187e-03
7.266823930e-03 1.894895296e-03
7.413102000e-03 1.889213501e-03
7.563973170e-03 1.881352568e-03
7.698502120e-03 1.874501100e-03
7.818176230e-03 1.868526527e-03
7.924416150e-03 1.863314396e-03
8.113821660e-03 1.854228142e-03
8.258840810e-03 1.847442533e-03
8.369303610e-03 1.842369629e-03
8.537774190e-03 1.834786380e-03
8.709636000e-03 1.827234345e-03
8.886894110e-03 1.817664565e-03
9.044951770e-03 1.809332125e-03
9.185556530e-03 1.802072580e-03
9.310377510e-03 1.795744373e-03
9.532909480e-03 1.784723444e-03
9.703292050e-03 1.776502156e-03
9.833074470e-03 1.770361054e-03
1.003101010e-02 1.761189182e-03
1.023293000e-02 1.752064829e-03
1.044118970e-02 1.741112242e-03
1.062689090e-02 1.731584911e-03
1.079208680e-02 1.723291298e-03
1.093873830e-02 1.716066928e-03
1.120019000e-02 1.703497168e-03
1.140037150e-02 1.694130251e-03
1.155285220e-02 1.687138917e-03
1.178540560e-02 1.676705971e-03
1.202264000e-02 1.666337523e-03
1.226732530e-02 1.654306478e-03
1.248550660e-02 1.643850621e-03
1.267959600e-02 1.634755936e-03
1.285189770e-02 1.626839396e-03
1.300458130e-02 1.619943886e-03
1.327615510e-02 1.607946972e-03
1.348355080e-02 1.599007633e-03
2.620000000e-04 1.380384000e-02 137 4
2.620000000e-04 3.490230429e-06
2.630268000e-04 3.549106374e-06
2.680000000e-04 3.815426484e-06
2.730000000e-04 4.068323049e-06
2.786121000e-04 4.331511337e-06
2.830000000e-04 4.521609613e-06
2.900000000e-04 4.800808805e-06
2.985383000e-04 5.115120832e-06
3.129226150e-04 5.630977719e-06
3.280000000e-04 6.198858397e-06
3.483676220e-04 7.040496656e-06
3.700000000e-04 7.996406759e-06
3.935501000e-04 9.039939793e-06
4.097321140e-04 9.746703414e-06
4.265795000e-04 1.050872340e-05
4.415704290e-04 1.118710964e-05
4.650503580e-04 1.228767723e-05
4.897788000e-04 1.349651657e-05
5.099175670e-04 1.447362174e-05
5.308844000e-04 1.552146602e-05
5.463865070e-04 1.627682041e-05
5.704925370e-04 1.747933148e-05
5.956621000e-04 1.877068249e-05
6.148228230e-04 1.974603019e-05
6.447257240e-04 2.130489485e-05
6.760830000e-04 2.298682515e-05
6.958249800e-04 2.401871648e-05
7.265240840e-04 2.565405378e-05
7.585776000e-04 2.740073444e-05
7.852356570e-04 2.883149120e-05
8.058422080e-04 2.995337623e-05
8.377703930e-04 3.171858434e-05
8.709636000e-04 3.358781933e-05
8.989799480e-04 3.512308022e-05
9.205820540e-04 3.632040517e-05
9.539623910e-04 3.819335582e-05
9.885531000e-04 4.016288971e-05
1.023293050e-03 4.209940047e-05
1.050146860e-03 4.361281521e-05
1.091754660e-03 4.598555483e-05
1.135011000e-03 4.848738326e-05
1.181680370e-03 5.110496317e-05
1.217937440e-03 5.316047100e-05
1.245858460e-03 5.475617970e-05
1.288944700e-03 5.723999705e-05
1.333521000e-03 5.983648255e-05
1.380383830e-03 6.248282486e-05
1.416608580e-03 6.454410884e-05
1.472735890e-03 6.776423401e-05
1.531087000e-03 7.114501082e-05
1.589461010e-03 7.442866490e-05
1.634697450e-03 7.699048583e-05
1.669467680e-03 7.896955402e-05
1.723014610e-03 8.203395014e-05
1.778279000e-03 8.521725794e-05
1.846077450e-03 8.898911831e-05
1.898617290e-03 9.192717650e-05
1.939001150e-03 9.419420366e-05
2.001193200e-03 9.770000142e-05
2.065380000e-03 1.013362801e-04
2.107414530e-03 1.036226971e-04
2.183043930e-03 1.077487612e-04
2.241541860e-03 1.109507717e-04
2.286441730e-03 1.134145726e-04
2.355483470e-03 1.172132354e-04
2.426610000e-03 1.211391293e-04
2.475996240e-03 1.237464549e-04
2.564852990e-03 1.284450371e-04
2.633582020e-03 1.320856827e-04
2.686334740e-03 1.348837287e-04
2.767451660e-03 1.391923217e-04
2.851018000e-03 1.436385455e-04
2.909041780e-03 1.465831509e-04
3.013439370e-03 1.518822075e-04
3.094188960e-03 1.559818391e-04
3.156168000e-03 1.591290192e-04
3.251472100e-03 1.639692508e-04
3.349654000e-03 1.689567063e-04
3.417826090e-03 1.722525488e-04
3.540482710e-03 1.781757271e-04
3.635355330e-03 1.827513960e-04
3.708174450e-03 1.862600968e-04
3.820147160e-03 1.916498605e-04
3.935501000e-03 1.971955853e-04
4.015596080e-03 2.008503411e-04
4.087015340e-03 2.041037749e-04
4.215069080e-03 2.099246067e-04
4.313735560e-03 2.143989136e-04
4.466082580e-03 2.212898149e-04
4.623810000e-03 2.284021951e-04
4.717913560e-03 2.324162698e-04
4.801823910e-03 2.359864128e-04
4.952274020e-03 2.423666299e-04
5.068197080e-03 2.472647407e-04
5.156916690e-03 2.510031776e-04
5.292916530e-03 2.567170747e-04
5.432503000e-03 2.625610471e-04
5.543065110e-03 2.669261261e-04
5.641651230e-03 2.708050592e-04
5.818414790e-03 2.777293176e-04
5.954612600e-03 2.830384551e-04
6.058849110e-03 2.870868043e-04
6.218635090e-03 2.932681585e-04
6.382635000e-03 2.995826038e-04
6.503168480e-03 3.039430800e-04
6.719605060e-03 3.117271888e-04
6.886646740e-03 3.176958198e-04
7.014647450e-03 3.222471705e-04
7.211123150e-03 3.291967444e-04
7.413102000e-03 3.362961925e-04
7.553095610e-03 3.409057637e-04
7.804475890e-03 3.491250687e-04
7.998486460e-03 3.554193361e-04
8.147152900e-03 3.602143951e-04
8.375349630e-03 3.675285514e-04
8.609938000e-03 3.749912217e-04
8.785166510e-03 3.801644616e-04
8.941414410e-03 3.847495564e-04
9.221564730e-03 3.929069382e-04
9.437422890e-03 3.991382762e-04
9.602625980e-03 4.038765478e-04
9.855868710e-03 4.110896327e-04
1.011579000e-02 4.184315384e-04
1.030682380e-02 4.234050194e-04
1.047693550e-02 4.278052917e-04
1.078141460e-02 4.356160857e-04
1.101556700e-02 4.415676304e-04
1.119451250e-02 4.460845815e-04
1.146839590e-02 4.529467933e-04
1.174898000e-02 4.599145653e-04
1.198809390e-02 4.653550131e-04
1.220130720e-02 4.701681740e-04
1.258359560e-02 4.787112988e-04
1.287815200e-02 4.852203633e-04
1.310358530e-02 4.901601702e-04
1.344915600e-02 4.976643438e-04
1.380384000e-02 5.052833966e-04
1.970000000e-04 1.365319880e-02 164 5
1.970000000e-04 1.178678531e-06
2.187762000e-04 1.867773578e-06
2.190000000e-04 1.881188413e-06
2.264644000e-04 2.148624472e-06
2.400000000e-04 2.714782003e-06
2.483133000e-04 3.095262861e-06
2.570396000e-04 3.509056275e-06
2.665300000e-04 3.971583189e-06
2.786121000e-04 4.581467485e-06
2.917427000e-04 5.278170001e-06
3.090295000e-04 6.256109399e-06
3.235937000e-04 7.126420658e-06
3.388442000e-04 8.067535043e-06
3.550000000e-04 9.080291548e-06
3.715352000e-04 1.012972796e-05
3.935501000e-04 1.155591352e-05
4.216965000e-04 1.343863633e-05
4.500000000e-04 1.538157195e-05
4.786301000e-04 1.736567163e-05
4.954502030e-04 1.851533793e-05
5.128614000e-04 1.974111587e-05
5.339493030e-04 2.118625871e-05
5.559043000e-04 2.273719273e-05
5.787620180e-04 2.431757586e-05
6.025596000e-04 2.600780570e-05
6.258304410e-04 2.761149787e-05
6.500000000e-04 2.931407667e-05
6.783544580e-04 3.123084912e-05
7.079458000e-04 3.327295421e-05
7.253099880e-04 3.442089400e-05
7.521580900e-04 3.621748781e-05
7.800000000e-04 3.810785435e-05
7.972067140e-04 3.921901542e-05
8.237311020e-04 4.094680025e-05
8.511380000e-04 4.275070230e-05
8.709635610e-04 4.398025434e-05
9.015711230e-04 4.589120507e-05
9.332543000e-04 4.788518675e-05
9.577451970e-04 4.934058121e-05
9.956918600e-04 5.160703084e-05
1.035142000e-03 5.397758919e-05
1.059253650e-03 5.533032933e-05
1.096478250e-03 5.742326738e-05
1.135011000e-03 5.959537320e-05
1.167349730e-03 6.129042249e-05
1.192207010e-03 6.259327247e-05
1.230488890e-03 6.459965936e-05
1.270000000e-03 6.667036021e-05
1.301322090e-03 6.818506760e-05
1.325319580e-03 6.934364013e-05
1.362148090e-03 7.111851203e-05
1.400000000e-03 7.293881280e-05
1.440691330e-03 7.473603671e-05
1.471984110e-03 7.611295642e-05
1.520202310e-03 7.822604615e-05
1.570000000e-03 8.039780105e-05
1.610366590e-03 8.199553254e-05
1.641321190e-03 8.321463389e-05
1.688872290e-03 8.507735428e-05
1.737801000e-03 8.698177162e-05
1.783405240e-03 8.859843734e-05
1.818392100e-03 8.983062594e-05
1.872163520e-03 9.171111256e-05
1.927525000e-03 9.363096537e-05
1.980886680e-03 9.529311006e-05
2.021875180e-03 9.655905317e-05
2.084953630e-03 9.848956978e-05
2.150000000e-03 1.004586846e-04
2.216046360e-03 1.022229677e-04
2.266909220e-03 1.035664847e-04
2.305821020e-03 1.045856978e-04
2.365444640e-03 1.061333535e-04
2.426610000e-03 1.077039126e-04
2.497468250e-03 1.092862708e-04
2.551966510e-03 1.104882776e-04
2.593619230e-03 1.113984509e-04
2.657376470e-03 1.127777879e-04
2.722701000e-03 1.141742033e-04
2.766145060e-03 1.149726420e-04
2.843846810e-03 1.163833668e-04
2.903552180e-03 1.174527596e-04
2.949152380e-03 1.182612477e-04
3.018898950e-03 1.194844253e-04
3.090295000e-03 1.207202547e-04
3.139604570e-03 1.214369960e-04
3.227797070e-03 1.227015465e-04
3.295563440e-03 1.236585936e-04
3.347320260e-03 1.243812746e-04
3.426483540e-03 1.254732230e-04
3.507519000e-03 1.265747573e-04
3.565599240e-03 1.272181492e-04
3.617207830e-03 1.277837992e-04
3.709326780e-03 1.287797448e-04
3.779952310e-03 1.295317960e-04
3.888419890e-03 1.306681133e-04
4.000000000e-03 1.318144000e-04
4.061416120e-03 1.323135658e-04
4.171172070e-03 1.331916589e-04
4.255431160e-03 1.338540509e-04
4.319740590e-03 1.343530058e-04
4.418031550e-03 1.351049279e-04
4.518559000e-03 1.358610573e-04
4.590658270e-03 1.362724242e-04
4.654688230e-03 1.366333930e-04
4.768897100e-03 1.372673887e-04
4.856389010e-03 1.377448150e-04
4.990645720e-03 1.384640703e-04
5.128614000e-03 1.391870824e-04
5.210447340e-03 1.394844739e-04
5.283121930e-03 1.397452127e-04
5.412750050e-03 1.402026785e-04
5.512054170e-03 1.405467606e-04
5.587726040e-03 1.408053760e-04
5.703186140e-03 1.411941917e-04
5.821032000e-03 1.415840808e-04
5.913913730e-03 1.417624879e-04
5.996400180e-03 1.419187788e-04
6.143529520e-03 1.421927025e-04
6.256240780e-03 1.423984922e-04
6.342129180e-03 1.425530296e-04
6.473177650e-03 1.427851501e-04
6.606934000e-03 1.430176490e-04
6.712355850e-03 1.430731738e-04
6.805978940e-03 1.431217762e-04
6.972972450e-03 1.432068689e-04
7.100901060e-03 1.432707226e-04
7.198385400e-03 1.433186307e-04
7.347126970e-03 1.433905234e-04
7.498942000e-03 1.434624524e-04
7.629568890e-03 1.433884949e-04
7.745732640e-03 1.433238130e-04
7.848825850e-03 1.432672410e-04
8.032551640e-03 1.431682930e-04
8.173162830e-03 1.430941270e-04
8.280234180e-03 1.430385270e-04
8.443476950e-03 1.429551684e-04
8.609938000e-03 1.428718586e-04
8.759917620e-03 1.426608872e-04
8.893291340e-03 1.424765421e-04
9.011658080e-03 1.423154356e-04
9.222603340e-03 1.420339386e-04
9.384046440e-03 1.418231803e-04
9.506980700e-03 1.416653177e-04
9.694408310e-03 1.414288528e-04
9.885531000e-03 1.411927821e-04
1.005773100e-02 1.408525944e-04
1.021086480e-02 1.405556005e-04
1.034676830e-02 1.402962470e-04
1.058896620e-02 1.398435246e-04
1.077432800e-02 1.395049440e-04
1.091547560e-02 1.392515451e-04
1.113067160e-02 1.388723128e-04
1.135011000e-02 1.384941118e-04
1.156445250e-02 1.379962421e-04
1.175532000e-02 1.375620735e-04
1.192491140e-02 1.371832950e-04
1.207530980e-02 1.368527231e-04
1.234308540e-02 1.362761329e-04
1.254780690e-02 1.358452886e-04
1.270357320e-02 1.355230479e-04
1.294085560e-02 1.350411182e-04
1.318257000e-02 1.345609039e-04
1.343151690e-02 1.339483009e-04
1.365319880e-02 1.334145580e-04
1.890000000e-04 1.353392460e-02 169 6
1.890000000e-04 2.153772951e-06
1.953919140e-04 2.580981772e-06
2.020000000e-04 3.092928984e-06
2.100000000e-04 3.784049231e-06
2.135000000e-04 4.080627891e-06
2.330000000e-04 5.700651407e-06
2.400000000e-04 6.355058688e-06
2.483133000e-04 7.155929831e-06
2.580000000e-04 8.111530576e-06
2.691535000e-04 9.243809700e-06
2.851018000e-04 1.094434968e-05
3.019952000e-04 1.286699715e-05
3.162278000e-04 1.457038243e-05
3.311311000e-04 1.640535557e-05
3.467369000e-04 1.835540046e-05
3.672823000e-04 2.095100800e-05
3.935501000e-04 2.433583832e-05
4.073802890e-04 2.613825727e-05
4.216965000e-04 2.807417128e-05
4.365158100e-04 3.005091587e-05
4.518559000e-04 3.216684564e-05
4.650503580e-04 3.393790883e-05
4.786301000e-04 3.580648405e-05
4.964821270e-04 3.818674024e-05
5.150000000e-04 4.072522502e-05
5.381503230e-04 4.382214858e-05
5.623413000e-04 4.715457543e-05
5.854637250e-04 5.026094505e-05
6.095369000e-04 5.357195089e-05
6.345998800e-04 5.688486564e-05
6.606934000e-04 6.040265235e-05
6.760829490e-04 6.238273713e-05
6.998420020e-04 6.547523245e-05
7.244360000e-04 6.872103164e-05
7.413102650e-04 7.084917383e-05
7.673614850e-04 7.416559196e-05
7.943282000e-04 7.763725026e-05
8.128304930e-04 7.988687551e-05
8.413951350e-04 8.338412356e-05
8.709636000e-04 8.703447230e-05
8.912509500e-04 8.939333154e-05
9.225714400e-04 9.305203161e-05
9.549926000e-04 9.686047477e-05
9.800540650e-04 9.963130776e-05
9.992808280e-04 1.017613261e-04
1.028830510e-03 1.050420394e-04
1.059254000e-03 1.084285213e-04
1.083927220e-03 1.109766943e-04
1.122018810e-03 1.149116781e-04
1.161449000e-03 1.189861827e-04
1.191928350e-03 1.219248392e-04
1.215311620e-03 1.241763606e-04
1.251249460e-03 1.276318436e-04
1.288250000e-03 1.311834811e-04
1.318257200e-03 1.338365654e-04
1.364583600e-03 1.379171333e-04
1.412538000e-03 1.421221135e-04
1.450357350e-03 1.451792307e-04
1.479384900e-03 1.475151478e-04
1.524019130e-03 1.510896808e-04
1.570000000e-03 1.547508292e-04
1.615008320e-03 1.579835117e-04
1.649609310e-03 1.604522645e-04
1.702905700e-03 1.642279159e-04
1.757924000e-03 1.680924110e-04
1.804092190e-03 1.710081227e-04
1.839512310e-03 1.732280469e-04
1.893950640e-03 1.766120856e-04
1.950000000e-03 1.800622313e-04
2.001133140e-03 1.828798829e-04
2.040361000e-03 1.850220193e-04
2.100649310e-03 1.882823607e-04
2.162719000e-03 1.916001540e-04
2.225871400e-03 1.945746252e-04
2.274442960e-03 1.968357422e-04
2.311565920e-03 1.985488049e-04
2.368389540e-03 2.011463974e-04
2.426610000e-03 2.037779728e-04
2.497468250e-03 2.065424444e-04
2.551966510e-03 2.086403810e-04
2.593619230e-03 2.102278079e-04
2.657376470e-03 2.126316199e-04
2.722701000e-03 2.150629181e-04
2.766145060e-03 2.164351199e-04
2.843846810e-03 2.188575726e-04
2.903552180e-03 2.206921901e-04
2.949152380e-03 2.220782389e-04
3.018898950e-03 2.241736486e-04
3.090295000e-03 2.262888305e-04
3.139604570e-03 2.274919860e-04
3.227797070e-03 2.296129185e-04
3.295563440e-03 2.312165851e-04
3.347320260e-03 2.324266809e-04
3.426483540e-03 2.342537100e-04
3.507519000e-03 2.360951001e-04
3.563485810e-03 2.371083420e-04
3.663585100e-03 2.388919885e-04
3.740500540e-03 2.402385229e-04
3.799245000e-03 2.412534029e-04
3.889096030e-03 2.427837660e-04
3.981072000e-03 2.443238369e-04
4.038778450e-03 2.450716324e-04
4.141784750e-03 2.463857830e-04
4.220759890e-03 2.473760204e-04
4.280977920e-03 2.481213091e-04
4.372919660e-03 2.492434534e-04
4.466836000e-03 2.503706724e-04
4.531583680e-03 2.509434190e-04
4.647158620e-03 2.519488800e-04
4.735770150e-03 2.527056191e-04
4.803335870e-03 2.532746645e-04
4.906496160e-03 2.541306352e-04
5.011872000e-03 2.549894998e-04
5.084520150e-03 2.553802737e-04
5.214197480e-03 2.560655712e-04
5.313621340e-03 2.565807499e-04
5.389431390e-03 2.569678141e-04
5.505179250e-03 2.575495056e-04
5.623413000e-03 2.581325149e-04
5.713141560e-03 2.583480468e-04
5.792827730e-03 2.585367837e-04
5.934962280e-03 2.588674051e-04
6.043847190e-03 2.591156484e-04
6.126819830e-03 2.593019883e-04
6.253419440e-03 2.595817486e-04
6.382635000e-03 2.598618097e-04
6.484477860e-03 2.598526752e-04
6.574922510e-03 2.598446823e-04
6.736246730e-03 2.598306967e-04
6.859832250e-03 2.598202069e-04
6.954007080e-03 2.598123411e-04
7.097698980e-03 2.598005414e-04
7.244360000e-03 2.597887421e-04
7.359952610e-03 2.595532515e-04
7.462608150e-03 2.593473733e-04
7.645712660e-03 2.589874785e-04
7.785983390e-03 2.587178848e-04
7.892872710e-03 2.585158749e-04
8.055964360e-03 2.582131538e-04
8.222426000e-03 2.579107881e-04
8.365655550e-03 2.574060172e-04
8.493026580e-03 2.569651529e-04
8.606066040e-03 2.565800161e-04
8.807517380e-03 2.559074152e-04
8.961694500e-03 2.554041227e-04
9.079095920e-03 2.550273025e-04
9.258088070e-03 2.544631142e-04
9.440609000e-03 2.539001743e-04
9.605058510e-03 2.531587821e-04
9.751300010e-03 2.525118405e-04
9.881086690e-03 2.519471222e-04
1.011238380e-02 2.509619031e-04
1.028940280e-02 2.502255166e-04
1.042419770e-02 2.496746476e-04
1.062970810e-02 2.488506144e-04
1.083927000e-02 2.480293020e-04
1.102808360e-02 2.470747044e-04
1.119599160e-02 2.462424471e-04
1.134500690e-02 2.455165233e-04
1.161057180e-02 2.442512978e-04
1.181381710e-02 2.433066615e-04
1.196858250e-02 2.426005809e-04
1.220454040e-02 2.415453049e-04
1.244515000e-02 2.404946172e-04
1.268017160e-02 2.392544592e-04
1.288945340e-02 2.381745656e-04
1.307540650e-02 2.372336593e-04
1.324031480e-02 2.364134159e-04
1.353392460e-02 2.349848069e-04
7.700000000e-05 1.352780630e-02 284 7
7.700000000e-05 1.240473603e-07
7.959000000e-05 1.398344994e-07
8.128305000e-05 1.509094165e-07
8.230000000e-05 1.585759054e-07
8.330000000e-05 1.673101782e-07
8.413951000e-05 1.757429414e-07
8.511380000e-05 1.870747134e-07
8.610000000e-05 2.006057299e-07
8.709636000e-05 2.167564819e-07
8.810489000e-05 2.360229237e-07
8.912509000e-05 2.589055098e-07
9.015711000e-05 2.859902345e-07
9.120108000e-05 3.178823468e-07
9.240200000e-05 3.607523185e-07
9.319757510e-05 3.934674896e-07
9.400000000e-05 4.291494635e-07
9.461092130e-05 4.592188268e-07
9.568960300e-05 5.169983114e-07
9.650667740e-05 5.650556279e-07
9.774538900e-05 6.456457830e-07
9.900000000e-05 7.377299733e-07
9.974718050e-05 7.961988602e-07
1.005000000e-04 8.593016963e-07
1.012472230e-04 9.239453880e-07
1.020000000e-04 9.934519916e-07
1.035142000e-04 1.140577222e-06
1.052000000e-04 1.316569448e-06
1.065000000e-04 1.459913421e-06
1.080000000e-04 1.632254188e-06
1.096478000e-04 1.828844275e-06
1.110000000e-04 1.994739048e-06
1.128000000e-04 2.221116955e-06
1.150000000e-04 2.504838541e-06
1.170000000e-04 2.768894180e-06
1.190000000e-04 3.038692190e-06
1.218400000e-04 3.432065561e-06
1.250000000e-04 3.885523437e-06
1.288250000e-04 4.459551985e-06
1.333521000e-04 5.178190616e-06
1.380384000e-04 5.967806354e-06
1.430000000e-04 6.850399377e-06
1.480000000e-04 7.779950686e-06
1.531087000e-04 8.759338322e-06
1.580000000e-04 9.711353684e-06
1.635000000e-04 1.078617481e-05
1.690000000e-04 1.185821474e-05
1.747700000e-04 1.297112429e-05
1.820000000e-04 1.434177036e-05
1.900000000e-04 1.583043482e-05
2.000000000e-04 1.766883200e-05
2.120000000e-04 1.985749534e-05
2.238721000e-04 2.197917054e-05
2.350000000e-04 2.389346184e-05
2.415649510e-04 2.495646507e-05
2.483133000e-04 2.606676072e-05
2.550648640e-04 2.708527282e-05
2.620000000e-04 2.814358146e-05
2.686276230e-04 2.907212380e-05
2.754229000e-04 3.003130157e-05
2.834653780e-04 3.107698615e-05
2.917427000e-04 3.215908122e-05
3.019951540e-04 3.339149742e-05
3.126079000e-04 3.467114288e-05
3.236103320e-04 3.588871370e-05
3.350000000e-04 3.714904271e-05
3.410823380e-04 3.775405594e-05
3.504135300e-04 3.868010080e-05
3.600000000e-04 3.962885990e-05
3.722902100e-04 4.069347660e-05
3.850000000e-04 4.178669376e-05
3.927313340e-04 4.236664808e-05
4.046204090e-04 4.325170601e-05
4.168694000e-04 4.415525359e-05
4.265795350e-04 4.477783827e-05
4.340102790e-04 4.525053060e-05
4.453997950e-04 4.596894171e-05
4.570882000e-04 4.669875864e-05
4.677351420e-04 4.726876537e-05
4.758827840e-04 4.770083153e-05
4.883711300e-04 4.835634733e-05
5.011872000e-04 4.902087130e-05
5.113873400e-04 4.945348194e-05
5.191734480e-04 4.978044342e-05
5.310754490e-04 5.027494377e-05
5.432503000e-04 5.077435585e-05
5.569135620e-04 5.121928349e-05
5.673860570e-04 5.155553630e-05
5.834651960e-04 5.206405877e-05
6.000000000e-04 5.257759680e-05
6.146295420e-04 5.292797523e-05
6.258353140e-04 5.319229028e-05
6.430281970e-04 5.359124012e-05
6.606934000e-04 5.399318213e-05
6.760829490e-04 5.424342526e-05
6.878599020e-04 5.443186818e-05
7.059110970e-04 5.471576123e-05
7.244360000e-04 5.500113462e-05
7.349368450e-04 5.509265981e-05
7.536809070e-04 5.525319523e-05
7.680520160e-04 5.537390353e-05
7.790098940e-04 5.546460807e-05
7.957405370e-04 5.560094348e-05
8.128305000e-04 5.573761387e-05
8.341612080e-04 5.579749031e-05
8.505257920e-04 5.584243988e-05
8.630095700e-04 5.587617569e-05
8.820796380e-04 5.592681777e-05
9.015711000e-04 5.597750580e-05
9.225714000e-04 5.594073165e-05
9.386420180e-04 5.591316695e-05
9.508784270e-04 5.589250232e-05
9.695327830e-04 5.586151968e-05
9.885531000e-04 5.583055429e-05
1.001440140e-03 5.576690565e-05
1.024398020e-03 5.565569606e-05
1.041961160e-03 5.557243405e-05
1.055330850e-03 5.551007040e-05
1.075707710e-03 5.541665500e-05
1.096478000e-03 5.532339587e-05
1.112371740e-03 5.519904851e-05
1.126467630e-03 5.509047303e-05
1.151566600e-03 5.490097999e-05
1.170757150e-03 5.475928840e-05
1.185359640e-03 5.465325916e-05
1.207605580e-03 5.449460133e-05
1.230269000e-03 5.433640337e-05
1.249899400e-03 5.413974202e-05
1.267332770e-03 5.396824693e-05
1.282786330e-03 5.381863577e-05
1.310284840e-03 5.355781175e-05
1.331294880e-03 5.336302371e-05
1.363443280e-03 5.307216892e-05
1.396368000e-03 5.278290006e-05
1.416975560e-03 5.255125703e-05
1.435256510e-03 5.234940459e-05
1.467817490e-03 5.199802537e-05
1.492722090e-03 5.173604025e-05
1.511677450e-03 5.154041758e-05
1.540562760e-03 5.124837008e-05
1.570000000e-03 5.095797705e-05
1.592345150e-03 5.069647096e-05
1.612157890e-03 5.046875441e-05
1.647425200e-03 5.007270885e-05
1.674381070e-03 4.977771600e-05
1.694887020e-03 4.955761172e-05
1.726117780e-03 4.922927960e-05
1.757924000e-03 4.890312284e-05
1.783405460e-03 4.860243189e-05
1.806004550e-03 4.834084470e-05
1.846244210e-03 4.788645030e-05
1.877011250e-03 4.754845954e-05
1.900422540e-03 4.729653303e-05
1.936088110e-03 4.692114443e-05
1.972423000e-03 4.654873448e-05
1.998136080e-03 4.625599404e-05
2.020909850e-03 4.600135690e-05
2.061390290e-03 4.555911026e-05
2.092281860e-03 4.523021760e-05
2.139489370e-03 4.474132509e-05
2.187762000e-03 4.425771719e-05
2.216282230e-03 4.394842935e-05
2.241542260e-03 4.367957623e-05
2.286442030e-03 4.321303459e-05
2.320706100e-03 4.286640172e-05
2.346740700e-03 4.260825307e-05
2.386341230e-03 4.222394175e-05
2.426610000e-03 4.184309705e-05
2.465329610e-03 4.144803307e-05
2.499715750e-03 4.110541372e-05
2.530196820e-03 4.080794551e-05
2.584435760e-03 4.029254650e-05
2.625876640e-03 3.991027396e-05
2.657392790e-03 3.962595118e-05
2.705377670e-03 3.920326085e-05
2.754229000e-03 3.878507912e-05
2.798176060e-03 3.838246747e-05
2.837204570e-03 3.803361152e-05
2.871800820e-03 3.773096509e-05
2.933362420e-03 3.720711683e-05
2.980398130e-03 3.681900938e-05
3.016169190e-03 3.653058771e-05
3.070632380e-03 3.610218614e-05
3.126079000e-03 3.567880825e-05
3.175959520e-03 3.527495878e-05
3.220257430e-03 3.492534195e-05
3.259524650e-03 3.462227081e-05
3.329397940e-03 3.409821120e-05
3.382784130e-03 3.371037885e-05
3.423384800e-03 3.342240222e-05
3.485201290e-03 3.299504318e-05
3.548134000e-03 3.257314874e-05
3.604748820e-03 3.217574213e-05
3.655027330e-03 3.183199055e-05
3.699595960e-03 3.153422193e-05
3.739039090e-03 3.127596013e-05
3.809079140e-03 3.082908127e-05
3.862468840e-03 3.049811743e-05
3.943959770e-03 3.000832160e-05
4.027170000e-03 2.952639191e-05
4.091428540e-03 2.914159082e-05
4.148495280e-03 2.880900556e-05
4.199081250e-03 2.852110901e-05
4.243849710e-03 2.827156039e-05
4.323346060e-03 2.784009282e-05
4.383944050e-03 2.752081895e-05
4.429949300e-03 2.728376879e-05
4.499863950e-03 2.693201635e-05
4.570882000e-03 2.658479892e-05
4.650503910e-03 2.618186516e-05
4.721310000e-03 2.583431096e-05
4.784149110e-03 2.553398768e-05
4.839819040e-03 2.527407028e-05
4.938804690e-03 2.482556493e-05
5.014370240e-03 2.449441671e-05
5.071802190e-03 2.424895763e-05
5.159185820e-03 2.388537329e-05
5.248075000e-03 2.352724059e-05
5.336652640e-03 2.315948038e-05
5.415383600e-03 2.284240883e-05
5.485225410e-03 2.256853440e-05
5.547075490e-03 2.233158917e-05
5.656995990e-03 2.192290534e-05
5.740863440e-03 2.162130816e-05
5.804578990e-03 2.139783634e-05
5.901480660e-03 2.106695188e-05
6.000000000e-03 2.074118400e-05
6.098981850e-03 2.040528238e-05
6.186929540e-03 2.011583390e-05
6.264923480e-03 1.986593659e-05
6.333974290e-03 1.964982432e-05
6.456649560e-03 1.927726963e-05
6.550212720e-03 1.900249632e-05
6.621273790e-03 1.879898975e-05
6.729313460e-03 1.849780902e-05
6.839116000e-03 1.820145349e-05
6.958249100e-03 1.787322850e-05
7.064191660e-03 1.759089055e-05
7.158213750e-03 1.734750587e-05
7.241509050e-03 1.713730822e-05
7.315187140e-03 1.695547560e-05
7.445932190e-03 1.664189872e-05
7.545522230e-03 1.641052768e-05
7.621087940e-03 1.623911293e-05
7.735857790e-03 1.598534206e-05
7.852356000e-03 1.573553692e-05
7.989139080e-03 1.543714442e-05
8.110777390e-03 1.518069633e-05
8.218729180e-03 1.495980140e-05
8.314364970e-03 1.476915662e-05
8.398958720e-03 1.460433644e-05
8.549074090e-03 1.432031484e-05
8.663418750e-03 1.411092937e-05
8.750179780e-03 1.395590195e-05
8.881953170e-03 1.372654824e-05
9.015711000e-03 1.350096392e-05
9.172758840e-03 1.323282662e-05
9.312418190e-03 1.300257861e-05
9.436363310e-03 1.280440039e-05
9.546167790e-03 1.263347378e-05
9.643294320e-03 1.248578578e-05
9.815649670e-03 1.223147402e-05
9.946934790e-03 1.204414521e-05
1.004654970e-02 1.190553366e-05
1.019784570e-02 1.170060206e-05
1.035142000e-02 1.149919797e-05
1.054690230e-02 1.124169807e-05
1.072097520e-02 1.102112011e-05
1.087564410e-02 1.083166757e-05
1.101280880e-02 1.066857026e-05
1.113424620e-02 1.052787578e-05
1.124160190e-02 1.040629103e-05
1.143197100e-02 1.019688676e-05
1.157686050e-02 1.004260367e-05
1.179764500e-02 9.815544886e-06
1.202264000e-02 9.593619863e-06
1.215310800e-02 9.464289149e-06
1.227670730e-02 9.344625470e-06
1.239372300e-02 9.233815151e-06
1.261614200e-02 9.029575595e-06
1.281403040e-02 8.854574965e-06
1.298972740e-02 8.704234085e-06
1.314543730e-02 8.574781244e-06
1.328321380e-02 8.463090243e-06
1.352780630e-02 8.271120281e-06
7.600000000e-05 1.355969350e-02 287 8
7.600000000e-05 1.836040381e-07
7.845000000e-05 2.046342507e-07
8.000000000e-05 2.187863040e-07
8.128305000e-05 2.325761054e-07
8.230000000e-05 2.455655851e-07
8.330000000e-05 2.606834572e-07
8.420000000e-05 2.766723593e-07
8.511380000e-05 2.956424036e-07
8.610000000e-05 3.197130125e-07
8.709636000e-05 3.483787781e-07
8.810489000e-05 3.824627830e-07
8.912509000e-05 4.227739826e-07
9.040000000e-05 4.823976361e-07
9.150000000e-05 5.429870124e-07
9.224695120e-05 5.897876546e-07
9.300000000e-05 6.406220891e-07
9.415908060e-05 7.290202548e-07
9.503786140e-05 8.032354361e-07
9.570232510e-05 8.638141381e-07
9.670774130e-05 9.633552662e-07
9.772372000e-05 1.074366948e-06
9.860786050e-05 1.176629456e-06
9.950000000e-05 1.288625698e-06
1.003255260e-04 1.395945501e-06
1.011579000e-04 1.512202994e-06
1.025000000e-04 1.708385749e-06
1.040000000e-04 1.941875220e-06
1.055000000e-04 2.188400772e-06
1.071519000e-04 2.472513325e-06
1.085000000e-04 2.712509941e-06
1.100000000e-04 2.986716084e-06
1.115000000e-04 3.267235953e-06
1.135011000e-04 3.649973247e-06
1.150000000e-04 3.942363507e-06
1.170000000e-04 4.339874730e-06
1.198000000e-04 4.910811802e-06
1.220000000e-04 5.372215362e-06
1.250000000e-04 6.021773438e-06
1.288250000e-04 6.887627375e-06
1.333521000e-04 7.970919144e-06
1.380384000e-04 9.159000833e-06
1.430000000e-04 1.048384354e-05
1.480000000e-04 1.187376991e-05
1.531087000e-04 1.333175198e-05
1.584893000e-04 1.488733165e-05
1.640590000e-04 1.649852269e-05
1.698244000e-04 1.815288923e-05
1.760000000e-04 1.990139208e-05
1.820000000e-04 2.157628104e-05
1.905461000e-04 2.392876276e-05
2.000000000e-04 2.649739200e-05
2.113489000e-04 2.954095651e-05
2.175203950e-04 3.114296881e-05
2.238721000e-04 3.283185836e-05
2.350000000e-04 3.565432363e-05
2.454709000e-04 3.817920817e-05
2.516574900e-04 3.957120473e-05
2.580000000e-04 4.101395309e-05
2.653940470e-04 4.255171192e-05
2.730000000e-04 4.414712660e-05
2.822157990e-04 4.590430757e-05
2.917427000e-04 4.773142948e-05
2.973908740e-04 4.872156646e-05
3.060688250e-04 5.024541660e-05
3.150000000e-04 5.181692725e-05
3.207989440e-04 5.274005237e-05
3.296981380e-04 5.415566751e-05
3.388442000e-04 5.560927872e-05
3.507519190e-04 5.729680923e-05
3.630781000e-04 5.903554995e-05
3.694026690e-04 5.982058175e-05
3.790966880e-04 6.101774624e-05
3.890451000e-04 6.223886848e-05
3.969629390e-04 6.307868724e-05
4.091428630e-04 6.435971069e-05
4.216965000e-04 6.566674952e-05
4.315190700e-04 6.656238053e-05
4.390358560e-04 6.724211102e-05
4.505572530e-04 6.827474388e-05
4.623810000e-04 6.932323503e-05
4.717913550e-04 7.003616223e-05
4.862671990e-04 7.111932344e-05
5.011872000e-04 7.221923626e-05
5.113873400e-04 7.284184269e-05
5.191734480e-04 7.331231736e-05
5.310754490e-04 7.402373345e-05
5.432503000e-04 7.474205262e-05
5.559042240e-04 7.533166436e-05
5.655877220e-04 7.577692327e-05
5.804301600e-04 7.644975110e-05
5.956621000e-04 7.712855310e-05
6.112937690e-04 7.767165169e-05
6.232861400e-04 7.808148381e-05
6.324345600e-04 7.839027617e-05
6.464095760e-04 7.885575595e-05
6.606934000e-04 7.932400023e-05
6.760829490e-04 7.966516657e-05
6.878599020e-04 7.992200332e-05
7.059110970e-04 8.030881275e-05
7.244360000e-04 8.069749385e-05
7.413102650e-04 8.090739915e-05
7.542234060e-04 8.106518579e-05
7.740160990e-04 8.130244354e-05
7.943282000e-04 8.154039569e-05
8.151733810e-04 8.164541336e-05
8.311654760e-04 8.172426517e-05
8.433651010e-04 8.178345473e-05
8.620010990e-04 8.187231846e-05
8.810489000e-04 8.196127878e-05
8.938198850e-04 8.192499860e-05
9.166161610e-04 8.186154759e-05
9.340941100e-04 8.181399138e-05
9.474209330e-04 8.177834224e-05
9.677685160e-04 8.172489775e-05
9.885531000e-04 8.167148832e-05
1.004326640e-03 8.153308918e-05
1.018334820e-03 8.141218440e-05
1.043320890e-03 8.120102890e-05
1.062461950e-03 8.104302193e-05
1.077047850e-03 8.092471912e-05
1.099303000e-03 8.074758855e-05
1.122018000e-03 8.057084592e-05
1.138281900e-03 8.035827547e-05
1.152706090e-03 8.017273773e-05
1.178389620e-03 7.984907631e-05
1.198027120e-03 7.960718831e-05
1.212969700e-03 7.942625183e-05
1.235733750e-03 7.915562068e-05
1.258925000e-03 7.888591039e-05
1.277173490e-03 7.860326120e-05
1.293357780e-03 7.835677475e-05
1.322175320e-03 7.792728080e-05
1.344209070e-03 7.760670618e-05
1.360975020e-03 7.736714154e-05
1.386516840e-03 7.700917989e-05
1.412538000e-03 7.665287480e-05
1.433012960e-03 7.630260316e-05
1.451171860e-03 7.599742807e-05
1.483505380e-03 7.546630764e-05
1.508227430e-03 7.507040533e-05
1.527038950e-03 7.477484117e-05
1.555697060e-03 7.433367476e-05
1.584893000e-03 7.389511327e-05
1.607866340e-03 7.349075313e-05
1.628241020e-03 7.313875397e-05
1.664519910e-03 7.252680587e-05
1.692258570e-03 7.207120755e-05
1.713365510e-03 7.173138952e-05
1.745520530e-03 7.122466193e-05
1.778279000e-03 7.072151446e-05
1.806653660e-03 7.021896676e-05
1.831852640e-03 6.978216725e-05
1.854189890e-03 6.940219700e-05
1.893937480e-03 6.874222152e-05
1.924306340e-03 6.825136142e-05
1.947402130e-03 6.788551851e-05
1.982566590e-03 6.734042783e-05
2.018366000e-03 6.679971324e-05
2.047622660e-03 6.630443472e-05
2.073569900e-03 6.587407860e-05
2.119771240e-03 6.512766599e-05
2.155096560e-03 6.457341259e-05
2.181976340e-03 6.416082015e-05
2.222925920e-03 6.354686930e-05
2.264644000e-03 6.293879344e-05
2.297470570e-03 6.242022448e-05
2.326583910e-03 6.196998245e-05
2.378422770e-03 6.118985939e-05
2.418058500e-03 6.061121861e-05
2.448218170e-03 6.018083220e-05
2.494164450e-03 5.954097602e-05
2.540973000e-03 5.890792279e-05
2.577804870e-03 5.837240974e-05
2.610470450e-03 5.790783112e-05
2.639392210e-03 5.750435905e-05
2.690778440e-03 5.680503525e-05
2.729973590e-03 5.628612946e-05
2.789839400e-03 5.551664459e-05
2.851018000e-03 5.475767960e-05
2.896509600e-03 5.416120437e-05
2.936909810e-03 5.364462140e-05
2.972721960e-03 5.319665415e-05
3.036447210e-03 5.242169510e-05
3.085136020e-03 5.184789299e-05
3.122164290e-03 5.142166713e-05
3.178541650e-03 5.078888946e-05
3.235937000e-03 5.016389817e-05
3.287570320e-03 4.957234888e-05
3.333424870e-03 4.906046856e-05
3.374071940e-03 4.861691094e-05
3.410044510e-03 4.823208928e-05
3.473921790e-03 4.756596557e-05
3.522613770e-03 4.707241740e-05
3.596934370e-03 4.634168004e-05
3.672823000e-03 4.562228705e-05
3.731427450e-03 4.504390687e-05
3.783472930e-03 4.454384283e-05
3.829607850e-03 4.411084240e-05
3.870437150e-03 4.373542131e-05
3.942938650e-03 4.308610662e-05
3.998204650e-03 4.260545476e-05
4.082559460e-03 4.189451183e-05
4.168694000e-03 4.119543248e-05
4.235210690e-03 4.063755915e-05
4.294282870e-03 4.015562096e-05
4.346646510e-03 3.973861568e-05
4.392988220e-03 3.937729030e-05
4.475278210e-03 3.875285793e-05
4.538005720e-03 3.829104043e-05
4.585627670e-03 3.794829266e-05
4.657999250e-03 3.743991506e-05
4.731513000e-03 3.693834789e-05
4.807010090e-03 3.640617755e-05
4.874057590e-03 3.594682187e-05
4.933490830e-03 3.554964254e-05
4.986089110e-03 3.520571215e-05
5.079489050e-03 3.461182129e-05
5.150685380e-03 3.417298696e-05
5.204736750e-03 3.384751639e-05
5.286879180e-03 3.336511350e-05
5.370318000e-03 3.288958621e-05
5.456008060e-03 3.238789540e-05
5.532107730e-03 3.195519755e-05
5.599565140e-03 3.158133151e-05
5.659264790e-03 3.125778873e-05
5.765274790e-03 3.069954437e-05
5.846083440e-03 3.028741351e-05
5.907432370e-03 2.998195031e-05
6.000664980e-03 2.952952219e-05
6.095369000e-03 2.908392138e-05
6.192628180e-03 2.861625233e-05
6.279002150e-03 2.821321471e-05
6.355567060e-03 2.786521617e-05
6.423326830e-03 2.756424016e-05
6.543649370e-03 2.704533396e-05
6.635368100e-03 2.666257498e-05
6.704999820e-03 2.637906481e-05
6.810819870e-03 2.595944198e-05
6.918310000e-03 2.554649441e-05
7.028700110e-03 2.511416675e-05
7.126735410e-03 2.474188608e-05
7.213637330e-03 2.442067020e-05
7.290545320e-03 2.414302900e-05
7.427112570e-03 2.366473088e-05
7.531214210e-03 2.331223592e-05
7.610246880e-03 2.305131465e-05
7.730353670e-03 2.266539827e-05
7.852356000e-03 2.228594275e-05
7.989139080e-03 2.185363219e-05
8.110777390e-03 2.148224515e-05
8.218729180e-03 2.116246265e-05
8.314364970e-03 2.088656030e-05
8.398958720e-03 2.064809792e-05
8.549074090e-03 2.023732130e-05
8.663418750e-03 1.993461073e-05
8.750179780e-03 1.971055300e-05
8.881953170e-03 1.937917937e-05
9.015711000e-03 1.905337685e-05
9.172758840e-03 1.866637705e-05
9.312418190e-03 1.833420588e-05
9.436363310e-03 1.804840850e-05
9.546167790e-03 1.780199283e-05
9.643294320e-03 1.758914040e-05
9.815649670e-03 1.722275444e-05
9.946934790e-03 1.695298201e-05
1.004654970e-02 1.675342906e-05
1.019784570e-02 1.645849607e-05
1.035142000e-02 1.616875513e-05
1.054690230e-02 1.579806632e-05
1.072097520e-02 1.548069178e-05
1.087564410e-02 1.520822350e-05
1.101280880e-02 1.497375091e-05
1.113424620e-02 1.477155443e-05
1.124160190e-02 1.459687354e-05
1.143197100e-02 1.429613806e-05
1.157686050e-02 1.407465971e-05
1.179764500e-02 1.374885900e-05
1.202264000e-02 1.343059999e-05
1.214436650e-02 1.325751678e-05
1.225960420e-02 1.309727772e-05
1.247863010e-02 1.280203092e-05
1.267348540e-02 1.254915513e-05
1.284647810e-02 1.233198961e-05
1.299978260e-02 1.214505465e-05
1.313542410e-02 1.198381272e-05
1.337621100e-02 1.170677323e-05
1.355969350e-02 1.150320504e-05
2.380000000e-05 1.364583000e-02 275 9
2.380000000e-05 4.540422752e-10
2.389443650e-05 4.288718772e-10
2.396550970e-05 4.109140843e-10
2.407251600e-05 3.853773982e-10
2.418000000e-05 3.614277397e-10
2.430000000e-05 3.365564835e-10
2.436153840e-05 3.237867037e-10
2.445413830e-05 3.055347509e-10
2.454709000e-05 2.883116824e-10
2.462342640e-05 2.744835755e-10
2.470000000e-05 2.613187113e-10
2.476722510e-05 2.499149309e-10
2.486840590e-05 2.337355521e-10
2.497000000e-05 2.186036344e-10
2.507921400e-05 2.031601437e-10
2.516143780e-05 1.922978188e-10
2.522328250e-05 1.845339350e-10
2.531633470e-05 1.734718886e-10
2.540973000e-05 1.630729739e-10
2.550468760e-05 1.534843523e-10
2.560000000e-05 1.444595473e-10
2.567489050e-05 1.381373838e-10
2.575000000e-05 1.320919131e-10
2.586200000e-05 1.242026112e-10
2.595000000e-05 1.188086839e-10
2.605000000e-05 1.135361224e-10
2.615000000e-05 1.091682830e-10
2.625000000e-05 1.057146768e-10
2.635000000e-05 1.031673827e-10
2.642000000e-05 1.019244731e-10
2.650000000e-05 1.010510081e-10
2.657000000e-05 1.007637217e-10
2.665000000e-05 1.009827582e-10
2.673000000e-05 1.017845153e-10
2.681000000e-05 1.031694138e-10
2.689000000e-05 1.051378997e-10
2.696000000e-05 1.073386976e-10
2.705000000e-05 1.108252316e-10
2.715000000e-05 1.155643517e-10
2.725000000e-05 1.212139050e-10
2.735000000e-05 1.277734424e-10
2.750000000e-05 1.393220091e-10
2.765000000e-05 1.529050696e-10
2.775978210e-05 1.642892772e-10
2.787000000e-05 1.765210598e-10
2.802868470e-05 1.963261960e-10
2.814829080e-05 2.126251058e-10
2.823833020e-05 2.257312891e-10
2.837392960e-05 2.469207354e-10
2.851018000e-05 2.700992226e-10
2.865472360e-05 2.960901945e-10
2.880000000e-05 3.245821939e-10
2.894961140e-05 3.552874224e-10
2.910000000e-05 3.888973214e-10
2.923468840e-05 4.200228754e-10
2.937000000e-05 4.536395436e-10
2.948477580e-05 4.828297427e-10
2.960000000e-05 5.138982042e-10
2.974962190e-05 5.550880988e-10
2.990000000e-05 5.995794107e-10
3.004962570e-05 6.446904438e-10
3.020000000e-05 6.931954913e-10
3.034962940e-05 7.422358743e-10
3.050000000e-05 7.947455989e-10
3.064963300e-05 8.476949658e-10
3.080000000e-05 9.041720067e-10
3.110000000e-05 1.021446436e-09
3.135000000e-05 1.125186148e-09
3.152451430e-05 1.199832577e-09
3.170000000e-05 1.279431113e-09
3.189937310e-05 1.370778478e-09
3.210000000e-05 1.468647701e-09
3.245000000e-05 1.645377859e-09
3.280000000e-05 1.832496690e-09
3.304905450e-05 1.969961306e-09
3.330000000e-05 2.117737763e-09
3.370000000e-05 2.360977242e-09
3.420000000e-05 2.683601243e-09
3.470000000e-05 3.026724284e-09
3.520000000e-05 3.390167279e-09
3.570000000e-05 3.773620363e-09
3.630781000e-05 4.266617451e-09
3.690000000e-05 4.774691449e-09
3.770000000e-05 5.504522455e-09
3.850000000e-05 6.282944106e-09
3.935501000e-05 7.167466476e-09
4.030000000e-05 8.206866107e-09
4.129900000e-05 9.374484393e-09
4.220000000e-05 1.048669318e-08
4.350000000e-05 1.218726074e-08
4.466836000e-05 1.380886451e-08
4.623810000e-05 1.612026388e-08
4.786301000e-05 1.866464749e-08
4.954502000e-05 2.145098042e-08
5.150000000e-05 2.487123143e-08
5.350000000e-05 2.855768177e-08
5.580000000e-05 3.301181898e-08
5.821032000e-05 3.790244659e-08
6.095369000e-05 4.371578845e-08
6.400000000e-05 5.044442235e-08
6.683439000e-05 5.693745165e-08
7.000000000e-05 6.443014900e-08
7.413102000e-05 7.454939698e-08
7.852356000e-05 8.570333945e-08
8.413951000e-05 1.005054033e-07
9.015711000e-05 1.170262007e-07
9.399679140e-05 1.278009156e-07
9.800000000e-05 1.395676675e-07
1.028785700e-04 1.539921599e-07
1.080000000e-04 1.699074351e-07
1.133666620e-04 1.867592023e-07
1.190000000e-04 2.052823620e-07
1.252487860e-04 2.259910612e-07
1.318257000e-04 2.487888333e-07
1.388353370e-04 2.731808820e-07
1.462177000e-04 2.999644013e-07
1.539926390e-04 3.281379499e-07
1.621810000e-04 3.589576423e-07
1.669167770e-04 3.766239090e-07
1.742809880e-04 4.047668244e-07
1.819701000e-04 4.350126920e-07
1.867454500e-04 4.536361757e-07
1.954058300e-04 4.881662356e-07
2.021636790e-04 5.157779602e-07
2.073850010e-04 5.375069192e-07
2.154709170e-04 5.718287452e-07
2.238721000e-04 6.083421359e-07
2.294166700e-04 6.324387209e-07
2.394521370e-04 6.769271253e-07
2.472657860e-04 7.123353855e-07
2.594669160e-04 7.689505574e-07
2.722701000e-04 8.300653992e-07
2.818382620e-04 8.752852854e-07
2.892344050e-04 9.108096265e-07
3.006941310e-04 9.668176952e-07
3.126079000e-04 1.026269837e-06
3.263998530e-04 1.094160274e-06
3.371416890e-04 1.148009478e-06
3.454294300e-04 1.190128549e-06
3.582445990e-04 1.256222214e-06
3.715352000e-04 1.325986385e-06
3.807368970e-04 1.373902403e-06
3.973916290e-04 1.461959396e-06
4.103590600e-04 1.531686490e-06
4.203615740e-04 1.586155670e-06
4.358243430e-04 1.671512779e-06
4.518559000e-04 1.761463262e-06
4.650503340e-04 1.834382614e-06
4.769111360e-04 1.900659052e-06
4.875372220e-04 1.960612316e-06
5.067057450e-04 2.070116843e-06
5.215751190e-04 2.156240553e-06
5.447013120e-04 2.292190653e-06
5.688529000e-04 2.436712337e-06
5.821031860e-04 2.515445412e-06
6.060381660e-04 2.659399020e-06
6.246330720e-04 2.772745199e-06
6.389527210e-04 2.860913995e-06
6.610500570e-04 2.998451746e-06
6.839116000e-04 3.142601581e-06
6.988355240e-04 3.234227108e-06
7.257402800e-04 3.401046646e-06
7.465964480e-04 3.531784097e-06
7.626309700e-04 3.633124788e-06
7.873307520e-04 3.790614033e-06
8.128305000e-04 3.954930151e-06
8.462525600e-04 4.166070618e-06
8.722179070e-04 4.331790906e-06
8.922134190e-04 4.460393021e-06
9.230694520e-04 4.660490117e-06
9.549926000e-04 4.869563742e-06
9.772372780e-04 5.011600943e-06
1.017419500e-03 5.270207653e-06
1.048636770e-03 5.472883003e-06
1.072676710e-03 5.629988312e-06
1.109773880e-03 5.874142475e-06
1.148154000e-03 6.128884760e-06
1.174897870e-03 6.301602955e-06
1.198809280e-03 6.456719631e-06
1.241831160e-03 6.737417705e-06
1.275107780e-03 6.955920850e-06
1.326702080e-03 7.297034139e-06
1.380384000e-03 7.654875056e-06
1.410506000e-03 7.849719647e-06
1.464809740e-03 8.202707100e-06
1.506905200e-03 8.477826049e-06
1.539268800e-03 8.690204126e-06
1.589122090e-03 9.018788079e-06
1.640590000e-03 9.359796026e-06
1.676390020e-03 9.589320313e-06
1.740930060e-03 1.000461404e-05
1.790960540e-03 1.032784534e-05
1.829424690e-03 1.057710365e-05
1.888675360e-03 1.096231609e-05
1.949845000e-03 1.136155756e-05
1.992393370e-03 1.162972750e-05
2.069099300e-03 1.211434533e-05
2.128560600e-03 1.249101586e-05
2.174275300e-03 1.278118487e-05
2.244694800e-03 1.322912591e-05
2.317395000e-03 1.369276578e-05
2.367963830e-03 1.400280390e-05
2.413115940e-03 1.427984057e-05
2.494213670e-03 1.477790846e-05
2.556820580e-03 1.516282693e-05
2.604804920e-03 1.545808129e-05
2.678475180e-03 1.591177747e-05
2.754229000e-03 1.637878951e-05
2.810282960e-03 1.670976410e-05
2.911136390e-03 1.730514404e-05
2.989144640e-03 1.776555966e-05
3.049019580e-03 1.811889255e-05
3.141088230e-03 1.866211148e-05
3.235937000e-03 1.922161673e-05
3.301794590e-03 1.959276848e-05
3.420286930e-03 2.025961193e-05
3.511938550e-03 2.077459715e-05
3.582285400e-03 2.116940856e-05
3.690456530e-03 2.177573864e-05
3.801894000e-03 2.239943504e-05
3.879269980e-03 2.281173620e-05
3.948264660e-03 2.317872043e-05
4.071971180e-03 2.383520614e-05
4.167288080e-03 2.433974370e-05
4.314463170e-03 2.511664541e-05
4.466836000e-03 2.591834512e-05
4.557744880e-03 2.637196980e-05
4.638806590e-03 2.677539939e-05
4.784149120e-03 2.749630812e-05
4.896136750e-03 2.804969893e-05
4.981844450e-03 2.847203906e-05
5.113227300e-03 2.911750236e-05
5.248075000e-03 2.977759821e-05
5.354883530e-03 3.027189117e-05
5.450122650e-03 3.071112353e-05
5.620885100e-03 3.149517106e-05
5.752458980e-03 3.209631457e-05
5.853156660e-03 3.255469024e-05
6.007517900e-03 3.325455686e-05
6.165950000e-03 3.396946930e-05
6.291439180e-03 3.450270859e-05
6.403335480e-03 3.497615508e-05
6.603964020e-03 3.582037238e-05
6.758549990e-03 3.646688089e-05
6.876859540e-03 3.695940831e-05
7.058218350e-03 3.771070031e-05
7.244360000e-03 3.847726431e-05
7.391796790e-03 3.904488101e-05
7.523263350e-03 3.954841017e-05
7.758981100e-03 4.044526194e-05
7.940603600e-03 4.113122267e-05
8.079605060e-03 4.165331719e-05
8.292682860e-03 4.244891126e-05
8.511380000e-03 4.325970141e-05
8.684603260e-03 4.385562622e-05
8.839063130e-03 4.438379069e-05
9.116007570e-03 4.532343034e-05
9.329395580e-03 4.604119186e-05
9.492708210e-03 4.658696269e-05
9.743053020e-03 4.741777318e-05
1.000000000e-02 4.826340000e-05
1.018884660e-02 4.883787601e-05
1.035701050e-02 4.934614800e-05
1.065800330e-02 5.024838556e-05
1.088947460e-02 5.093587320e-05
1.106637120e-02 5.145765492e-05
1.133711860e-02 5.225036580e-05
1.161449000e-02 5.305528909e-05
1.185086700e-02 5.368869712e-05
1.206163980e-02 5.424912869e-05
1.243955250e-02 5.524399820e-05
1.273073740e-02 5.600210543e-05
1.295359050e-02 5.657750628e-05
1.329520570e-02 5.745170915e-05
1.364583000e-02 5.833941990e-05
1.185000000e-05 1.354613460e-02 291 10
1.185000000e-05 3.701252282e-08
1.190000000e-05 3.758108474e-08
1.220000000e-05 4.083486246e-08
1.245000000e-05 4.346229892e-08
1.273503000e-05 4.635726287e-08
1.303167000e-05 4.918258045e-08
1.335000000e-05 5.203197832e-08
1.370000000e-05 5.486506182e-08
1.400000000e-05 5.703414976e-08
1.435000000e-05 5.926337518e-08
1.470000000e-05 6.116671394e-08
1.500000000e-05 6.253831125e-08
1.531087000e-05 6.370944718e-08
1.570000000e-05 6.482922151e-08
1.610000000e-05 6.561253255e-08
1.634605480e-05 6.586642035e-08
1.659587000e-05 6.612129156e-08
1.684604930e-05 6.615888137e-08
1.710000000e-05 6.619649337e-08
1.739741370e-05 6.599973523e-08
1.770000000e-05 6.580356099e-08
1.805039180e-05 6.531235870e-08
1.840772000e-05 6.482482367e-08
1.879968690e-05 6.404159679e-08
1.920000000e-05 6.326783233e-08
1.959591800e-05 6.231852212e-08
2.000000000e-05 6.138345600e-08
2.026950360e-05 6.065907889e-08
2.068058330e-05 5.958850882e-08
2.110000000e-05 5.853683436e-08
2.141469220e-05 5.765781709e-08
2.165378760e-05 5.700722746e-08
2.201744520e-05 5.604508156e-08
2.238721000e-05 5.509917441e-08
2.261387440e-05 5.447948741e-08
2.301607320e-05 5.341175926e-08
2.332240960e-05 5.262471760e-08
2.355483470e-05 5.204205684e-08
2.390782250e-05 5.118013981e-08
2.426610000e-05 5.033249799e-08
2.461784200e-05 4.946773263e-08
2.492979620e-05 4.872325987e-08
2.520599710e-05 4.808104240e-08
2.545018200e-05 4.752605033e-08
2.588321130e-05 4.657018436e-08
2.621281170e-05 4.586592274e-08
2.671509850e-05 4.482944907e-08
2.722701000e-05 4.381639776e-08
2.764155430e-05 4.301441546e-08
2.803591990e-05 4.227589328e-08
2.841074620e-05 4.159504883e-08
2.876669580e-05 4.096671891e-08
2.910444770e-05 4.038628255e-08
2.942469080e-05 3.984959456e-08
2.972811810e-05 3.935292853e-08
3.001542240e-05 3.889292765e-08
3.056162280e-05 3.804486971e-08
3.104769540e-05 3.731800174e-08
3.147934640e-05 3.669339339e-08
3.186196100e-05 3.615544277e-08
3.220056180e-05 3.569120963e-08
3.280179450e-05 3.489309877e-08
3.326007460e-05 3.430624950e-08
3.360798160e-05 3.387259887e-08
3.413667730e-05 3.323237923e-08
3.467369000e-05 3.260426056e-08
3.517629130e-05 3.206086299e-08
3.562204010e-05 3.159282461e-08
3.601670130e-05 3.118889915e-08
3.636561500e-05 3.083970294e-08
3.698436710e-05 3.023799133e-08
3.745533030e-05 2.979442436e-08
3.817304390e-05 2.914124462e-08
3.890451000e-05 2.850238429e-08
3.929840790e-05 2.819064535e-08
3.999734990e-05 2.765328435e-08
4.052970220e-05 2.725699621e-08
4.093361110e-05 2.696351140e-08
4.154703430e-05 2.652919893e-08
4.216965000e-05 2.610188206e-08
4.290421770e-05 2.565749357e-08
4.346352850e-05 2.532917426e-08
4.431619550e-05 2.484455584e-08
4.518559000e-05 2.436920965e-08
4.584056590e-05 2.406667909e-08
4.633802080e-05 2.384224843e-08
4.709434320e-05 2.350952067e-08
4.786301000e-05 2.318143612e-08
4.841723660e-05 2.298857580e-08
4.926063270e-05 2.270228970e-08
5.011872000e-05 2.241956868e-08
5.119774470e-05 2.214858629e-08
5.230000000e-05 2.188087927e-08
5.338866930e-05 2.170458521e-08
5.450000000e-05 2.152971143e-08
5.549099030e-05 2.145254404e-08
5.650000000e-05 2.137565332e-08
5.749130370e-05 2.137643119e-08
5.850000000e-05 2.137720919e-08
5.937148870e-05 2.144105107e-08
6.025596000e-05 2.150508349e-08
6.130557820e-05 2.165902733e-08
6.237348000e-05 2.181407325e-08
6.342782880e-05 2.205170977e-08
6.450000000e-05 2.229193503e-08
6.650000000e-05 2.289223434e-08
6.850000000e-05 2.363672854e-08
7.079458000e-05 2.466533693e-08
7.328245000e-05 2.598583247e-08
7.585776000e-05 2.756982323e-08
7.900000000e-05 2.978931284e-08
8.222426000e-05 3.238130035e-08
8.650000000e-05 3.628691639e-08
9.120108000e-05 4.115466388e-08
9.885531000e-05 5.026592725e-08
1.044119060e-04 5.773212612e-08
1.133378720e-04 7.106132938e-08
1.230269000e-04 8.746797968e-08
1.303166780e-04 1.008294301e-07
1.380384000e-04 1.162319492e-07
1.453784030e-04 1.315745392e-07
1.531087000e-04 1.489423465e-07
1.603245150e-04 1.656933509e-07
1.678804000e-04 1.843282743e-07
1.757923610e-04 2.043632205e-07
1.840772000e-04 2.265757951e-07
1.938652670e-04 2.534986395e-07
2.041738000e-04 2.836205810e-07
2.150304570e-04 3.162455778e-07
2.264644000e-04 3.526234372e-07
2.385063430e-04 3.919199944e-07
2.511886000e-04 4.355957828e-07
2.630267910e-04 4.769957541e-07
2.754229000e-04 5.223304694e-07
2.884031800e-04 5.698695677e-07
3.019952000e-04 6.217353534e-07
3.162277710e-04 6.756655236e-07
3.311311000e-04 7.342736658e-07
3.487385730e-04 8.029330574e-07
3.672823000e-04 8.780125475e-07
3.769207150e-04 9.165302336e-07
3.918546600e-04 9.774980596e-07
4.073803000e-04 1.042521471e-06
4.180709660e-04 1.086327999e-06
4.346352870e-04 1.155513210e-06
4.518559000e-04 1.229104647e-06
4.650503410e-04 1.284240194e-06
4.855679130e-04 1.371615409e-06
5.069907000e-04 1.464935315e-06
5.217950920e-04 1.527990950e-06
5.448161630e-04 1.627699699e-06
5.688529000e-04 1.733914905e-06
5.854637160e-04 1.805025613e-06
6.112938090e-04 1.917197058e-06
6.382635000e-04 2.036339276e-06
6.550131360e-04 2.107390377e-06
6.809653440e-04 2.218642234e-06
7.079458000e-04 2.335767210e-06
7.265240630e-04 2.412342645e-06
7.553095780e-04 2.531938465e-06
7.852356000e-04 2.657463450e-06
8.058421640e-04 2.739661418e-06
8.377703700e-04 2.867749967e-06
8.709636000e-04 3.001827090e-06
8.938198730e-04 3.089475317e-06
9.113548470e-04 3.156886908e-06
9.383044130e-04 3.260772231e-06
9.660509000e-04 3.368076152e-06
9.914024260e-04 3.460744056e-06
1.010851720e-03 3.531914372e-06
1.040743410e-03 3.641423580e-06
1.071519000e-03 3.754328032e-06
1.102807910e-03 3.861931863e-06
1.126872720e-03 3.944653760e-06
1.163958130e-03 4.072070877e-06
1.202264000e-03 4.203603573e-06
1.237370890e-03 4.315550030e-06
1.264372180e-03 4.401461943e-06
1.305982890e-03 4.533547332e-06
1.348963000e-03 4.669596444e-06
1.388353350e-03 4.784605103e-06
1.418649120e-03 4.872716666e-06
1.465336820e-03 5.007935792e-06
1.513561000e-03 5.146907263e-06
1.557757930e-03 5.263505417e-06
1.591750530e-03 5.352684238e-06
1.644135270e-03 5.489293306e-06
1.698244000e-03 5.629388966e-06
1.747833600e-03 5.746026674e-06
1.785973790e-03 5.835088266e-06
1.844750230e-03 5.971275483e-06
1.905461000e-03 6.110641274e-06
1.961101380e-03 6.225575551e-06
2.003895320e-03 6.313192722e-06
2.036602490e-03 6.379713883e-06
2.086666900e-03 6.480812132e-06
2.137962000e-03 6.583512449e-06
2.200391670e-03 6.695033085e-06
2.248407360e-03 6.779911444e-06
2.285105490e-03 6.844275693e-06
2.341278810e-03 6.941969529e-06
2.398833000e-03 7.041057868e-06
2.468880220e-03 7.147539295e-06
2.522754700e-03 7.228455773e-06
2.563930670e-03 7.289743769e-06
2.626958160e-03 7.382651430e-06
2.691535000e-03 7.476743147e-06
2.770129260e-03 7.576575400e-06
2.830577420e-03 7.652323442e-06
2.876777610e-03 7.709631043e-06
2.947495600e-03 7.796398055e-06
3.019952000e-03 7.884141598e-06
3.108136230e-03 7.975806502e-06
3.175960180e-03 8.045253833e-06
3.227797660e-03 8.097735940e-06
3.307144570e-03 8.177101670e-06
3.388442000e-03 8.257245201e-06
3.442508750e-03 8.301955589e-06
3.539209700e-03 8.380782129e-06
3.613513880e-03 8.440392744e-06
3.670263980e-03 8.485378861e-06
3.757064590e-03 8.553307952e-06
3.845918000e-03 8.621780834e-06
3.907284320e-03 8.659978474e-06
4.017040900e-03 8.727232092e-06
4.101376920e-03 8.778014809e-06
4.165788870e-03 8.816295641e-06
4.264308460e-03 8.874030220e-06
4.365158000e-03 8.932142806e-06
4.434809550e-03 8.963298644e-06
4.496665720e-03 8.990649083e-06
4.606997280e-03 9.038713433e-06
4.691518890e-03 9.074930185e-06
4.821217670e-03 9.129527655e-06
4.954502000e-03 9.184453544e-06
5.055335770e-03 9.214675723e-06
5.145247310e-03 9.241201684e-06
5.225230720e-03 9.264474534e-06
5.368205110e-03 9.305343157e-06
5.477997420e-03 9.336112903e-06
5.561812770e-03 9.359256950e-06
5.689946410e-03 9.394080626e-06
5.821032000e-03 9.429033874e-06
5.905409150e-03 9.442631185e-06
6.056022820e-03 9.466473730e-06
6.171498610e-03 9.484395106e-06
6.259548160e-03 9.497858435e-06
6.393983460e-03 9.518089226e-06
6.531306000e-03 9.538363121e-06
6.635520960e-03 9.544855100e-06
6.728072220e-03 9.550539170e-06
6.893153950e-03 9.560494475e-06
7.019617980e-03 9.567967766e-06
7.115986290e-03 9.573576541e-06
7.263025010e-03 9.581995927e-06
7.413102000e-03 9.590422683e-06
7.542233560e-03 9.588250058e-06
7.657067540e-03 9.586349420e-06
7.758980600e-03 9.584686647e-06
7.940603210e-03 9.581777487e-06
8.079604770e-03 9.579596237e-06
8.185450440e-03 9.577960615e-06
8.346824500e-03 9.575507671e-06
8.511380000e-03 9.573055399e-06
8.659642880e-03 9.561710930e-06
8.791489940e-03 9.551795523e-06
8.908501810e-03 9.543127986e-06
9.117032490e-03 9.527978687e-06
9.276627650e-03 9.516632525e-06
9.398154750e-03 9.508131765e-06
9.583436980e-03 9.495394834e-06
9.772372000e-03 9.482675017e-06
9.942600090e-03 9.462493091e-06
1.009398040e-02 9.444869148e-06
1.022832760e-02 9.429474978e-06
1.046775220e-02 9.402595950e-06
1.065099140e-02 9.382486849e-06
1.079052270e-02 9.367433129e-06
1.100325450e-02 9.344898246e-06
1.122018000e-02 9.322417237e-06
1.141562960e-02 9.294267451e-06
1.158943880e-02 9.269706044e-06
1.174369130e-02 9.248268036e-06
1.201858980e-02 9.210871066e-06
1.222897830e-02 9.182922427e-06
1.238918310e-02 9.162016662e-06
1.263343390e-02 9.130747189e-06
1.288250000e-02 9.099584504e-06
1.312990380e-02 9.060510841e-06
1.335027650e-02 9.026458882e-06
1.354613460e-02 8.996768376e-06
1.185000000e-05 1.358704120e-02 292 11
1.185000000e-05 7.734415463e-08
1.190000000e-05 7.828960552e-08
1.220000000e-05 8.364694733e-08
1.250000000e-05 8.866591797e-08
1.285000000e-05 9.408511906e-08
1.320000000e-05 9.897748990e-08
1.350000000e-05 1.027008748e-07
1.385000000e-05 1.064900683e-07
1.420000000e-05 1.096819691e-07
1.462177000e-05 1.127559856e-07
1.500000000e-05 1.148263763e-07
1.524795070e-05 1.157299279e-07
1.550000000e-05 1.166405906e-07
1.576397720e-05 1.170914726e-07
1.603245000e-05 1.175440966e-07
1.631172760e-05 1.175353610e-07
1.659587000e-05 1.175266264e-07
1.688495720e-05 1.170897653e-07
1.717908000e-05 1.166545286e-07
1.747832870e-05 1.158468005e-07
1.778279000e-05 1.150446647e-07
1.813785040e-05 1.137425795e-07
1.850000000e-05 1.124552318e-07
1.888364710e-05 1.107730311e-07
1.927525000e-05 1.091159932e-07
1.949844590e-05 1.080227171e-07
1.983809480e-05 1.064033060e-07
2.018366000e-05 1.048081716e-07
2.047622710e-05 1.033061363e-07
2.069843220e-05 1.021937533e-07
2.103626910e-05 1.005475979e-07
2.137962000e-05 9.892795910e-08
2.177368560e-05 9.692600266e-08
2.207399400e-05 9.545116565e-08
2.230194040e-05 9.435978459e-08
2.264828100e-05 9.274606638e-08
2.300000000e-05 9.115994563e-08
2.328825050e-05 8.979717571e-08
2.354343160e-05 8.862147479e-08
2.399674500e-05 8.660091644e-08
2.434244890e-05 8.511578871e-08
2.460499120e-05 8.401868027e-08
2.500412340e-05 8.239947629e-08
2.540973000e-05 8.081147728e-08
2.581517360e-05 7.922755029e-08
2.620115040e-05 7.777082488e-08
2.656824330e-05 7.642948046e-08
2.691706260e-05 7.519298858e-08
2.724823880e-05 7.405195106e-08
2.756241620e-05 7.299795947e-08
2.786024670e-05 7.202347047e-08
2.814238500e-05 7.112170561e-08
2.867911790e-05 6.946121639e-08
2.915714980e-05 6.804012134e-08
2.958195940e-05 6.682053321e-08
2.995874190e-05 6.577133959e-08
3.029236130e-05 6.486681817e-08
3.058732440e-05 6.408557188e-08
3.111043750e-05 6.274096321e-08
3.150863520e-05 6.175105402e-08
3.181062460e-05 6.101888506e-08
3.226904420e-05 5.993687670e-08
3.273407000e-05 5.887405556e-08
3.316080110e-05 5.797390366e-08
3.353875180e-05 5.719756765e-08
3.387299060e-05 5.652680670e-08
3.446594340e-05 5.537184695e-08
3.491745980e-05 5.452113952e-08
3.525997470e-05 5.389169791e-08
3.578005680e-05 5.296113381e-08
3.630781000e-05 5.204663859e-08
3.667541630e-05 5.147014914e-08
3.732770560e-05 5.047661417e-08
3.782452470e-05 4.974406925e-08
3.820147370e-05 4.920164578e-08
3.877395240e-05 4.839908082e-08
3.935501000e-05 4.760960716e-08
3.992546890e-05 4.692584598e-08
4.035873300e-05 4.641947719e-08
4.101746080e-05 4.567015139e-08
4.168694000e-05 4.493292119e-08
4.229119940e-05 4.436425485e-08
4.275013500e-05 4.394248307e-08
4.344789320e-05 4.331733188e-08
4.415704000e-05 4.270107472e-08
4.466835520e-05 4.233705142e-08
4.544645070e-05 4.179682675e-08
4.623810000e-05 4.126349545e-08
4.711081410e-05 4.080204970e-08
4.800000000e-05 4.034576425e-08
4.898979490e-05 3.998344269e-08
5.000000000e-05 3.962437500e-08
5.093132640e-05 3.943589794e-08
5.188000000e-05 3.924831713e-08
5.278371890e-05 3.920306439e-08
5.370318000e-05 3.915786403e-08
5.463865730e-05 3.925115261e-08
5.559043000e-05 3.934466360e-08
5.655877610e-05 3.958880830e-08
5.754399000e-05 3.983446790e-08
5.851382240e-05 4.022632782e-08
5.950000000e-05 4.062204263e-08
6.150000000e-05 4.172929117e-08
6.350000000e-05 4.313676957e-08
6.531306000e-05 4.466844163e-08
6.760830000e-05 4.694959661e-08
7.000000000e-05 4.972282350e-08
7.244360000e-05 5.295879487e-08
7.500000000e-05 5.676349219e-08
7.852356000e-05 6.268288311e-08
8.300000000e-05 7.127262058e-08
8.912509000e-05 8.481274362e-08
9.467820270e-05 9.876621237e-08
1.036633020e-04 1.241164427e-07
1.135011000e-04 1.559732933e-07
1.195873690e-04 1.773423690e-07
1.260000000e-04 2.016391010e-07
1.328156620e-04 2.286363765e-07
1.400000000e-04 2.592482906e-07
1.472529730e-04 2.912488173e-07
1.548817000e-04 3.271993544e-07
1.621810470e-04 3.625090867e-07
1.698244000e-04 4.016292618e-07
1.778279530e-04 4.434783089e-07
1.862087000e-04 4.896879487e-07
1.961101030e-04 5.455104681e-07
2.065380000e-04 6.076965385e-07
2.187761710e-04 6.826087788e-07
2.317395000e-04 7.667556314e-07
2.445174660e-04 8.516272180e-07
2.580000000e-04 9.458931698e-07
2.696558580e-04 1.028177910e-06
2.818383000e-04 1.117620717e-06
2.951209060e-04 1.214747995e-06
3.090295000e-04 1.320316151e-06
3.254617680e-04 1.443716312e-06
3.427678000e-04 1.578649752e-06
3.517628850e-04 1.647466354e-06
3.657000420e-04 1.756356642e-06
3.801894000e-04 1.872444079e-06
3.912911260e-04 1.959276651e-06
4.085544930e-04 2.097133729e-06
4.265795000e-04 2.244690568e-06
4.390358540e-04 2.344197784e-06
4.584056880e-04 2.501790263e-06
4.786301000e-04 2.669977167e-06
4.940262200e-04 2.794921932e-06
5.058974540e-04 2.892452820e-06
5.242413040e-04 3.045167500e-06
5.432503000e-04 3.205945120e-06
5.591135050e-04 3.335734588e-06
5.837810490e-04 3.540336926e-06
6.095369000e-04 3.757488828e-06
6.255326830e-04 3.887483401e-06
6.503168560e-04 4.090956099e-06
6.760830000e-04 4.305078676e-06
6.918309810e-04 4.429948861e-06
7.161433960e-04 4.624077901e-06
7.413102000e-04 4.826714053e-06
7.607640390e-04 4.975552115e-06
7.909061910e-04 5.207458754e-06
8.222426000e-04 5.450174402e-06
8.438203130e-04 5.608596358e-06
8.603743960e-04 5.730427544e-06
8.858164270e-04 5.918154315e-06
9.120108000e-04 6.112030928e-06
9.386420090e-04 6.297638378e-06
9.591245150e-04 6.440533608e-06
9.906893580e-04 6.660978748e-06
1.023293000e-03 6.888969212e-06
1.053173790e-03 7.084231530e-06
1.076155600e-03 7.234301719e-06
1.111572030e-03 7.465388799e-06
1.148154000e-03 7.703857287e-06
1.181680710e-03 7.906744576e-06
1.207466670e-03 8.062409077e-06
1.247204450e-03 8.301670531e-06
1.288250000e-03 8.548032468e-06
1.325867520e-03 8.756131479e-06
1.354799790e-03 8.915523891e-06
1.399386230e-03 9.160068936e-06
1.445440000e-03 9.411321620e-06
1.487647540e-03 9.621754691e-06
1.520110050e-03 9.782661375e-06
1.570136840e-03 1.002908103e-05
1.621810000e-03 1.028170778e-05
1.669167770e-03 1.049156169e-05
1.705591420e-03 1.065175827e-05
1.761722580e-03 1.089665117e-05
1.819701000e-03 1.114717417e-05
1.872837210e-03 1.135333315e-05
1.913705160e-03 1.151045085e-05
1.944940300e-03 1.162971429e-05
1.992751500e-03 1.181093038e-05
2.041738000e-03 1.199497019e-05
2.101357900e-03 1.219443082e-05
2.147212560e-03 1.234619991e-05
2.182259020e-03 1.246126502e-05
2.235904150e-03 1.263587649e-05
2.290868000e-03 1.281293465e-05
2.357762520e-03 1.300268382e-05
2.409212210e-03 1.314683755e-05
2.448534920e-03 1.325600064e-05
2.508725650e-03 1.342144714e-05
2.570396000e-03 1.358895856e-05
2.645452980e-03 1.376568453e-05
2.703180560e-03 1.389973578e-05
2.747301430e-03 1.400113019e-05
2.814836630e-03 1.415461015e-05
2.884032000e-03 1.430977260e-05
2.968247230e-03 1.447116161e-05
3.033018570e-03 1.459339683e-05
3.082522940e-03 1.468575028e-05
3.158298600e-03 1.482537744e-05
3.235937000e-03 1.496633219e-05
3.282842590e-03 1.503773677e-05
3.366569300e-03 1.516351541e-05
3.430762730e-03 1.525853926e-05
3.529355210e-03 1.540219284e-05
3.630781000e-03 1.554719872e-05
3.683409900e-03 1.560804795e-05
3.777352770e-03 1.571510787e-05
3.849378940e-03 1.579588434e-05
3.904298430e-03 1.585673905e-05
3.988150280e-03 1.594846091e-05
4.073803000e-03 1.604071349e-05
4.138805510e-03 1.609355031e-05
4.196532980e-03 1.613992536e-05
4.299500220e-03 1.622140330e-05
4.378380260e-03 1.628278166e-05
4.499422020e-03 1.637528494e-05
4.623810000e-03 1.646831360e-05
4.697588680e-03 1.650670472e-05
4.763110080e-03 1.654037034e-05
4.879979220e-03 1.659945059e-05
4.969509080e-03 1.664389915e-05
5.037732760e-03 1.667731384e-05
5.141828410e-03 1.672756133e-05
5.248075000e-03 1.677796041e-05
5.336652640e-03 1.680284630e-05
5.415383600e-03 1.682465156e-05
5.555967960e-03 1.686287923e-05
5.663796130e-03 1.689160686e-05
5.746038380e-03 1.691318474e-05
5.871646310e-03 1.694560325e-05
6.000000000e-03 1.697808384e-05
6.098981850e-03 1.698814194e-05
6.186929540e-03 1.699694765e-05
6.343900620e-03 1.701236869e-05
6.464237000e-03 1.702394354e-05
6.555984920e-03 1.703262991e-05
6.696054170e-03 1.704566777e-05
6.839116000e-03 1.705871562e-05
6.948242590e-03 1.705363131e-05
7.045155790e-03 1.704918386e-05
7.218017800e-03 1.704140343e-05
7.350442080e-03 1.703557049e-05
7.451352220e-03 1.703119709e-05
7.605320880e-03 1.702463915e-05
7.762471000e-03 1.701808364e-05
7.886330870e-03 1.699831180e-05
7.996328400e-03 1.698103027e-05
8.192528670e-03 1.695082987e-05
8.342831670e-03 1.692821481e-05
8.457365790e-03 1.691127339e-05
8.632121890e-03 1.688589294e-05
8.810489000e-03 1.686055062e-05
8.963961610e-03 1.682312001e-05
9.100441560e-03 1.679043635e-05
9.221565030e-03 1.676189028e-05
9.437423110e-03 1.671205141e-05
9.602626150e-03 1.667476943e-05
9.728423490e-03 1.664686266e-05
9.920216180e-03 1.660508996e-05
1.011579000e-02 1.656342206e-05
1.029200170e-02 1.651060706e-05
1.044870320e-02 1.646453268e-05
1.058777280e-02 1.642432251e-05
1.083561330e-02 1.635419118e-05
1.102529360e-02 1.630178960e-05
1.116972970e-02 1.626259869e-05
1.138993920e-02 1.620398842e-05
1.161449000e-02 1.614558956e-05
1.181680620e-02 1.607932272e-05
1.199672170e-02 1.602156223e-05
1.215639340e-02 1.597119201e-05
1.244094950e-02 1.588342504e-05
1.265872930e-02 1.581791646e-05
1.282456230e-02 1.576896235e-05
1.307739400e-02 1.569581536e-05
1.333521000e-02 1.562300740e-05
1.358704120e-02 1.553827072e-05
