1.110700000e-02 1.122500000e-02 2 0
1.110700000e-02 2.816289149e-02
1.122500000e-02 2.834577955e-02
1.413000000e-03 1.122245080e-02 76 1
1.413000000e-03 2.597370993e-04
1.445440000e-03 2.712587761e-04
1.506433140e-03 2.890208372e-04
1.570000000e-03 3.079459615e-04
1.605738120e-03 3.179680943e-04
1.660876390e-03 3.336161628e-04
1.717908000e-03 3.500343109e-04
1.783404720e-03 3.687347157e-04
1.834160850e-03 3.834127811e-04
1.913016320e-03 4.065326324e-04
1.995262000e-03 4.310466195e-04
2.078580820e-03 4.546506128e-04
2.143345350e-03 4.731980347e-04
2.193239620e-03 4.876034838e-04
2.270267190e-03 5.100380682e-04
2.350000000e-03 5.335048678e-04
2.403260830e-03 5.482057072e-04
2.485423910e-03 5.710199610e-04
2.570396000e-03 5.947836673e-04
2.671654800e-03 6.220816556e-04
2.750208190e-03 6.433742282e-04
2.810635280e-03 6.598205903e-04
2.903774420e-03 6.852817501e-04
3.000000000e-03 7.117254000e-04
3.074970370e-03 7.311306288e-04
3.190953340e-03 7.612349912e-04
3.311311000e-03 7.925789069e-04
3.373843850e-03 8.080823278e-04
3.486131300e-03 8.359465969e-04
3.572792640e-03 8.574735403e-04
3.706840640e-03 8.908078096e-04
3.845918000e-03 9.254379513e-04
3.958220850e-03 9.516246678e-04
4.044594840e-03 9.717498401e-04
4.177702630e-03 1.002738421e-03
4.315191000e-03 1.034715218e-03
4.453997960e-03 1.065371011e-03
4.561025570e-03 1.088957443e-03
4.642980680e-03 1.106989313e-03
4.768682740e-03 1.134598509e-03
4.897788000e-03 1.162896308e-03
4.983104370e-03 1.180345224e-03
5.135999620e-03 1.211513173e-03
5.253741900e-03 1.235428065e-03
5.435435630e-03 1.272188432e-03
5.623413000e-03 1.310042616e-03
5.804301830e-03 1.344066847e-03
5.943776820e-03 1.370163685e-03
6.050578130e-03 1.390068303e-03
6.214389090e-03 1.420468712e-03
6.382635000e-03 1.451533970e-03
6.493816410e-03 1.470682223e-03
6.693064350e-03 1.504801486e-03
6.846502100e-03 1.530909390e-03
6.963884430e-03 1.550787152e-03
7.143742110e-03 1.581088770e-03
7.328245000e-03 1.611982465e-03
7.466636020e-03 1.633320541e-03
7.589870330e-03 1.652222925e-03
7.810444720e-03 1.685830018e-03
7.980072140e-03 1.711483175e-03
8.241445660e-03 1.750696706e-03
8.511380000e-03 1.790808686e-03
8.672114110e-03 1.812637622e-03
8.815244480e-03 1.831956104e-03
9.071430380e-03 1.866260182e-03
9.268443990e-03 1.892409135e-03
9.419007080e-03 1.912261012e-03
9.649450070e-03 1.942429980e-03
9.885531000e-03 1.973074906e-03
1.007423870e-02 1.995376300e-03
1.024231060e-02 2.015096694e-03
1.054321150e-02 2.050077474e-03
1.077467430e-02 2.076710993e-03
1.095160010e-02 2.096912967e-03
1.122245080e-02 2.127584982e-03
1.251000000e-03 1.125657520e-02 156 2
1.251000000e-03 6.280714355e-05
1.251274560e-03 6.628466176e-05
1.251532010e-03 6.971950442e-05
1.251773420e-03 7.310115080e-05
1.252226180e-03 7.988991611e-05
1.252622470e-03 8.634530712e-05
1.252969340e-03 9.242025846e-05
1.253272920e-03 9.808544188e-05
1.253538620e-03 1.033266295e-04
1.253771150e-03 1.081419024e-04
1.254178170e-03 1.171146437e-04
1.254483520e-03 1.243294744e-04
1.254941680e-03 1.359933261e-04
1.255400000e-03 1.487511211e-04
1.255600000e-03 1.546854835e-04
1.255900000e-03 1.685042978e-04
1.256200000e-03 1.822337882e-04
1.256500000e-03 1.958777019e-04
1.256800000e-03 2.094358269e-04
1.257150000e-03 2.248101200e-04
1.257500000e-03 2.399514032e-04
1.257850000e-03 2.545804284e-04
1.258200000e-03 2.686958707e-04
1.258650000e-03 2.861322708e-04
1.259000000e-03 2.990232481e-04
1.259500000e-03 3.164025745e-04
1.260000000e-03 3.324424874e-04
1.260500000e-03 3.471781591e-04
1.261000000e-03 3.607050989e-04
1.261700000e-03 3.776150184e-04
1.262200000e-03 3.883195819e-04
1.263000000e-03 4.032620412e-04
1.263800000e-03 4.157161048e-04
1.264500000e-03 4.248385258e-04
1.265600000e-03 4.363881102e-04
1.266500000e-03 4.437189587e-04
1.268000000e-03 4.527387352e-04
1.269500000e-03 4.589237729e-04
1.272200000e-03 4.671711098e-04
1.275000000e-03 4.726098119e-04
1.288000000e-03 4.905109693e-04
1.305000000e-03 5.123899671e-04
1.313000000e-03 5.207119412e-04
1.323000000e-03 5.268878688e-04
1.359189050e-03 5.362032722e-04
1.396368000e-03 5.456833729e-04
1.421584670e-03 5.496775195e-04
1.460266080e-03 5.557236373e-04
1.500000000e-03 5.618362500e-04
1.532250750e-03 5.672521106e-04
1.561038450e-03 5.720337860e-04
1.586671030e-03 5.762508208e-04
1.632544940e-03 5.837055560e-04
1.667818690e-03 5.893598319e-04
1.694773260e-03 5.936364459e-04
1.736024110e-03 6.001096294e-04
1.778279000e-03 6.066534020e-04
1.824945680e-03 6.126974884e-04
1.860747620e-03 6.172700357e-04
1.888059260e-03 6.207218311e-04
1.929780170e-03 6.259357353e-04
1.972423000e-03 6.311934464e-04
2.015392600e-03 6.355173976e-04
2.048233010e-03 6.387797906e-04
2.098499700e-03 6.437048087e-04
2.150000000e-03 6.486677979e-04
2.198536390e-03 6.522686940e-04
2.241903720e-03 6.554358743e-04
2.280551290e-03 6.582197681e-04
2.314914040e-03 6.606653697e-04
2.376299430e-03 6.649670725e-04
2.423404350e-03 6.682117115e-04
2.459344810e-03 6.706555775e-04
2.514257360e-03 6.743381431e-04
2.570396000e-03 6.780409326e-04
2.607654460e-03 6.796808690e-04
2.674161010e-03 6.825603153e-04
2.725151710e-03 6.847279025e-04
2.764031780e-03 6.863580996e-04
2.823394440e-03 6.888106927e-04
2.884032000e-03 6.912720396e-04
2.933015170e-03 6.927183634e-04
2.976557420e-03 6.939863818e-04
3.054317530e-03 6.962109980e-04
3.113967850e-03 6.978841382e-04
3.159468860e-03 6.991416312e-04
3.228970000e-03 7.010321176e-04
3.300000000e-03 7.029277200e-04
3.363757670e-03 7.037144065e-04
3.420555310e-03 7.044034835e-04
3.471039400e-03 7.050069779e-04
3.561186050e-03 7.060643359e-04
3.630329160e-03 7.068583956e-04
3.683066060e-03 7.074545210e-04
3.763611310e-03 7.083496633e-04
3.845918000e-03 7.092459335e-04
3.907284320e-03 7.093112747e-04
3.961782550e-03 7.093684502e-04
4.058989880e-03 7.094685236e-04
4.133457430e-03 7.095435873e-04
4.190203300e-03 7.095998862e-04
4.276786120e-03 7.096843495e-04
4.365158000e-03 7.097688215e-04
4.447592320e-03 7.091758939e-04
4.520998370e-03 7.086574916e-04
4.586221820e-03 7.082041970e-04
4.702635210e-03 7.074116322e-04
4.791880370e-03 7.068177908e-04
4.859923960e-03 7.063727363e-04
4.963805250e-03 7.057056814e-04
5.069907000e-03 7.050392560e-04
5.173089480e-03 7.035836070e-04
5.265095320e-03 7.023123783e-04
5.346941780e-03 7.012019405e-04
5.419600450e-03 7.002317466e-04
5.549136980e-03 6.985371375e-04
5.648317180e-03 6.972688701e-04
5.723863920e-03 6.963191823e-04
5.839082810e-03 6.948970743e-04
5.956621000e-03 6.934778717e-04
6.069109530e-03 6.914468170e-04
6.169278220e-03 6.896745244e-04
6.258281080e-03 6.881274959e-04
6.337211250e-03 6.867766908e-04
6.477741950e-03 6.844191604e-04
6.585181320e-03 6.826563273e-04
6.749690800e-03 6.800205878e-04
6.918310000e-03 6.773950206e-04
7.038822510e-03 6.750050643e-04
7.145991750e-03 6.729207736e-04
7.241102500e-03 6.711022956e-04
7.410602470e-03 6.679317782e-04
7.540326180e-03 6.655637243e-04
7.639107040e-03 6.637931974e-04
7.789709980e-03 6.611462303e-04
7.943282000e-03 6.585098199e-04
8.093287760e-03 6.554415691e-04
8.226864760e-03 6.527685816e-04
8.345551900e-03 6.504386595e-04
8.450806900e-03 6.484067969e-04
8.638207480e-03 6.448663051e-04
8.781480080e-03 6.422236313e-04
8.890491840e-03 6.402487346e-04
9.056552050e-03 6.372977671e-04
9.225714000e-03 6.343604038e-04
9.413475440e-03 6.305810456e-04
9.580898740e-03 6.272925846e-04
9.729834960e-03 6.244292489e-04
9.862052150e-03 6.219345564e-04
1.009777020e-02 6.175928003e-04
1.027824870e-02 6.143563768e-04
1.041572140e-02 6.119402101e-04
1.062538550e-02 6.083337487e-04
1.083927000e-02 6.047485520e-04
1.105987020e-02 6.005907214e-04
1.125657520e-02 5.969760787e-04
1.220000000e-03 1.121513070e-02 151 3
1.220000000e-03 1.570093401e-04
1.220349660e-03 1.693498691e-04
1.220655690e-03 1.809409288e-04
1.220923530e-03 1.917320738e-04
1.221157940e-03 2.017009687e-04
1.221568260e-03 2.204094316e-04
1.221876080e-03 2.355709898e-04
1.222107010e-03 2.476227507e-04
1.222453460e-03 2.668656611e-04
1.222800000e-03 2.876033288e-04
1.222970000e-03 2.983557342e-04
1.223250000e-03 3.230053146e-04
1.223500000e-03 3.450124167e-04
1.223750000e-03 3.668528158e-04
1.224100000e-03 3.971336408e-04
1.224400000e-03 4.226955661e-04
1.224700000e-03 4.476459946e-04
1.225000000e-03 4.721724966e-04
1.225400000e-03 5.038228469e-04
1.225850000e-03 5.377995986e-04
1.226350000e-03 5.734968991e-04
1.226800000e-03 6.036949189e-04
1.227300000e-03 6.349573476e-04
1.227700000e-03 6.581893714e-04
1.228000000e-03 6.726386724e-04
1.229500000e-03 7.286579945e-04
1.230300000e-03 7.544319619e-04
1.230500000e-03 7.599904617e-04
1.232500000e-03 8.057161829e-04
1.235000000e-03 8.491237798e-04
1.236000000e-03 8.603194017e-04
1.240000000e-03 8.912321319e-04
1.245000000e-03 9.150823327e-04
1.260000000e-03 9.556444274e-04
1.275000000e-03 9.894935531e-04
1.283000000e-03 1.003260714e-03
1.290000000e-03 1.010678355e-03
1.328427650e-03 1.028433470e-03
1.368000000e-03 1.046500480e-03
1.390959750e-03 1.053019675e-03
1.426123900e-03 1.062874688e-03
1.462177000e-03 1.072821913e-03
1.491935150e-03 1.082045627e-03
1.518469920e-03 1.090181399e-03
1.542074690e-03 1.097350362e-03
1.584269400e-03 1.110009667e-03
1.616671390e-03 1.119599895e-03
1.641407040e-03 1.126846899e-03
1.679221930e-03 1.137805452e-03
1.717908000e-03 1.148870588e-03
1.762990390e-03 1.159733907e-03
1.797576890e-03 1.167948739e-03
1.823961320e-03 1.174148033e-03
1.864265860e-03 1.183508734e-03
1.905461000e-03 1.192944044e-03
1.949844790e-03 1.201186612e-03
1.983809780e-03 1.207405900e-03
2.035869800e-03 1.216795247e-03
2.089296000e-03 1.226257624e-03
2.136694730e-03 1.232502044e-03
2.179049880e-03 1.237991996e-03
2.216798800e-03 1.242815759e-03
2.250365160e-03 1.247051965e-03
2.310333900e-03 1.254500114e-03
2.356356880e-03 1.260115399e-03
2.391474770e-03 1.264343347e-03
2.445135360e-03 1.270711879e-03
2.500000000e-03 1.277112500e-03
2.534092750e-03 1.279697360e-03
2.594877580e-03 1.284233443e-03
2.641421150e-03 1.287646069e-03
2.712806470e-03 1.292781997e-03
2.786121000e-03 1.297938417e-03
2.834653480e-03 1.300268875e-03
2.877812400e-03 1.302311463e-03
2.954927680e-03 1.305893699e-03
3.014117230e-03 1.308586847e-03
3.059286160e-03 1.310610350e-03
3.128311880e-03 1.313651475e-03
3.198895000e-03 1.316699658e-03
3.254617750e-03 1.317590583e-03
3.304170810e-03 1.318370617e-03
3.348148260e-03 1.319053548e-03
3.426521890e-03 1.320249500e-03
3.486503730e-03 1.321147188e-03
3.578450940e-03 1.322494853e-03
3.672823000e-03 1.323843895e-03
3.731427450e-03 1.323669035e-03
3.783472930e-03 1.323516064e-03
3.876305330e-03 1.323248385e-03
3.947421380e-03 1.323047665e-03
4.001613330e-03 1.322897140e-03
4.084299390e-03 1.322671392e-03
4.168694000e-03 1.322445687e-03
4.247418160e-03 1.320906594e-03
4.317520380e-03 1.319561350e-03
4.379808290e-03 1.318385393e-03
4.490982200e-03 1.316329988e-03
4.576210660e-03 1.314790535e-03
4.641191780e-03 1.313637126e-03
4.740397630e-03 1.311908913e-03
4.841724000e-03 1.310182973e-03
4.933157980e-03 1.307279374e-03
5.014578040e-03 1.304744015e-03
5.086922170e-03 1.302529593e-03
5.151078930e-03 1.300595064e-03
5.265306410e-03 1.297216555e-03
5.352636270e-03 1.294688426e-03
5.486354390e-03 1.290905479e-03
5.623413000e-03 1.287133579e-03
5.726168890e-03 1.283131686e-03
5.817619380e-03 1.279640233e-03
5.898835860e-03 1.276593016e-03
6.043702430e-03 1.271277821e-03
6.154682370e-03 1.267305959e-03
6.239252660e-03 1.264335203e-03
6.368291950e-03 1.259892126e-03
6.500000000e-03 1.255464665e-03
6.607682770e-03 1.250944562e-03
6.703367570e-03 1.247002821e-03
6.788227710e-03 1.243563986e-03
6.939326090e-03 1.237568835e-03
7.054852960e-03 1.233091443e-03
7.142758540e-03 1.229744035e-03
7.276674910e-03 1.224739952e-03
7.413102000e-03 1.219756233e-03
7.553095610e-03 1.213693776e-03
7.677757010e-03 1.208413851e-03
7.788522360e-03 1.203812760e-03
7.886752110e-03 1.199801177e-03
8.061644620e-03 1.192813054e-03
8.195354490e-03 1.187598685e-03
8.297090250e-03 1.183702868e-03
8.452066770e-03 1.177883099e-03
8.609938000e-03 1.172091943e-03
8.772533220e-03 1.165213828e-03
8.917320870e-03 1.159228590e-03
9.045969010e-03 1.154016742e-03
9.160057690e-03 1.149475593e-03
9.363186130e-03 1.141571538e-03
9.518483100e-03 1.135679189e-03
9.636643830e-03 1.131279902e-03
9.816640890e-03 1.124712884e-03
1.000000000e-02 1.118184000e-03
1.020352010e-02 1.110052762e-03
1.038499510e-02 1.102986442e-03
1.054643140e-02 1.096840314e-03
1.068974550e-02 1.091490569e-03
1.081674190e-02 1.086830927e-03
1.104262680e-02 1.078724406e-03
1.121513070e-02 1.072684210e-03
1.840000000e-04 1.116030070e-02 132 4
1.840000000e-04 1.494890431e-06
1.994844100e-04 1.848204663e-06
2.162719000e-04 2.285023945e-06
2.264644000e-04 2.554505301e-06
2.426610000e-04 2.986239417e-06
2.615170430e-04 3.523771044e-06
2.818383000e-04 4.158059908e-06
3.000000000e-04 4.744326600e-06
3.098386680e-04 5.060910514e-06
3.200000000e-04 5.398619750e-06
3.369573980e-04 5.957813247e-06
3.548134000e-04 6.574928465e-06
3.651741430e-04 6.934347748e-06
3.812852690e-04 7.510649469e-06
3.981072000e-04 8.134846513e-06
4.161449660e-04 8.797508272e-06
4.350000000e-04 9.514150119e-06
4.468038950e-04 9.953976950e-06
4.651130130e-04 1.065213295e-05
4.841724000e-04 1.139925641e-05
4.998511490e-04 1.200824419e-05
5.243263610e-04 1.298326713e-05
5.500000000e-04 1.403745805e-05
5.643155510e-04 1.461280889e-05
5.864905390e-04 1.552035148e-05
6.095369000e-04 1.648425782e-05
6.327760080e-04 1.743775224e-05
6.507849580e-04 1.818889567e-05
6.787639340e-04 1.937671152e-05
7.079458000e-04 2.064209700e-05
7.286181790e-04 2.151706215e-05
7.607640680e-04 2.289953768e-05
7.943282000e-04 2.437083749e-05
8.246126310e-04 2.567001475e-05
8.480812940e-04 2.668964924e-05
8.845425640e-04 2.829554014e-05
9.225714000e-04 2.999805591e-05
9.549926280e-04 3.140799174e-05
9.800540860e-04 3.250876437e-05
1.018884790e-03 3.423267996e-05
1.059254000e-03 3.604801372e-05
1.096478420e-03 3.767798278e-05
1.125252710e-03 3.894864564e-05
1.169836150e-03 4.093543877e-05
1.216186000e-03 4.302357762e-05
1.262554220e-03 4.504766361e-05
1.298486880e-03 4.662797806e-05
1.326105910e-03 4.784948998e-05
1.368639840e-03 4.974201965e-05
1.412538000e-03 5.170940078e-05
1.466392130e-03 5.403677607e-05
1.508125940e-03 5.585079795e-05
1.540203920e-03 5.725116661e-05
1.589604720e-03 5.941782828e-05
1.640590000e-03 6.166648663e-05
1.703138880e-03 6.432363029e-05
1.751610600e-03 6.639135795e-05
1.788867570e-03 6.798565791e-05
1.846244140e-03 7.044917940e-05
1.905461000e-03 7.300196728e-05
1.978108290e-03 7.601023017e-05
2.034405700e-03 7.834750415e-05
2.077677750e-03 8.014750415e-05
2.144317670e-03 8.292533907e-05
2.213095000e-03 8.579945013e-05
2.254888420e-03 8.747328314e-05
2.329934990e-03 9.048144777e-05
2.387854510e-03 9.280526623e-05
2.477444590e-03 9.640337644e-05
2.570396000e-03 1.001409872e-04
2.620536360e-03 1.020685811e-04
2.710646960e-03 1.055315817e-04
2.780257580e-03 1.082057209e-04
2.833636180e-03 1.102556999e-04
2.915631760e-03 1.134037188e-04
3.000000000e-03 1.166416200e-04
3.063593230e-03 1.189648544e-04
3.120342140e-03 1.210356115e-04
3.222193860e-03 1.247465449e-04
3.300758530e-03 1.276042232e-04
3.360936600e-03 1.297903602e-04
3.453267070e-03 1.331399901e-04
3.548134000e-03 1.365760668e-04
3.620345470e-03 1.390546325e-04
3.684735050e-03 1.412602474e-04
3.800184700e-03 1.452045892e-04
3.889139610e-03 1.482349547e-04
4.026491400e-03 1.528994943e-04
4.168694000e-03 1.577108139e-04
4.253535030e-03 1.604224426e-04
4.329186150e-03 1.628333349e-04
4.464827580e-03 1.671399077e-04
4.569340430e-03 1.704444202e-04
4.649327430e-03 1.729656087e-04
4.771940920e-03 1.768174878e-04
4.897788000e-03 1.807551476e-04
4.990280790e-03 1.834839900e-04
5.156365950e-03 1.883589698e-04
5.284547350e-03 1.921000167e-04
5.382770210e-03 1.949544822e-04
5.533538150e-03 1.993159050e-04
5.688529000e-03 2.037749000e-04
5.804301700e-03 2.068963977e-04
5.907534010e-03 2.096669061e-04
6.092628120e-03 2.146048672e-04
6.235244680e-03 2.183845078e-04
6.344393670e-03 2.212628598e-04
6.511710080e-03 2.256516756e-04
6.683439000e-03 2.301275442e-04
6.809653110e-03 2.331896749e-04
6.922044150e-03 2.359024453e-04
7.123210390e-03 2.407259510e-04
7.277912450e-03 2.444081943e-04
7.516287940e-03 2.500374373e-04
7.762471000e-03 2.557963341e-04
7.909062180e-03 2.589717095e-04
8.039598570e-03 2.617824811e-04
8.273242790e-03 2.667749397e-04
8.452921250e-03 2.705816661e-04
8.590236350e-03 2.734723162e-04
8.800402740e-03 2.778662958e-04
9.015711000e-03 2.823308756e-04
9.185969690e-03 2.855810234e-04
9.337581510e-03 2.884555801e-04
9.608948190e-03 2.935558515e-04
9.817636240e-03 2.974401495e-04
9.977121260e-03 3.003870646e-04
1.022121970e-02 3.048622759e-04
1.047129000e-02 3.094041497e-04
1.066903570e-02 3.126925346e-04
1.084512410e-02 3.155985262e-04
1.116030070e-02 3.207491428e-04
1.300000000e-04 1.125702260e-02 171 5
1.300000000e-04 2.781693849e-07
1.320000000e-04 2.925775493e-07
1.350000000e-04 3.171083843e-07
1.380384000e-04 3.460938827e-07
1.445440000e-04 4.189852811e-07
1.540000000e-04 5.493034274e-07
1.621810000e-04 6.899841424e-07
1.760000000e-04 9.943178043e-07
1.828300000e-04 1.173041900e-06
1.900000000e-04 1.376916814e-06
1.972423000e-04 1.596955869e-06
2.041738000e-04 1.819334090e-06
2.120000000e-04 2.083306131e-06
2.220000000e-04 2.440641459e-06
2.330000000e-04 2.859003149e-06
2.450000000e-04 3.342584563e-06
2.570396000e-04 3.852407264e-06
2.691535000e-04 4.385139068e-06
2.818383000e-04 4.958743059e-06
2.951209000e-04 5.572855820e-06
3.126079000e-04 6.401896539e-06
3.350000000e-04 7.501961585e-06
3.550000000e-04 8.517217015e-06
3.780000000e-04 9.705635116e-06
3.901628200e-04 1.032927836e-05
4.027170000e-04 1.099299427e-05
4.168693770e-04 1.172408290e-05
4.315191000e-04 1.250379253e-05
4.492623170e-04 1.342927572e-05
4.677351000e-04 1.442325974e-05
4.869675000e-04 1.543230531e-05
5.069907000e-04 1.651194327e-05
5.278372160e-04 1.759692616e-05
5.495409000e-04 1.875320196e-05
5.721369480e-04 1.991095850e-05
5.956621000e-04 2.114019062e-05
6.095368760e-04 2.183560483e-05
6.309573570e-04 2.292185253e-05
6.531306000e-04 2.406213732e-05
6.799860780e-04 2.538163631e-05
7.079458000e-04 2.677349276e-05
7.244359690e-04 2.754790185e-05
7.498942060e-04 2.875171591e-05
7.762471000e-04 3.000813541e-05
7.943282140e-04 3.082453180e-05
8.222426210e-04 3.209095962e-05
8.511380000e-04 3.340941877e-05
8.709635610e-04 3.425618718e-05
9.015711230e-04 3.556674968e-05
9.332543000e-04 3.692745111e-05
9.565535910e-04 3.785979541e-05
9.744089990e-04 3.857446932e-05
1.001818990e-03 3.967185563e-05
1.030000000e-03 4.080045927e-05
1.055304860e-03 4.174132218e-05
1.074690660e-03 4.246118077e-05
1.104439100e-03 4.356431183e-05
1.135011000e-03 4.469610222e-05
1.164796400e-03 4.570672380e-05
1.187647290e-03 4.647965816e-05
1.222766890e-03 4.766363572e-05
1.258925000e-03 4.887777325e-05
1.291962380e-03 4.989429832e-05
1.317308140e-03 5.067054209e-05
1.356262120e-03 5.185760911e-05
1.396368000e-03 5.307248635e-05
1.437887240e-03 5.420171783e-05
1.469834840e-03 5.506438168e-05
1.494260510e-03 5.572037827e-05
1.531662170e-03 5.671905449e-05
1.570000000e-03 5.773563025e-05
1.615008320e-03 5.879841878e-05
1.649609310e-03 5.960832947e-05
1.702905700e-03 6.084416112e-05
1.757924000e-03 6.210561396e-05
1.809256280e-03 6.314404490e-05
1.848736780e-03 6.393424529e-05
1.878911510e-03 6.453337921e-05
1.925099560e-03 6.544262424e-05
1.972423000e-03 6.636467883e-05
2.031600400e-03 6.736937982e-05
2.077145700e-03 6.813287355e-05
2.111973510e-03 6.871116799e-05
2.165313190e-03 6.958782481e-05
2.220000000e-03 7.047566659e-05
2.253208370e-03 7.094116339e-05
2.312522780e-03 7.176319240e-05
2.358031050e-03 7.238596014e-05
2.427978100e-03 7.333025841e-05
2.500000000e-03 7.428687500e-05
2.537742250e-03 7.471248773e-05
2.605167410e-03 7.546318628e-05
2.656909310e-03 7.603115571e-05
2.696389030e-03 7.645993661e-05
2.756711270e-03 7.710764606e-05
2.818383000e-03 7.776084269e-05
2.863477390e-03 7.815560501e-05
2.944135640e-03 7.885126723e-05
3.006116840e-03 7.937707409e-05
3.053457560e-03 7.977372914e-05
3.125870150e-03 8.037243085e-05
3.200000000e-03 8.097562624e-05
3.250919680e-03 8.130590831e-05
3.341986520e-03 8.188714546e-05
3.411956890e-03 8.232579934e-05
3.465394370e-03 8.265633028e-05
3.547123920e-03 8.315461785e-05
3.630781000e-03 8.365590820e-05
3.683409900e-03 8.389871552e-05
3.777352770e-03 8.432532627e-05
3.849378940e-03 8.464670617e-05
3.904298430e-03 8.488854503e-05
3.988150280e-03 8.525259915e-05
4.073803000e-03 8.561821548e-05
4.138805510e-03 8.581850572e-05
4.196532980e-03 8.599414415e-05
4.299500220e-03 8.630237636e-05
4.378380260e-03 8.653427535e-05
4.438488550e-03 8.670860914e-05
4.530201740e-03 8.697076786e-05
4.623810000e-03 8.723371889e-05
4.697588680e-03 8.736086613e-05
4.763110080e-03 8.747227177e-05
4.879979220e-03 8.766757397e-05
4.969509080e-03 8.781433669e-05
5.037732760e-03 8.792457011e-05
5.141828410e-03 8.809017941e-05
5.248075000e-03 8.825610075e-05
5.336652640e-03 8.830549320e-05
5.415383600e-03 8.834873427e-05
5.555967960e-03 8.842445741e-05
5.663796130e-03 8.848129209e-05
5.746038380e-03 8.852394238e-05
5.871646310e-03 8.858795626e-05
6.000000000e-03 8.865201600e-05
6.098981850e-03 8.861884013e-05
6.186929540e-03 8.858982154e-05
6.343900620e-03 8.853906210e-05
6.464237000e-03 8.850101081e-05
6.555984920e-03 8.847248370e-05
6.696054170e-03 8.842971010e-05
6.839116000e-03 8.838695703e-05
6.958249100e-03 8.826696806e-05
7.064191660e-03 8.816211117e-05
7.158213750e-03 8.807046354e-05
7.325773590e-03 8.791030930e-05
7.454012470e-03 8.779038495e-05
7.551662670e-03 8.770054900e-05
7.700541780e-03 8.756596737e-05
7.852356000e-03 8.743159249e-05
7.989139080e-03 8.722718364e-05
8.110777390e-03 8.704871751e-05
8.218729180e-03 8.689285920e-05
8.411113590e-03 8.662077864e-05
8.558351500e-03 8.641727753e-05
8.670468910e-03 8.626496573e-05
8.841404980e-03 8.603700036e-05
9.015711000e-03 8.580963828e-05
9.172758840e-03 8.553317603e-05
9.312418190e-03 8.529200323e-05
9.436363310e-03 8.508153378e-05
9.657249970e-03 8.471446274e-05
9.826301550e-03 8.444019891e-05
9.955029460e-03 8.423508374e-05
1.015129020e-02 8.392834561e-05
1.035142000e-02 8.362272308e-05
1.054690230e-02 8.324886879e-05
1.072097520e-02 8.292311731e-05
1.087564410e-02 8.263912969e-05
1.101280880e-02 8.239144045e-05
1.125702260e-02 8.195976744e-05
1.250000000e-04 1.134628220e-02 172 6
1.250000000e-04 5.509855391e-07
1.280000000e-04 6.005723234e-07
1.310000000e-04 6.589955041e-07
1.432635270e-04 9.662611696e-07
1.566751000e-04 1.416793630e-06
1.698244000e-04 2.006754846e-06
1.778279000e-04 2.433816071e-06
1.850000000e-04 2.851358676e-06
1.905461000e-04 3.192912733e-06
1.980000000e-04 3.674188530e-06
2.065380000e-04 4.254607833e-06
2.162719000e-04 4.954107434e-06
2.264644000e-04 5.729090342e-06
2.371374000e-04 6.584511225e-06
2.483133000e-04 7.521948491e-06
2.600160000e-04 8.539139354e-06
2.730000000e-04 9.699055598e-06
2.884032000e-04 1.110862197e-05
3.054921000e-04 1.271255504e-05
3.273407000e-04 1.482634554e-05
3.507519000e-04 1.716274302e-05
3.630780670e-04 1.839572821e-05
3.758374000e-04 1.971729179e-05
3.890451270e-04 2.104830499e-05
4.027170000e-04 2.246916787e-05
4.185473630e-04 2.406979354e-05
4.350000000e-04 2.578444224e-05
4.536747910e-04 2.768784957e-05
4.731513000e-04 2.973176625e-05
4.926063730e-04 3.171893194e-05
5.128614000e-04 3.383891244e-05
5.339493030e-04 3.595603008e-05
5.559043000e-04 3.820560418e-05
5.688529650e-04 3.947477713e-05
5.888436750e-04 4.145802478e-05
6.095369000e-04 4.354091261e-05
6.237348340e-04 4.490149033e-05
6.456542200e-04 4.702248750e-05
6.683439000e-04 4.924367344e-05
6.832516780e-04 5.062261764e-05
7.062391420e-04 5.276377170e-05
7.300000000e-04 5.499548890e-05
7.477254150e-04 5.655890469e-05
7.751237880e-04 5.898775605e-05
8.035261000e-04 6.152091180e-05
8.222426400e-04 6.309630498e-05
8.511380470e-04 6.553535674e-05
8.810489000e-04 6.806869296e-05
9.024911340e-04 6.975323601e-05
9.356368960e-04 7.235853776e-05
9.700000000e-04 7.506114807e-05
9.944404260e-04 7.685085977e-05
1.013174030e-03 7.822109210e-05
1.041938210e-03 8.032238493e-05
1.071519000e-03 8.248012516e-05
1.099984720e-03 8.438326886e-05
1.121829180e-03 8.583938828e-05
1.155411930e-03 8.807081421e-05
1.190000000e-03 9.036024777e-05
1.220844200e-03 9.222189030e-05
1.244500880e-03 9.364325034e-05
1.280848160e-03 9.581646902e-05
1.318257000e-03 9.804012203e-05
1.350025800e-03 9.976263952e-05
1.374353820e-03 1.010743586e-04
1.411670310e-03 1.030743470e-04
1.450000000e-03 1.051139072e-04
1.491166020e-03 1.070851142e-04
1.522805700e-03 1.085877394e-04
1.571528400e-03 1.108813032e-04
1.621810000e-03 1.132233127e-04
1.669167770e-03 1.151683419e-04
1.705591420e-03 1.166490102e-04
1.733429820e-03 1.177719916e-04
1.776041660e-03 1.194767642e-04
1.819701000e-03 1.212062146e-04
1.872837210e-03 1.230468802e-04
1.913705160e-03 1.244457017e-04
1.944940300e-03 1.255052426e-04
1.992751500e-03 1.271114923e-04
2.041738000e-03 1.287382986e-04
2.074316490e-03 1.296686794e-04
2.132584670e-03 1.313130536e-04
2.177357440e-03 1.325600046e-04
2.211552820e-03 1.335029836e-04
2.263855440e-03 1.349300419e-04
2.317395000e-03 1.363723551e-04
2.354371860e-03 1.372077233e-04
2.420506740e-03 1.386819533e-04
2.471324210e-03 1.397980101e-04
2.510136240e-03 1.406409425e-04
2.569500160e-03 1.419148820e-04
2.630268000e-03 1.432003596e-04
2.668394260e-03 1.438691122e-04
2.736449840e-03 1.450469551e-04
2.788628180e-03 1.459366603e-04
2.868767090e-03 1.472814613e-04
2.951209000e-03 1.486386539e-04
2.993987400e-03 1.492096489e-04
3.070347070e-03 1.502141739e-04
3.128892170e-03 1.509720023e-04
3.173532440e-03 1.515428827e-04
3.241689820e-03 1.524032514e-04
3.311311000e-03 1.532685057e-04
3.364147090e-03 1.537777164e-04
3.411069780e-03 1.542246619e-04
3.494764800e-03 1.550099467e-04
3.558880980e-03 1.556015326e-04
3.657267530e-03 1.564931480e-04
3.758374000e-03 1.573898724e-04
3.818343490e-03 1.577643386e-04
3.871601220e-03 1.580927273e-04
3.966595910e-03 1.586690536e-04
4.039368420e-03 1.591026770e-04
4.094822640e-03 1.594286723e-04
4.179434650e-03 1.599189169e-04
4.265795000e-03 1.604106692e-04
4.333861100e-03 1.606479722e-04
4.394309270e-03 1.608559003e-04
4.502129390e-03 1.612204223e-04
4.584727070e-03 1.614943555e-04
4.647668280e-03 1.617001105e-04
4.743703940e-03 1.620092348e-04
4.841724000e-03 1.623189509e-04
4.918979680e-03 1.624102976e-04
4.987588940e-03 1.624902684e-04
5.109965830e-03 1.626303121e-04
5.203715000e-03 1.627354239e-04
5.275153880e-03 1.628143027e-04
5.384155290e-03 1.629326926e-04
5.495409000e-03 1.630511675e-04
5.583094970e-03 1.629975463e-04
5.660967170e-03 1.629506427e-04
5.799866160e-03 1.628685936e-04
5.906272400e-03 1.628070834e-04
5.987356240e-03 1.627609661e-04
6.111073930e-03 1.626918154e-04
6.237348000e-03 1.626226936e-04
6.336872660e-03 1.624288104e-04
6.425258570e-03 1.622593527e-04
6.582910640e-03 1.619632261e-04
6.703683050e-03 1.617414863e-04
6.795714220e-03 1.615753805e-04
6.936135340e-03 1.613265418e-04
7.079458000e-03 1.610780867e-04
7.192419460e-03 1.607496508e-04
7.292738320e-03 1.604628188e-04
7.471674960e-03 1.599620940e-04
7.608752810e-03 1.595875757e-04
7.713209080e-03 1.593072627e-04
7.872588400e-03 1.588877162e-04
8.035261000e-03 1.584692746e-04
8.175230160e-03 1.579651886e-04
8.299701800e-03 1.575254287e-04
8.410168100e-03 1.571416431e-04
8.607033720e-03 1.564722668e-04
8.757701240e-03 1.559721071e-04
8.872430200e-03 1.555980365e-04
9.047347880e-03 1.550386119e-04
9.225714000e-03 1.544811988e-04
9.386420440e-03 1.538491291e-04
9.529333300e-03 1.532981897e-04
9.656165880e-03 1.528177364e-04
9.882198380e-03 1.519805638e-04
1.005518830e-02 1.513556959e-04
1.018691510e-02 1.508887306e-04
1.038774790e-02 1.501909822e-04
1.059254000e-02 1.494964633e-04
1.077705510e-02 1.487510526e-04
1.094114040e-02 1.481018646e-04
1.108676320e-02 1.475361519e-04
1.134628220e-02 1.465513486e-04
3.300000000e-05 1.125252750e-02 282 7
3.300000000e-05 2.261615534e-08
3.882000000e-05 3.719940741e-08
4.200000000e-05 4.734726998e-08
4.265795000e-05 4.993646721e-08
4.330000000e-05 5.286814672e-08
4.400000000e-05 5.657307955e-08
4.470000000e-05 6.086219944e-08
4.540000000e-05 6.578252326e-08
4.623810000e-05 7.257747229e-08
4.720000000e-05 8.169544174e-08
4.820000000e-05 9.279662146e-08
4.954502000e-05 1.105949869e-07
5.051305310e-05 1.257141792e-07
5.150000000e-05 1.429002807e-07
5.297876940e-05 1.727013368e-07
5.450000000e-05 2.087172339e-07
5.549099030e-05 2.347260280e-07
5.650000000e-05 2.639758418e-07
5.821032000e-05 3.183779951e-07
5.956621000e-05 3.659323710e-07
6.095369000e-05 4.185135206e-07
6.237348000e-05 4.760736414e-07
6.400000000e-05 5.463332618e-07
6.580000000e-05 6.291346716e-07
6.760830000e-05 7.172020229e-07
6.950000000e-05 8.142058263e-07
7.161434000e-05 9.282259073e-07
7.413102000e-05 1.071573718e-06
7.673615000e-05 1.228811447e-06
8.000000000e-05 1.438971904e-06
8.413951000e-05 1.728308092e-06
8.810489000e-05 2.029779513e-06
9.332543000e-05 2.462257081e-06
9.885531000e-05 2.963147622e-06
1.040000000e-04 3.464266158e-06
1.083927000e-04 3.912569165e-06
1.135011000e-04 4.449992181e-06
1.190000000e-04 5.041712621e-06
1.244515000e-04 5.637857590e-06
1.303167000e-04 6.283452688e-06
1.380000000e-04 7.133722735e-06
1.462177000e-04 8.046359729e-06
1.548817000e-04 9.010947162e-06
1.598608170e-04 9.556887956e-06
1.650000000e-04 1.013590507e-05
1.703107340e-04 1.071071777e-05
1.757924000e-04 1.131812832e-05
1.809256050e-04 1.185749519e-05
1.862087000e-04 1.242256541e-05
1.920138610e-04 1.300550264e-05
1.980000000e-04 1.361579446e-05
2.033913990e-04 1.412955730e-05
2.089296000e-04 1.466270559e-05
2.153656690e-04 1.524012073e-05
2.220000000e-04 1.584027424e-05
2.308246090e-04 1.658002273e-05
2.400000000e-04 1.735431782e-05
2.488372970e-04 1.804340990e-05
2.580000000e-04 1.875986365e-05
2.630054660e-04 1.911671836e-05
2.706963340e-04 1.966476812e-05
2.786121000e-04 2.022852987e-05
2.884031600e-04 2.085535129e-05
2.985383000e-04 2.150159618e-05
3.037648630e-04 2.179581538e-05
3.117767740e-04 2.224471027e-05
3.200000000e-04 2.270285005e-05
3.264844490e-04 2.302307122e-05
3.364583280e-04 2.351189184e-05
3.467369000e-04 2.401109066e-05
3.548134290e-04 2.435059454e-05
3.609940450e-04 2.460836884e-05
3.704674210e-04 2.500015612e-05
3.801894000e-04 2.539818076e-05
3.879269920e-04 2.566934334e-05
3.998296440e-04 2.608152513e-05
4.120975000e-04 2.650032531e-05
4.212628040e-04 2.675682790e-05
4.282703070e-04 2.695083279e-05
4.390007270e-04 2.724448078e-05
4.500000000e-04 2.754132840e-05
4.609559110e-04 2.777063585e-05
4.693475380e-04 2.794386841e-05
4.822222850e-04 2.820574548e-05
4.954502000e-04 2.847007669e-05
5.055335780e-04 2.862913989e-05
5.132305580e-04 2.874902030e-05
5.249963150e-04 2.892978270e-05
5.370318000e-04 2.911168166e-05
5.495408880e-04 2.925059856e-05
5.591135500e-04 2.935522096e-05
5.737861030e-04 2.951285666e-05
5.888437000e-04 2.967133884e-05
6.042964360e-04 2.976598788e-05
6.161515330e-04 2.983717282e-05
6.251952340e-04 2.989067320e-05
6.390102810e-04 2.997110361e-05
6.531306000e-04 3.005175027e-05
6.625978550e-04 3.007235529e-05
6.794969550e-04 3.010844829e-05
6.924535270e-04 3.013554640e-05
7.023328290e-04 3.015588591e-05
7.174166890e-04 3.018642115e-05
7.328245000e-04 3.021698715e-05
7.434469430e-04 3.020216079e-05
7.624080600e-04 3.017623225e-05
7.769455850e-04 3.015680047e-05
7.880303530e-04 3.014223468e-05
8.049547360e-04 3.012039942e-05
8.222426000e-04 3.009857999e-05
8.341611820e-04 3.005090028e-05
8.447315750e-04 3.000924248e-05
8.635530910e-04 2.993648019e-05
8.779439280e-04 2.988202426e-05
8.999810880e-04 2.980052601e-05
9.225714000e-04 2.971925017e-05
9.345983060e-04 2.965052682e-05
9.560238870e-04 2.953064317e-05
9.724147970e-04 2.944104850e-05
9.848921370e-04 2.937403103e-05
1.003908980e-03 2.927379073e-05
1.023293000e-03 2.917389247e-05
1.038125900e-03 2.907078427e-05
1.051280950e-03 2.898086317e-05
1.074704660e-03 2.882416954e-05
1.092614320e-03 2.870720621e-05
1.106242160e-03 2.861979532e-05
1.127003270e-03 2.848917755e-05
1.148154000e-03 2.835915595e-05
1.164796740e-03 2.823112591e-05
1.179556920e-03 2.811957444e-05
1.205838700e-03 2.792541828e-05
1.225933610e-03 2.778068091e-05
1.241224260e-03 2.767262112e-05
1.264518550e-03 2.751131850e-05
1.288250000e-03 2.735095619e-05
1.306923430e-03 2.720286830e-05
1.323484580e-03 2.707394919e-05
1.352973170e-03 2.684980947e-05
1.375520000e-03 2.668292356e-05
1.392676350e-03 2.655843981e-05
1.418812930e-03 2.637280285e-05
1.445440000e-03 2.618846301e-05
1.466391920e-03 2.602308652e-05
1.484973830e-03 2.587923899e-05
1.518060560e-03 2.562941707e-05
1.543358500e-03 2.544363422e-05
1.562608240e-03 2.530518162e-05
1.591933940e-03 2.509891352e-05
1.621810000e-03 2.489432734e-05
1.645318510e-03 2.471546760e-05
1.666167820e-03 2.456001987e-05
1.703291840e-03 2.429033496e-05
1.731676690e-03 2.409001686e-05
1.753275310e-03 2.394086269e-05
1.786179400e-03 2.371886169e-05
1.819701000e-03 2.349891947e-05
1.848736550e-03 2.329078560e-05
1.874522450e-03 2.311018104e-05
1.897379980e-03 2.295330158e-05
1.938053350e-03 2.268132032e-05
1.969129550e-03 2.247945158e-05
1.992763280e-03 2.232923027e-05
2.028746760e-03 2.210577773e-05
2.065380000e-03 2.188456183e-05
2.098335740e-03 2.166979353e-05
2.127603080e-03 2.148360070e-05
2.153546680e-03 2.132199500e-05
2.199711510e-03 2.104210457e-05
2.234983420e-03 2.083460071e-05
2.261808020e-03 2.068031670e-05
2.302649770e-03 2.045103015e-05
2.344229000e-03 2.022428602e-05
2.381634050e-03 2.000706294e-05
2.414852740e-03 1.981890742e-05
2.444298950e-03 1.965572353e-05
2.496696420e-03 1.937337790e-05
2.536730340e-03 1.916428380e-05
2.567176490e-03 1.900894556e-05
2.613532220e-03 1.877829549e-05
2.660725000e-03 1.855044434e-05
2.703180200e-03 1.833470560e-05
2.740883840e-03 1.814799352e-05
2.774305660e-03 1.798618071e-05
2.833777460e-03 1.770647224e-05
2.879216470e-03 1.749954929e-05
2.913773230e-03 1.734594541e-05
2.966387590e-03 1.711806414e-05
3.019952000e-03 1.689317661e-05
3.068139050e-03 1.668272108e-05
3.110933030e-03 1.650072441e-05
3.148867110e-03 1.634310674e-05
3.182438680e-03 1.620642681e-05
3.242052460e-03 1.596998170e-05
3.287494490e-03 1.579491450e-05
3.356854570e-03 1.553590564e-05
3.427678000e-03 1.528114397e-05
3.482370780e-03 1.507747974e-05
3.530942360e-03 1.490150134e-05
3.573997910e-03 1.474920597e-05
3.612101970e-03 1.461722489e-05
3.679764200e-03 1.438909353e-05
3.731341350e-03 1.422033459e-05
3.770498080e-03 1.409506553e-05
3.830004970e-03 1.390922802e-05
3.890451000e-03 1.372584074e-05
3.952527960e-03 1.353090478e-05
4.007657300e-03 1.336260831e-05
4.056525870e-03 1.321706684e-05
4.099774450e-03 1.309101906e-05
4.176571900e-03 1.287332101e-05
4.235112590e-03 1.271242653e-05
4.279555960e-03 1.259307681e-05
4.347097010e-03 1.241614976e-05
4.415704000e-03 1.224170855e-05
4.486162040e-03 1.205729373e-05
4.548734450e-03 1.189821111e-05
4.604200820e-03 1.176073653e-05
4.653288430e-03 1.164174991e-05
4.740454400e-03 1.143641277e-05
4.806898740e-03 1.128479019e-05
4.857342450e-03 1.117239383e-05
4.934002300e-03 1.100589494e-05
5.011872000e-03 1.084187731e-05
5.091842620e-03 1.066934146e-05
5.162862970e-03 1.052062647e-05
5.225817890e-03 1.039220223e-05
5.281532850e-03 1.028111766e-05
5.380467140e-03 1.008956921e-05
5.455882170e-03 9.948253544e-06
5.513136330e-03 9.843567243e-06
5.600146060e-03 9.688599648e-06
5.688529000e-03 9.536071783e-06
5.779296520e-03 9.376145451e-06
5.859905380e-03 9.238411592e-06
5.931359890e-03 9.119555188e-06
5.994596970e-03 9.016810922e-06
6.106888460e-03 8.839785948e-06
6.192485330e-03 8.709301773e-06
6.257469420e-03 8.612704213e-06
6.356226410e-03 8.469812983e-06
6.456542000e-03 8.329292460e-06
6.569010870e-03 8.169238967e-06
6.669027070e-03 8.031717104e-06
6.757789630e-03 7.913285912e-06
6.836425450e-03 7.811092007e-06
6.905982030e-03 7.722755501e-06
7.029413280e-03 7.570563761e-06
7.123432320e-03 7.458391440e-06
7.194770930e-03 7.375354303e-06
7.303120620e-03 7.252528738e-06
7.413102000e-03 7.131748682e-06
7.542233560e-03 6.988261883e-06
7.657067540e-03 6.865081035e-06
7.758980600e-03 6.759080274e-06
7.849266610e-03 6.667673086e-06
7.929128280e-03 6.588706415e-06
8.070846330e-03 6.452758421e-06
8.178794650e-03 6.352641434e-06
8.260702350e-03 6.278574445e-06
8.385104460e-03 6.169089975e-06
8.511380000e-03 6.061514657e-06
8.672114110e-03 5.923925370e-06
8.815244480e-03 5.806099111e-06
8.942420070e-03 5.704925180e-06
9.055202860e-03 5.617845250e-06
9.155054040e-03 5.542741382e-06
9.243326600e-03 5.477849561e-06
9.399856530e-03 5.366111647e-06
9.518991080e-03 5.283806528e-06
9.700529960e-03 5.162709756e-06
9.885531000e-03 5.044388349e-06
1.002882410e-02 4.952800742e-06
1.015590840e-02 4.874026755e-06
1.026842750e-02 4.806127962e-06
1.036790390e-02 4.747492946e-06
1.054431190e-02 4.646597678e-06
1.067858480e-02 4.572335794e-06
1.078041050e-02 4.517419454e-06
1.093497230e-02 4.436279107e-06
1.109175000e-02 4.356596226e-06
1.125252750e-02 4.266113525e-06
3.200000000e-05 1.122018000e-02 296 8
3.200000000e-05 4.531516670e-08
3.271522710e-05 4.674501602e-08
3.400555520e-05 4.935666859e-08
3.500659080e-05 5.141072600e-08
3.656366650e-05 5.465319784e-08
3.819000000e-05 5.810017207e-08
3.880000000e-05 5.940861629e-08
3.950000000e-05 6.136227808e-08
4.000000000e-05 6.304857600e-08
4.073803000e-05 6.605030216e-08
4.130000000e-05 6.878235418e-08
4.200000000e-05 7.278834830e-08
4.265795000e-05 7.721109370e-08
4.330000000e-05 8.219898250e-08
4.400000000e-05 8.846341363e-08
4.470000000e-05 9.566078422e-08
4.540000000e-05 1.038684127e-07
4.623810000e-05 1.151313259e-07
4.731513000e-05 1.321010494e-07
4.850000000e-05 1.543106438e-07
4.930271720e-05 1.717789423e-07
5.011872000e-05 1.912246887e-07
5.106207020e-05 2.164813095e-07
5.251049230e-05 2.607564553e-07
5.400000000e-05 3.140868273e-07
5.489262250e-05 3.492706884e-07
5.580000000e-05 3.883958235e-07
5.754399000e-05 4.707504573e-07
5.900000000e-05 5.469805508e-07
6.070000000e-05 6.440380255e-07
6.237348000e-05 7.474280556e-07
6.400000000e-05 8.547462021e-07
6.580000000e-05 9.807041309e-07
6.760830000e-05 1.114293286e-06
6.950000000e-05 1.261135798e-06
7.161434000e-05 1.433557850e-06
7.413102000e-05 1.650080911e-06
7.673615000e-05 1.887401003e-06
8.000000000e-05 2.204399616e-06
8.413951000e-05 2.639640657e-06
8.810489000e-05 3.092906588e-06
9.332543000e-05 3.743956684e-06
9.800000000e-05 4.375582784e-06
1.023293000e-04 4.995874224e-06
1.071519000e-04 5.719726234e-06
1.122018000e-04 6.506156978e-06
1.174898000e-04 7.350051714e-06
1.230269000e-04 8.244529475e-06
1.291200000e-04 9.238165158e-06
1.364583000e-04 1.043816028e-05
1.450000000e-04 1.184070707e-05
1.498594230e-04 1.262956490e-05
1.548817000e-04 1.347097824e-05
1.598608170e-04 1.427717712e-05
1.650000000e-04 1.513162424e-05
1.704112680e-04 1.599423095e-05
1.760000000e-04 1.690601189e-05
1.810324040e-04 1.768658896e-05
1.862087000e-04 1.850320647e-05
1.916461130e-04 1.930822809e-05
1.972423000e-04 2.014827340e-05
2.030018600e-04 2.095379416e-05
2.089296000e-04 2.179151906e-05
2.162718390e-04 2.275671448e-05
2.238721000e-04 2.376466061e-05
2.317958240e-04 2.473541219e-05
2.400000000e-04 2.574581760e-05
2.448547030e-04 2.629771119e-05
2.523215030e-04 2.714781294e-05
2.600160000e-04 2.802539491e-05
2.648741430e-04 2.852915092e-05
2.723320770e-04 2.930181313e-05
2.800000000e-04 3.009540173e-05
2.853438620e-04 3.058698997e-05
2.935514890e-04 3.133946868e-05
3.019952000e-04 3.211045968e-05
3.072557690e-04 3.253582238e-05
3.153189360e-04 3.318445463e-05
3.235937000e-04 3.384601776e-05
3.311311580e-04 3.436986362e-05
3.368992470e-04 3.476806186e-05
3.457403180e-04 3.537402581e-05
3.548134000e-04 3.599055101e-05
3.621305740e-04 3.642255149e-05
3.733902400e-04 3.708029420e-05
3.850000000e-04 3.774991484e-05
3.938633290e-04 3.818292871e-05
4.006444770e-04 3.851094543e-05
4.110357330e-04 3.900826151e-05
4.216965000e-04 3.951199992e-05
4.309624740e-04 3.985746099e-05
4.380453260e-04 4.011853765e-05
4.488884610e-04 4.051336241e-05
4.600000000e-04 4.091207285e-05
4.699680860e-04 4.119759340e-05
4.775856500e-04 4.141304053e-05
4.892441260e-04 4.173832566e-05
5.011872000e-04 4.206616587e-05
5.143396290e-04 4.234032170e-05
5.244299660e-04 4.254711041e-05
5.321274140e-04 4.270286438e-05
5.438859420e-04 4.293756508e-05
5.559043000e-04 4.317355587e-05
5.704926130e-04 4.335489384e-05
5.816845370e-04 4.349139690e-05
5.902223350e-04 4.359405635e-05
6.032645700e-04 4.374849987e-05
6.165950000e-04 4.390349045e-05
6.255326770e-04 4.395197050e-05
6.414864780e-04 4.403693922e-05
6.537182880e-04 4.410077372e-05
6.630449650e-04 4.414871041e-05
6.772850670e-04 4.422071289e-05
6.918310000e-04 4.429283288e-05
7.018592300e-04 4.429248125e-05
7.197596720e-04 4.429186598e-05
7.334839760e-04 4.429140456e-05
7.439486690e-04 4.429105863e-05
7.599263100e-04 4.429053917e-05
7.762471000e-04 4.429002010e-05
7.874989670e-04 4.423690367e-05
8.075836100e-04 4.414410328e-05
8.229825450e-04 4.407463086e-05
8.347241330e-04 4.402259821e-05
8.526513570e-04 4.394466435e-05
8.709636000e-04 4.386686853e-05
8.835883960e-04 4.376932622e-05
8.947851180e-04 4.368415452e-05
9.147218690e-04 4.353550283e-05
9.299654090e-04 4.342434618e-05
9.415645400e-04 4.334116491e-05
9.592350570e-04 4.321669164e-05
9.772372000e-04 4.309257594e-05
9.899767560e-04 4.296699929e-05
1.012671900e-03 4.274811990e-05
1.030034050e-03 4.258469275e-05
1.043250730e-03 4.246253234e-05
1.063394400e-03 4.227994911e-05
1.083927000e-03 4.209815043e-05
1.099638750e-03 4.192567964e-05
1.113573230e-03 4.177534634e-05
1.138384800e-03 4.151355988e-05
1.157355610e-03 4.131829818e-05
1.171790890e-03 4.117245387e-05
1.193782090e-03 4.095465256e-05
1.216186000e-03 4.073800419e-05
1.232040570e-03 4.055262784e-05
1.260285000e-03 4.023024569e-05
1.281892440e-03 3.999014214e-05
1.298340790e-03 3.981100550e-05
1.323409880e-03 3.954380464e-05
1.348963000e-03 3.927839675e-05
1.368516470e-03 3.904347866e-05
1.385858110e-03 3.883907728e-05
1.416736430e-03 3.848394771e-05
1.440345830e-03 3.821973224e-05
1.458310720e-03 3.802276201e-05
1.485679050e-03 3.772920877e-05
1.513561000e-03 3.743792213e-05
1.535500460e-03 3.718156222e-05
1.554958210e-03 3.695868805e-05
1.589604430e-03 3.657186734e-05
1.616094760e-03 3.628441122e-05
1.636251820e-03 3.607030340e-05
1.666959760e-03 3.575150722e-05
1.698244000e-03 3.543552913e-05
1.722860400e-03 3.516244482e-05
1.744692270e-03 3.492522254e-05
1.783565840e-03 3.451392869e-05
1.813288370e-03 3.420863963e-05
1.835904880e-03 3.398144691e-05
1.870359630e-03 3.364348303e-05
1.905461000e-03 3.330888104e-05
1.933081020e-03 3.302725323e-05
1.957576750e-03 3.278278248e-05
1.979265020e-03 3.257035597e-05
2.017799260e-03 3.220191583e-05
2.047191480e-03 3.192832351e-05
2.092084510e-03 3.152228729e-05
2.137962000e-03 3.112141512e-05
2.172075830e-03 3.080257115e-05
2.202371660e-03 3.052626370e-05
2.229226940e-03 3.028652855e-05
2.277014050e-03 2.987151388e-05
2.313525440e-03 2.956398885e-05
2.341292680e-03 2.933542476e-05
2.383569640e-03 2.899588730e-05
2.426610000e-03 2.866028012e-05
2.465329610e-03 2.834010939e-05
2.499715750e-03 2.806289573e-05
2.530196820e-03 2.782255884e-05
2.584435760e-03 2.740691151e-05
2.625876640e-03 2.709925630e-05
2.657392790e-03 2.687078303e-05
2.705377670e-03 2.653168041e-05
2.754229000e-03 2.619685693e-05
2.798176060e-03 2.588098160e-05
2.837204570e-03 2.560771623e-05
2.871800820e-03 2.537097719e-05
2.902418410e-03 2.516562648e-05
2.956786750e-03 2.481025423e-05
2.998230320e-03 2.454702233e-05
3.061487360e-03 2.415740152e-05
3.126079000e-03 2.377396511e-05
3.175959520e-03 2.346683524e-05
3.220257430e-03 2.320135306e-05
3.259524650e-03 2.297152109e-05
3.294276050e-03 2.277228654e-05
3.355984880e-03 2.242777502e-05
3.403023920e-03 2.217281621e-05
3.438735370e-03 2.198350088e-05
3.493006430e-03 2.170255437e-05
3.548134000e-03 2.142519832e-05
3.604748820e-03 2.112956210e-05
3.655027330e-03 2.087422859e-05
3.699595960e-03 2.065334416e-05
3.739039090e-03 2.046198841e-05
3.809079140e-03 2.013137227e-05
3.862468840e-03 1.988692058e-05
3.903001630e-03 1.970553164e-05
3.964599740e-03 1.943654575e-05
4.027170000e-03 1.917123171e-05
4.091428540e-03 1.888989005e-05
4.148495280e-03 1.864710484e-05
4.199081250e-03 1.843722910e-05
4.243849710e-03 1.825552634e-05
4.323346060e-03 1.794184493e-05
4.383944050e-03 1.771012604e-05
4.429949300e-03 1.753830302e-05
4.499863950e-03 1.728368904e-05
4.570882000e-03 1.703277143e-05
4.643816020e-03 1.676795339e-05
4.708587290e-03 1.653961731e-05
4.766002820e-03 1.634237533e-05
4.816815420e-03 1.617171910e-05
4.907044500e-03 1.587734771e-05
4.975823760e-03 1.566009089e-05
5.028040120e-03 1.549910143e-05
5.107393880e-03 1.526071514e-05
5.188000000e-03 1.502599539e-05
5.270781060e-03 1.477933046e-05
5.344297290e-03 1.456682261e-05
5.409464660e-03 1.438338631e-05
5.467137630e-03 1.422477543e-05
5.569548800e-03 1.395140340e-05
5.647614170e-03 1.374982771e-05
5.706880430e-03 1.360055955e-05
5.796947980e-03 1.337969010e-05
5.888437000e-03 1.316240762e-05
5.982394220e-03 1.293458182e-05
6.065835780e-03 1.273847133e-05
6.139801300e-03 1.256931534e-05
6.205260620e-03 1.242314752e-05
6.321498180e-03 1.217143197e-05
6.410103040e-03 1.198599806e-05
6.477370750e-03 1.184877895e-05
6.579598190e-03 1.164589019e-05
6.683439000e-03 1.144647551e-05
6.799860310e-03 1.121975706e-05
6.903391340e-03 1.102506513e-05
6.995273240e-03 1.085748308e-05
7.076672530e-03 1.071293970e-05
7.148673520e-03 1.058804361e-05
7.276442460e-03 1.037296894e-05
7.373765570e-03 1.021453484e-05
7.447611210e-03 1.009729940e-05
7.559768590e-03 9.923964221e-06
7.673615000e-03 9.753604671e-06
7.751308200e-03 9.636701361e-06
7.899109380e-03 9.421270999e-06
8.030745440e-03 9.236723723e-06
8.147725250e-03 9.078212763e-06
8.251479530e-03 8.941748590e-06
8.343347780e-03 8.824026357e-06
8.424571130e-03 8.722291383e-06
8.568619280e-03 8.547069513e-06
8.678269460e-03 8.417966962e-06
8.845381260e-03 8.227960461e-06
9.015711000e-03 8.042242596e-06
9.133242410e-03 7.911986630e-06
9.237338570e-03 7.799744451e-06
9.329395500e-03 7.702839504e-06
9.492708150e-03 7.536143885e-06
9.617066010e-03 7.413493835e-06
9.711402360e-03 7.322818028e-06
9.854644780e-03 7.188879607e-06
1.000000000e-02 7.057391000e-06
1.011579440e-02 6.949820855e-06
1.021821390e-02 6.857042875e-06
1.039994940e-02 6.697651754e-06
1.053836900e-02 6.580544465e-06
1.064339150e-02 6.494059922e-06
1.080289070e-02 6.366459447e-06
1.096478000e-02 6.241366229e-06
1.109174500e-02 6.140199597e-06
1.122018000e-02 6.040672746e-06
1.430000000e-05 1.135011000e-02 330 9
1.430000000e-05 1.742842490e-09
1.441851850e-05 1.661282576e-09
1.450805150e-05 1.602627286e-09
1.464339450e-05 1.518504533e-09
1.478000000e-05 1.438797489e-09
1.488959370e-05 1.378381510e-09
1.500000000e-05 1.320502500e-09
1.510959960e-05 1.263562859e-09
1.522000000e-05 1.209078511e-09
1.528952230e-05 1.174309399e-09
1.539440150e-05 1.124021464e-09
1.550000000e-05 1.075887069e-09
1.557446180e-05 1.041117967e-09
1.568682560e-05 9.910597446e-10
1.580000000e-05 9.434084328e-10
1.591580070e-05 8.944816677e-10
1.603245000e-05 8.480923654e-10
1.609892300e-05 8.212767632e-10
1.619914960e-05 7.826347612e-10
1.630000000e-05 7.458109331e-10
1.639969520e-05 7.093035957e-10
1.650000000e-05 6.745833097e-10
1.659969880e-05 6.402253117e-10
1.670000000e-05 6.076172804e-10
1.679970240e-05 5.753208629e-10
1.690000000e-05 5.447411140e-10
1.699970590e-05 5.144771068e-10
1.710000000e-05 4.858945039e-10
1.719970930e-05 4.576256312e-10
1.730000000e-05 4.310014474e-10
1.739971270e-05 4.046952599e-10
1.750000000e-05 3.799946937e-10
1.757484000e-05 3.616728218e-10
1.765000000e-05 3.442343843e-10
1.771627060e-05 3.289413331e-10
1.778279000e-05 3.143277205e-10
1.787515520e-05 2.941715923e-10
1.796800000e-05 2.753079841e-10
1.802391310e-05 2.640310945e-10
1.808000000e-05 2.532161323e-10
1.814986510e-05 2.398349774e-10
1.822000000e-05 2.271609621e-10
1.828488450e-05 2.155389416e-10
1.835000000e-05 2.045115453e-10
1.842484740e-05 1.919628327e-10
1.850000000e-05 1.801841179e-10
1.857484860e-05 1.686078979e-10
1.865000000e-05 1.577754268e-10
1.870990380e-05 1.492635110e-10
1.877000000e-05 1.412108245e-10
1.884485080e-05 1.313548812e-10
1.892000000e-05 1.221868543e-10
1.898718580e-05 1.141733982e-10
1.905461000e-05 1.066855026e-10
1.909085400e-05 1.026927661e-10
1.914534930e-05 9.698209729e-11
1.920000000e-05 9.158900318e-11
1.923739070e-05 8.792396285e-11
1.929361320e-05 8.269955667e-11
1.935000000e-05 7.778559255e-11
1.940055160e-05 7.347629538e-11
1.943855200e-05 7.040172818e-11
1.949569210e-05 6.602941829e-11
1.955300000e-05 6.192865777e-11
1.961445970e-05 5.778357326e-11
1.966068120e-05 5.485786971e-11
1.969541880e-05 5.276122228e-11
1.974764020e-05 4.976554438e-11
1.980000000e-05 4.693996066e-11
1.985990940e-05 4.405036778e-11
1.992000000e-05 4.133866094e-11
1.995996000e-05 3.974176501e-11
2.000000000e-05 3.820656000e-11
2.007000000e-05 3.585966610e-11
2.012000000e-05 3.440619340e-11
2.018366000e-05 3.282404862e-11
2.022000000e-05 3.205529222e-11
2.027000000e-05 3.115585450e-11
2.032000000e-05 3.043989692e-11
2.037000000e-05 2.990647898e-11
2.041738000e-05 2.956881873e-11
2.047000000e-05 2.938465552e-11
2.053000000e-05 2.941830612e-11
2.058000000e-05 2.964423103e-11
2.064000000e-05 3.015257642e-11
2.070000000e-05 3.091673099e-11
2.077000000e-05 3.213138629e-11
2.082000000e-05 3.321269794e-11
2.089296000e-05 3.510418438e-11
2.097000000e-05 3.750624910e-11
2.105000000e-05 4.044078076e-11
2.115000000e-05 4.473024063e-11
2.122486750e-05 4.843993638e-11
2.130000000e-05 5.245729014e-11
2.138133060e-05 5.728847683e-11
2.144253220e-05 6.120167929e-11
2.153466320e-05 6.757832001e-11
2.162719000e-05 7.461933925e-11
2.171342310e-05 8.159479792e-11
2.180000000e-05 8.922231798e-11
2.187487150e-05 9.609414692e-11
2.195000000e-05 1.034952275e-10
2.202487240e-05 1.110929500e-10
2.210000000e-05 1.192484176e-10
2.217487320e-05 1.275655836e-10
2.225000000e-05 1.364628321e-10
2.232487410e-05 1.454940440e-10
2.240000000e-05 1.551229334e-10
2.247487490e-05 1.648677532e-10
2.255000000e-05 1.752247275e-10
2.262487570e-05 1.856746405e-10
2.270000000e-05 1.967477434e-10
2.285000000e-05 2.196894039e-10
2.300000000e-05 2.440335190e-10
2.310973830e-05 2.624467958e-10
2.322000000e-05 2.822494037e-10
2.333088030e-05 3.023443768e-10
2.344229000e-05 3.238700074e-10
2.360000000e-05 3.552130030e-10
2.372467080e-05 3.806720158e-10
2.385000000e-05 4.079557143e-10
2.397467420e-05 4.352658243e-10
2.410000000e-05 4.644041527e-10
2.435000000e-05 5.245231798e-10
2.460000000e-05 5.882691856e-10
2.476445040e-05 6.314986393e-10
2.493000000e-05 6.779048115e-10
2.520000000e-05 7.558380708e-10
2.550000000e-05 8.472253556e-10
2.580000000e-05 9.435986168e-10
2.610000000e-05 1.044905975e-09
2.650000000e-05 1.187562054e-09
2.691535000e-05 1.344729926e-09
2.730000000e-05 1.498379326e-09
2.770000000e-05 1.666304096e-09
2.818383000e-05 1.880337618e-09
2.870000000e-05 2.121652926e-09
2.920000000e-05 2.367957060e-09
2.985383000e-05 2.708329129e-09
3.060000000e-05 3.121582172e-09
3.126079000e-05 3.509162207e-09
3.198895000e-05 3.959231125e-09
3.273407000e-05 4.444163245e-09
3.357300000e-05 5.018885747e-09
3.467369000e-05 5.817627344e-09
3.589219000e-05 6.758713909e-09
3.715352000e-05 7.792978185e-09
3.850000000e-05 8.961388977e-09
4.000000000e-05 1.033739520e-08
4.168694000e-05 1.197317471e-08
4.350000000e-05 1.382793742e-08
4.518559000e-05 1.563405686e-08
4.731513000e-05 1.802135313e-08
4.954502000e-05 2.063343582e-08
5.188000000e-05 2.347856026e-08
5.495409000e-05 2.737684826e-08
5.821032000e-05 3.167207656e-08
6.165950000e-05 3.638205581e-08
6.531306000e-05 4.153023765e-08
7.000000000e-05 4.835586560e-08
7.245688380e-05 5.198666593e-08
7.500000000e-05 5.589008437e-08
7.807835010e-05 6.059894990e-08
8.128305000e-05 6.570454749e-08
8.511380120e-05 7.181997475e-08
8.912509000e-05 7.850459352e-08
9.386420200e-05 8.645870933e-08
9.885531000e-05 9.521873881e-08
1.017419420e-04 1.002888494e-07
1.062307020e-04 1.084046677e-07
1.109175000e-04 1.171772492e-07
1.144853780e-04 1.238231621e-07
1.200535320e-04 1.345054139e-07
1.258925000e-04 1.461092247e-07
1.303166520e-04 1.548628841e-07
1.337365000e-04 1.617706070e-07
1.390352790e-04 1.727141935e-07
1.445440000e-04 1.843980982e-07
1.485624750e-04 1.928533540e-07
1.558654910e-04 2.085936170e-07
1.615773970e-04 2.212362978e-07
1.659982780e-04 2.312186732e-07
1.728574280e-04 2.470430803e-07
1.800000000e-04 2.639504880e-07
1.865906380e-04 2.797746901e-07
1.925551000e-04 2.943971711e-07
1.979301960e-04 3.078174170e-07
2.077001700e-04 3.327916405e-07
2.153428470e-04 3.528432588e-07
2.212588500e-04 3.686709264e-07
2.304389810e-04 3.937535447e-07
2.400000000e-04 4.205426688e-07
2.484039200e-04 4.438920228e-07
2.548994190e-04 4.622509276e-07
2.649625210e-04 4.912227486e-07
2.754229000e-04 5.220103891e-07
2.867477710e-04 5.549134944e-07
2.955459780e-04 5.809448303e-07
3.092520280e-04 6.222992792e-07
3.235937000e-04 6.665975315e-07
3.311311560e-04 6.896489285e-07
3.447466240e-04 7.319235207e-07
3.553243790e-04 7.653215412e-07
3.718026480e-04 8.182976004e-07
3.890451000e-04 8.749406967e-07
3.992546270e-04 9.080562315e-07
4.084075060e-04 9.380588924e-07
4.249328330e-04 9.929685247e-07
4.377641760e-04 1.036249929e-06
4.476413190e-04 1.069944600e-06
4.628764520e-04 1.122551961e-06
4.786301000e-04 1.177745927e-06
4.904841810e-04 1.218880221e-06
5.119396310e-04 1.294352343e-06
5.286449170e-04 1.354007679e-06
5.415306510e-04 1.400546677e-06
5.614505550e-04 1.473371538e-06
5.821032000e-04 1.549983097e-06
6.042963830e-04 1.630347838e-06
6.214948020e-04 1.693344237e-06
6.482145250e-04 1.792432149e-06
6.760830000e-04 1.897318300e-06
6.908360830e-04 1.951558790e-06
7.174328480e-04 2.050237450e-06
7.380502650e-04 2.127507284e-06
7.539012310e-04 2.187364824e-06
7.783182620e-04 2.280323577e-06
8.035261000e-04 2.377232890e-06
8.246126450e-04 2.456555668e-06
8.435168110e-04 2.528131322e-06
8.776478790e-04 2.658443363e-06
9.041494690e-04 2.760566731e-06
9.245495140e-04 2.839725612e-06
9.560158410e-04 2.962740194e-06
9.885531000e-04 3.091083674e-06
1.008672140e-03 3.168194872e-06
1.044870710e-03 3.307796858e-06
1.072869640e-03 3.416520627e-06
1.116281050e-03 3.586343371e-06
1.161449000e-03 3.764607327e-06
1.186793390e-03 3.861531656e-06
1.232484090e-03 4.037192475e-06
1.267902830e-03 4.174162364e-06
1.295133270e-03 4.279930866e-06
1.337079380e-03 4.443629906e-06
1.380384000e-03 4.613589985e-06
1.410506000e-03 4.727843769e-06
1.464809740e-03 4.934638213e-06
1.506905200e-03 5.095648643e-06
1.539268800e-03 5.219844851e-06
1.589122090e-03 5.411837697e-06
1.640590000e-03 5.610892283e-06
1.676390020e-03 5.744293734e-06
1.740930060e-03 5.985423284e-06
1.790960540e-03 6.172890027e-06
1.829424690e-03 6.317333294e-06
1.888675360e-03 6.540360283e-06
1.949845000e-03 6.771260902e-06
1.989528150e-03 6.914997471e-06
2.060926880e-03 7.173917133e-06
2.116152470e-03 7.374449493e-06
2.158540670e-03 7.528518916e-06
2.223720250e-03 7.765679197e-06
2.290868000e-03 8.010310452e-06
2.337491620e-03 8.173081179e-06
2.421377800e-03 8.465929105e-06
2.486262200e-03 8.692430775e-06
2.536063970e-03 8.866274980e-06
2.612643290e-03 9.133581971e-06
2.691535000e-03 9.408947925e-06
2.746313010e-03 9.591672163e-06
2.844870740e-03 9.920019719e-06
2.921103310e-03 1.017363597e-05
2.979615330e-03 1.036809422e-05
3.069588250e-03 1.066677287e-05
3.162278000e-03 1.097405570e-05
3.226636470e-03 1.117733694e-05
3.284023680e-03 1.135829451e-05
3.386918160e-03 1.168204827e-05
3.466199210e-03 1.193090526e-05
3.588613970e-03 1.231416592e-05
3.715352000e-03 1.270973809e-05
3.796426230e-03 1.294956475e-05
3.868816130e-03 1.316312246e-05
3.998835660e-03 1.354535784e-05
4.099209900e-03 1.383930101e-05
4.176140550e-03 1.406393685e-05
4.294252040e-03 1.440774583e-05
4.415704000e-03 1.475995949e-05
4.505572230e-03 1.500594207e-05
4.585706010e-03 1.522453726e-05
4.729384770e-03 1.561476897e-05
4.840090470e-03 1.591399296e-05
4.924817050e-03 1.614216784e-05
5.054695930e-03 1.649057901e-05
5.188000000e-03 1.684651023e-05
5.293585990e-03 1.711165983e-05
5.387735000e-03 1.734708679e-05
5.556542890e-03 1.776690495e-05
5.686610790e-03 1.808842277e-05
5.786155880e-03 1.833337360e-05
5.938750310e-03 1.870703342e-05
6.095369000e-03 1.908830893e-05
6.219421660e-03 1.937034851e-05
6.330037040e-03 1.962054946e-05
6.528368900e-03 2.006620266e-05
6.681185260e-03 2.040707290e-05
6.798140480e-03 2.066652026e-05
6.977423190e-03 2.106188894e-05
7.161434000e-03 2.146482147e-05
7.296674900e-03 2.174121741e-05
7.417104110e-03 2.198598191e-05
7.632657680e-03 2.242096886e-05
7.798423980e-03 2.275284763e-05
8.053848010e-03 2.325989948e-05
8.317638000e-03 2.377825101e-05
8.474713300e-03 2.406114636e-05
8.614585580e-03 2.431143931e-05
8.864939890e-03 2.475573330e-05
9.057468850e-03 2.509427412e-05
9.204604640e-03 2.535121442e-05
9.429802020e-03 2.574156615e-05
9.660509000e-03 2.613792839e-05
9.857119440e-03 2.644802340e-05
1.003243330e-02 2.672237321e-05
1.034676840e-02 2.720934964e-05
1.058896640e-02 2.758039828e-05
1.077432810e-02 2.786200056e-05
1.105847230e-02 2.828980462e-05
1.135011000e-02 2.872417753e-05
7.900000000e-06 1.122018000e-02 292 10
7.900000000e-06 4.559774881e-09
7.943282000e-06 4.591990101e-09
8.175230000e-06 4.749977595e-09
8.413951000e-06 4.913400663e-09
8.659642840e-06 5.062912357e-09
8.912509000e-06 5.216973582e-09
9.172759280e-06 5.357622514e-09
9.440609000e-06 5.502063304e-09
9.716279640e-06 5.629943536e-09
1.000000000e-05 5.760796000e-09
1.029200670e-05 5.872900154e-09
1.059254000e-05 5.987185654e-09
1.090184420e-05 6.080913978e-09
1.122018000e-05 6.176109506e-09
1.154781650e-05 6.250179330e-09
1.188502000e-05 6.325137291e-09
1.205729550e-05 6.351942749e-09
1.232040210e-05 6.392364035e-09
1.258925000e-05 6.433042623e-09
1.277173390e-05 6.448925165e-09
1.305043120e-05 6.472822422e-09
1.333521000e-05 6.496808283e-09
1.352850890e-05 6.501358484e-09
1.382372350e-05 6.508189806e-09
1.412538000e-05 6.515028197e-09
1.435583380e-05 6.507689454e-09
1.470858310e-05 6.496696727e-09
1.507000000e-05 6.485722569e-09
1.532115160e-05 6.465871768e-09
1.551225830e-05 6.451023525e-09
1.580339710e-05 6.428815162e-09
1.610000000e-05 6.406683273e-09
1.636324320e-05 6.375667203e-09
1.656349630e-05 6.352503627e-09
1.686848040e-05 6.317916165e-09
1.717908000e-05 6.283516912e-09
1.750019390e-05 6.236407771e-09
1.774496220e-05 6.201307807e-09
1.811854860e-05 6.149028058e-09
1.850000000e-05 6.097188986e-09
1.886410900e-05 6.036952347e-09
1.914188590e-05 5.992165709e-09
1.956623930e-05 5.925608010e-09
2.000000000e-05 5.859789600e-09
2.039494420e-05 5.791550313e-09
2.069626220e-05 5.740892944e-09
2.092516850e-05 5.703190863e-09
2.127328360e-05 5.647101450e-09
2.162719000e-05 5.591563753e-09
2.187762090e-05 5.547816573e-09
2.232287280e-05 5.472080961e-09
2.266274840e-05 5.415958490e-09
2.292104680e-05 5.374244726e-09
2.331402470e-05 5.312275747e-09
2.371374000e-05 5.251021300e-09
2.405747520e-05 5.194089432e-09
2.436232830e-05 5.144780637e-09
2.463224200e-05 5.102019584e-09
2.511180650e-05 5.028041208e-09
2.547759710e-05 4.973262187e-09
2.575543260e-05 4.932569971e-09
2.617787680e-05 4.872155024e-09
2.660725000e-05 4.812480108e-09
2.709021760e-05 4.742308965e-09
2.755095860e-05 4.677453017e-09
2.799001760e-05 4.617456348e-09
2.840798800e-05 4.561908597e-09
2.880550200e-05 4.510439636e-09
2.918322180e-05 4.462715006e-09
2.954183110e-05 4.418431860e-09
2.988202840e-05 4.377315550e-09
3.020452060e-05 4.339116607e-09
3.081860360e-05 4.268389778e-09
3.136615900e-05 4.207450093e-09
3.185324450e-05 4.154842018e-09
3.228564510e-05 4.109349824e-09
3.266880790e-05 4.069952926e-09
3.335031730e-05 4.001915075e-09
3.387076310e-05 3.951634121e-09
3.426642050e-05 3.914338411e-09
3.486858930e-05 3.859053852e-09
3.548134000e-05 3.804550120e-09
3.620345480e-05 3.747562950e-09
3.675466920e-05 3.705383454e-09
3.717358060e-05 3.674060662e-09
3.781091680e-05 3.627572232e-09
3.845918000e-05 3.581672054e-09
3.901665400e-05 3.547987023e-09
3.986805270e-05 3.498052542e-09
4.073803000e-05 3.448820840e-09
4.132853630e-05 3.422150320e-09
4.223038340e-05 3.382530746e-09
4.315191000e-05 3.343369882e-09
4.415704380e-05 3.313205190e-09
4.518559000e-05 3.283312653e-09
4.618181300e-05 3.266457617e-09
4.720000000e-05 3.249689112e-09
4.809157940e-05 3.245504491e-09
4.900000000e-05 3.241325246e-09
4.989188320e-05 3.247561071e-09
5.080000000e-05 3.253808873e-09
5.163353660e-05 3.269173587e-09
5.248075000e-05 3.284610854e-09
5.339492790e-05 3.312030885e-09
5.432503000e-05 3.339679811e-09
5.527133800e-05 3.379504127e-09
5.623413000e-05 3.419803339e-09
5.821032000e-05 3.527506140e-09
6.025596000e-05 3.665723933e-09
6.237348000e-05 3.837057145e-09
6.456542000e-05 4.043815175e-09
6.683439000e-05 4.288630165e-09
6.918310000e-05 4.574868416e-09
7.161434000e-05 4.905565436e-09
7.500000000e-05 5.420984062e-09
7.943282000e-05 6.187857250e-09
8.511380000e-05 7.314702518e-09
9.146396060e-05 8.758299759e-09
9.653560470e-05 1.002506421e-08
1.046752000e-04 1.227688528e-08
1.135011000e-04 1.503450782e-08
1.202264500e-04 1.730796469e-08
1.273503000e-04 1.992520392e-08
1.348962860e-04 2.285307603e-08
1.428894000e-04 2.621117892e-08
1.513561090e-04 2.993773209e-08
1.603245000e-04 3.419410457e-08
1.698243490e-04 3.889976792e-08
1.798871000e-04 4.425300635e-08
1.905460600e-04 5.015815526e-08
2.018366000e-04 5.685128968e-08
2.125690090e-04 6.339522178e-08
2.238721000e-04 7.069240054e-08
2.344228790e-04 7.761620450e-08
2.454709000e-04 8.521814338e-08
2.570395930e-04 9.324309456e-08
2.691535000e-04 1.020237496e-07
2.818382930e-04 1.112223565e-07
2.951209000e-04 1.212503221e-07
3.072557200e-04 1.302523184e-07
3.198895000e-04 1.399226495e-07
3.349654460e-04 1.513209522e-07
3.507519000e-04 1.636477777e-07
3.599564940e-04 1.706876954e-07
3.742182660e-04 1.818194605e-07
3.890451000e-04 1.936772061e-07
3.992546370e-04 2.016498278e-07
4.150734900e-04 2.142283140e-07
4.315191000e-04 2.275914183e-07
4.428432400e-04 2.365495633e-07
4.603890800e-04 2.506522202e-07
4.786301000e-04 2.655956500e-07
4.926063510e-04 2.767282769e-07
5.143396500e-04 2.943082324e-07
5.370318000e-04 3.130050033e-07
5.495408880e-04 3.229374248e-07
5.688529600e-04 3.384301318e-07
5.888437000e-04 3.546660914e-07
6.025596140e-04 3.652310604e-07
6.237348370e-04 3.816715216e-07
6.456542000e-04 3.988520291e-07
6.625977920e-04 4.114296397e-07
6.888505180e-04 4.310436263e-07
7.161434000e-04 4.515926678e-07
7.362452270e-04 4.659041769e-07
7.516910280e-04 4.769346718e-07
7.754694210e-04 4.939719988e-07
8.000000000e-04 5.116179456e-07
8.239068580e-04 5.278553202e-07
8.423046850e-04 5.403706524e-07
8.706745760e-04 5.597022200e-07
9.000000000e-04 5.797253673e-07
9.240210870e-04 5.951859114e-07
9.424567130e-04 6.070513051e-07
9.708020980e-04 6.252943821e-07
1.000000000e-03 6.440857000e-07
1.026242560e-03 6.597374815e-07
1.046375440e-03 6.717254203e-07
1.077317730e-03 6.901169871e-07
1.109175000e-03 7.090120979e-07
1.138282550e-03 7.249450195e-07
1.160613400e-03 7.371292307e-07
1.194933760e-03 7.557905841e-07
1.230269000e-03 7.749243814e-07
1.262554260e-03 7.909796333e-07
1.287323010e-03 8.032390060e-07
1.325390170e-03 8.219852196e-07
1.364583000e-03 8.411689420e-07
1.404429480e-03 8.589062741e-07
1.435076070e-03 8.724542947e-07
1.482304400e-03 8.931780626e-07
1.531087000e-03 9.143940774e-07
1.575795590e-03 9.318937277e-07
1.610181700e-03 9.452378773e-07
1.636462820e-03 9.553712513e-07
1.676690960e-03 9.707753524e-07
1.717908000e-03 9.864278326e-07
1.768071950e-03 1.003407702e-06
1.806653870e-03 1.016334124e-06
1.836141830e-03 1.026138119e-06
1.881278630e-03 1.041021708e-06
1.927525000e-03 1.056121179e-06
1.983809840e-03 1.072362398e-06
2.027099450e-03 1.084707010e-06
2.060185460e-03 1.094058641e-06
2.110829750e-03 1.108237445e-06
2.162719000e-03 1.122600029e-06
2.225871400e-03 1.137855175e-06
2.274442960e-03 1.149432433e-06
2.311565920e-03 1.158192594e-06
2.368389540e-03 1.171458201e-06
2.426610000e-03 1.184875739e-06
2.497468250e-03 1.198899968e-06
2.551966510e-03 1.209526968e-06
2.593619230e-03 1.217558994e-06
2.657376470e-03 1.229707142e-06
2.722701000e-03 1.241976494e-06
2.766145060e-03 1.249058515e-06
2.843846810e-03 1.261549345e-06
2.903552180e-03 1.270999382e-06
2.949152380e-03 1.278133338e-06
3.018898950e-03 1.288909408e-06
3.090295000e-03 1.299776334e-06
3.135089590e-03 1.305234038e-06
3.215048160e-03 1.314840208e-06
3.276352560e-03 1.322091209e-06
3.323096770e-03 1.327555691e-06
3.394466490e-03 1.335794785e-06
3.467369000e-03 1.344085016e-06
3.522695130e-03 1.348980381e-06
3.571829180e-03 1.353278446e-06
3.659468540e-03 1.360833039e-06
3.726606360e-03 1.366526645e-06
3.829629630e-03 1.375111762e-06
3.935501000e-03 1.383750808e-06
3.998296770e-03 1.387567330e-06
4.054064460e-03 1.390915413e-06
4.153536100e-03 1.396794009e-06
4.229738270e-03 1.401219261e-06
4.287805960e-03 1.404547389e-06
4.376405610e-03 1.409554422e-06
4.466836000e-03 1.414579304e-06
4.538109870e-03 1.417215657e-06
4.601406810e-03 1.419526500e-06
4.714308210e-03 1.423579548e-06
4.800798500e-03 1.426626915e-06
4.866705960e-03 1.428916736e-06
4.967267520e-03 1.432358329e-06
5.069907000e-03 1.435808236e-06
5.150803610e-03 1.437212910e-06
5.222646300e-03 1.438443124e-06
5.350790590e-03 1.440598528e-06
5.448957990e-03 1.442217201e-06
5.523763650e-03 1.443432394e-06
5.637902100e-03 1.445257115e-06
5.754399000e-03 1.447084140e-06
5.846217650e-03 1.447247784e-06
5.927760000e-03 1.447390988e-06
6.073205370e-03 1.447641634e-06
6.184626600e-03 1.447829645e-06
6.269531970e-03 1.447970668e-06
6.399080550e-03 1.448182233e-06
6.531306000e-03 1.448393823e-06
6.635520960e-03 1.447324862e-06
6.728072220e-03 1.446390163e-06
6.893153950e-03 1.444755899e-06
7.019617980e-03 1.443531408e-06
7.115986290e-03 1.442613723e-06
7.263025010e-03 1.441238288e-06
7.413102000e-03 1.439864167e-06
7.574866460e-03 1.436880569e-06
7.719303390e-03 1.434274987e-06
7.847943160e-03 1.431998989e-06
7.962260270e-03 1.430010446e-06
8.063652910e-03 1.428272739e-06
8.244206720e-03 1.425236830e-06
8.382270250e-03 1.422964138e-06
8.593712810e-03 1.419561889e-06
8.810489000e-03 1.416167771e-06
8.925344970e-03 1.413318371e-06
9.129957510e-03 1.408345703e-06
9.286489350e-03 1.404627686e-06
9.405646920e-03 1.401845618e-06
9.587256160e-03 1.397682840e-06
9.772372000e-03 1.393532433e-06
9.999999160e-03 1.386412421e-06
1.017419240e-02 1.381096305e-06
1.030682570e-02 1.377122588e-06
1.050902450e-02 1.371183433e-06
1.071519000e-02 1.365269917e-06
1.096477820e-02 1.356137929e-06
1.122018000e-02 1.347067053e-06
7.900000000e-06 1.114000000e-02 291 11
7.900000000e-06 8.635036531e-09
8.000000000e-06 8.761323520e-09
8.251729520e-06 9.045773427e-09
8.511380000e-06 9.339458414e-09
8.759916800e-06 9.586459406e-09
9.015711000e-06 9.839992859e-09
9.278974780e-06 1.006603206e-08
9.549926000e-06 1.029726362e-08
9.828786600e-06 1.049794013e-08
1.011579000e-05 1.070252747e-08
1.041117730e-05 1.087330441e-08
1.071519000e-05 1.104680637e-08
1.102808170e-05 1.118369474e-08
1.135011000e-05 1.132227943e-08
1.151463080e-05 1.137234962e-08
1.176589400e-05 1.144787012e-08
1.202264000e-05 1.152389221e-08
1.219691170e-05 1.155476364e-08
1.246306690e-05 1.160122548e-08
1.273503000e-05 1.164787440e-08
1.292210970e-05 1.165969961e-08
1.320789470e-05 1.167745999e-08
1.350000000e-05 1.169524740e-08
1.369305430e-05 1.168844103e-08
1.398782450e-05 1.167823926e-08
1.428894000e-05 1.166804614e-08
1.449606050e-05 1.164295344e-08
1.481238400e-05 1.160541571e-08
1.513561000e-05 1.156799901e-08
1.537115200e-05 1.152224732e-08
1.573135560e-05 1.145395891e-08
1.610000000e-05 1.138607523e-08
1.639196190e-05 1.131215575e-08
1.661440260e-05 1.125703113e-08
1.695373600e-05 1.117484736e-08
1.730000000e-05 1.109326385e-08
1.762116310e-05 1.099760255e-08
1.786594210e-05 1.092639834e-08
1.823950070e-05 1.082045544e-08
1.862087000e-05 1.071553994e-08
1.899984060e-05 1.059328528e-08
1.928912160e-05 1.050251055e-08
1.950896910e-05 1.043494040e-08
1.984344730e-05 1.033439928e-08
2.018366000e-05 1.023482696e-08
2.059443880e-05 1.009974719e-08
2.090800000e-05 9.999608492e-09
2.114630000e-05 9.925156673e-09
2.150885210e-05 9.814517042e-09
2.187762000e-05 9.705110715e-09
2.216282230e-05 9.612998852e-09
2.241542260e-05 9.533118461e-09
2.286442030e-05 9.394921616e-09
2.320706100e-05 9.292590368e-09
2.346740700e-05 9.216574052e-09
2.386341230e-05 9.103713899e-09
2.426610000e-05 8.992235813e-09
2.470414000e-05 8.863368707e-09
2.509390670e-05 8.752125954e-09
2.543999370e-05 8.655934388e-09
2.574673300e-05 8.572634386e-09
2.601816230e-05 8.500404749e-09
2.650006710e-05 8.375464292e-09
2.686734420e-05 8.282965518e-09
2.742782600e-05 8.146129252e-09
2.800000000e-05 8.011553626e-09
2.829506230e-05 7.942984713e-09
2.885671030e-05 7.815995750e-09
2.935729020e-05 7.706547052e-09
2.980241560e-05 7.612037295e-09
3.019743340e-05 7.530292648e-09
3.054736650e-05 7.459486432e-09
3.116953520e-05 7.337173875e-09
3.164446360e-05 7.246757398e-09
3.200540280e-05 7.179676963e-09
3.255454540e-05 7.080218821e-09
3.311311000e-05 6.982138496e-09
3.378702630e-05 6.877662513e-09
3.430144910e-05 6.800332704e-09
3.469239970e-05 6.742906483e-09
3.528719600e-05 6.657675100e-09
3.589219000e-05 6.573521116e-09
3.641245580e-05 6.511663792e-09
3.720702860e-05 6.419967555e-09
3.801894000e-05 6.329562510e-09
3.857003160e-05 6.280403593e-09
3.941168290e-05 6.207380131e-09
4.027170000e-05 6.135205750e-09
4.074535310e-05 6.106526229e-09
4.146629840e-05 6.063758122e-09
4.220000000e-05 6.021289577e-09
4.316743090e-05 5.988184766e-09
4.415704000e-05 5.955261983e-09
4.492623060e-05 5.946806481e-09
4.570882000e-05 5.938362998e-09
4.650504020e-05 5.946149906e-09
4.731513000e-05 5.953947043e-09
4.815019600e-05 5.980314108e-09
4.900000000e-05 6.006797934e-09
4.989188320e-05 6.055626801e-09
5.080000000e-05 6.104852554e-09
5.163353660e-05 6.169583005e-09
5.248075000e-05 6.234999821e-09
5.339492790e-05 6.326889074e-09
5.432503000e-05 6.420132524e-09
5.623413000e-05 6.658588528e-09
5.821032000e-05 6.956006529e-09
6.025596000e-05 7.317378370e-09
6.237348000e-05 7.747097003e-09
6.500000000e-05 8.357256180e-09
6.760830000e-05 9.046262981e-09
7.079458000e-05 9.994944814e-09
7.500000000e-05 1.141804687e-08
8.035261000e-05 1.349450669e-08
8.570542760e-05 1.585325688e-08
9.441061640e-05 2.018648593e-08
1.040000000e-04 2.570413228e-08
1.099048210e-04 2.941244756e-08
1.161449000e-04 3.365575799e-08
1.230269080e-04 3.858585760e-08
1.303167000e-04 4.423814812e-08
1.374624370e-04 5.003132849e-08
1.450000000e-04 5.658315070e-08
1.533500740e-04 6.412904115e-08
1.621810000e-04 7.268124519e-08
1.721962610e-04 8.276209143e-08
1.828300000e-04 9.424114452e-08
1.943227800e-04 1.071378832e-07
2.065380000e-04 1.217995166e-07
2.175204120e-04 1.353027817e-07
2.290868000e-04 1.503030803e-07
2.398832900e-04 1.644745191e-07
2.511886000e-04 1.799821216e-07
2.630267910e-04 1.962845915e-07
2.754229000e-04 2.140637096e-07
2.874489000e-04 2.312514447e-07
3.000000000e-04 2.498192280e-07
3.151814240e-04 2.717332458e-07
3.311311000e-04 2.955695511e-07
3.398208170e-04 3.082691015e-07
3.532848310e-04 3.283488143e-07
3.672823000e-04 3.497364551e-07
3.769207150e-04 3.640742188e-07
3.918546600e-04 3.866904609e-07
4.073803000e-04 4.107116180e-07
4.180709660e-04 4.268361361e-07
4.346352870e-04 4.522176036e-07
4.518559000e-04 4.791083608e-07
4.650503410e-04 4.990890577e-07
4.855679130e-04 5.306332916e-07
5.069907000e-04 5.641712346e-07
5.202954050e-04 5.843776768e-07
5.409099690e-04 6.160523714e-07
5.623413000e-04 6.494439134e-07
5.754399180e-04 6.688943150e-07
5.956621330e-04 6.991675837e-07
6.165950000e-04 7.308109823e-07
6.327759900e-04 7.538421708e-07
6.578471250e-04 7.897569781e-07
6.839116000e-04 8.273828524e-07
7.018591750e-04 8.518324966e-07
7.156282730e-04 8.706427147e-07
7.367900500e-04 8.996397107e-07
7.585776000e-04 9.296024621e-07
7.829788250e-04 9.612460040e-07
8.017934780e-04 9.856835529e-07
8.308665440e-04 1.023509673e-06
8.609938000e-04 1.062787388e-06
8.835884290e-04 1.090403515e-06
9.009226740e-04 1.111585522e-06
9.275637380e-04 1.144132546e-06
9.549926000e-04 1.177632535e-06
9.800540650e-04 1.206090764e-06
9.992808280e-04 1.227884854e-06
1.028830510e-03 1.261316594e-06
1.059254000e-03 1.295658597e-06
1.087051520e-03 1.324611688e-06
1.108377350e-03 1.346750339e-06
1.141153070e-03 1.380653937e-06
1.174898000e-03 1.415411071e-06
1.205730220e-03 1.444622966e-06
1.229384210e-03 1.466926842e-06
1.265738100e-03 1.501029956e-06
1.303167000e-03 1.535925913e-06
1.341220070e-03 1.568271202e-06
1.370487320e-03 1.592976413e-06
1.415590000e-03 1.630765857e-06
1.462177000e-03 1.669451765e-06
1.504873440e-03 1.701438129e-06
1.537711990e-03 1.725829470e-06
1.562810310e-03 1.744352165e-06
1.601227960e-03 1.772509605e-06
1.640590000e-03 1.801121562e-06
1.688496040e-03 1.832108976e-06
1.725341370e-03 1.855698895e-06
1.753502060e-03 1.873590481e-06
1.796607220e-03 1.900751757e-06
1.840772000e-03 1.928306802e-06
1.889078500e-03 1.954888362e-06
1.926138480e-03 1.975064694e-06
1.983096100e-03 2.005720337e-06
2.041738000e-03 2.036851796e-06
2.101357900e-03 2.064108548e-06
2.147212560e-03 2.084790215e-06
2.182259020e-03 2.100437339e-06
2.235904150e-03 2.124128480e-06
2.290868000e-03 2.148086842e-06
2.357762520e-03 2.172928003e-06
2.409212210e-03 2.191747223e-06
2.448534920e-03 2.205968507e-06
2.508725650e-03 2.227473644e-06
2.570396000e-03 2.249188428e-06
2.611409820e-03 2.261250467e-06
2.684764990e-03 2.282514899e-06
2.741130470e-03 2.298594339e-06
2.784179820e-03 2.310728226e-06
2.850024810e-03 2.329049242e-06
2.917427000e-03 2.347515515e-06
2.963978140e-03 2.357950566e-06
3.047237060e-03 2.376323632e-06
3.111212500e-03 2.390197315e-06
3.160073980e-03 2.400655704e-06
3.234808770e-03 2.416429164e-06
3.311311000e-03 2.432306253e-06
3.364147090e-03 2.440842496e-06
3.411069780e-03 2.448336261e-06
3.494764800e-03 2.461505780e-06
3.558880980e-03 2.471429382e-06
3.657267530e-03 2.486389855e-06
3.758374000e-03 2.501440881e-06
3.818343490e-03 2.507874657e-06
3.871601220e-03 2.513517780e-06
3.966595910e-03 2.523423833e-06
4.039368420e-03 2.530878979e-06
4.094822640e-03 2.536484800e-06
4.179434650e-03 2.544916807e-06
4.265795000e-03 2.553376837e-06
4.333861100e-03 2.557588966e-06
4.394309270e-03 2.561280279e-06
4.502129390e-03 2.567752889e-06
4.584727070e-03 2.572618071e-06
4.647668280e-03 2.576273020e-06
4.743703940e-03 2.581765163e-06
4.841724000e-03 2.587269024e-06
4.918979680e-03 2.589195233e-06
4.987588940e-03 2.590881830e-06
5.109965830e-03 2.593836045e-06
5.203715000e-03 2.596053917e-06
5.275153880e-03 2.597718556e-06
5.384155290e-03 2.600217529e-06
5.495409000e-03 2.602718901e-06
5.583094970e-03 2.602347995e-06
5.660967170e-03 2.602023496e-06
5.799866160e-03 2.601455716e-06
5.906272400e-03 2.601029962e-06
5.987356240e-03 2.600710689e-06
6.111073930e-03 2.600231887e-06
6.237348000e-03 2.599753135e-06
6.336872660e-03 2.597117264e-06
6.425258570e-03 2.594813095e-06
6.582910640e-03 2.590785688e-06
6.703683050e-03 2.587769239e-06
6.795714220e-03 2.585509206e-06
6.936135340e-03 2.582122858e-06
7.079458000e-03 2.578740951e-06
7.223538820e-03 2.572506014e-06
7.352012920e-03 2.567062797e-06
7.466300780e-03 2.562309447e-06
7.567759100e-03 2.558157484e-06
7.748639890e-03 2.550907714e-06
7.887132060e-03 2.545483882e-06
7.992623190e-03 2.541423578e-06
8.153511300e-03 2.535345269e-06
8.317638000e-03 2.529281483e-06
8.438203860e-03 2.523240763e-06
8.545131730e-03 2.517966974e-06
8.735526230e-03 2.508764349e-06
8.881100900e-03 2.501884458e-06
8.991871740e-03 2.496736928e-06
9.160623870e-03 2.489035473e-06
9.332543000e-03 2.481357785e-06
9.454204480e-03 2.473811310e-06
9.670940830e-03 2.460660160e-06
9.836747610e-03 2.450842691e-06
9.962965590e-03 2.443505316e-06
1.015533570e-02 2.432540445e-06
1.035142000e-02 2.421624711e-06
1.054317090e-02 2.408148663e-06
1.068931160e-02 2.398090921e-06
1.091232940e-02 2.383082983e-06
1.114000000e-02 2.368168946e-06
